rank,cp,ivs,maxlevel,stat-product,stats
1,993,15 15 15,41,939607,104.18 85.89 105
2,985,14 15 15,41,932434,103.39 85.89 105
3,988,15 14 15,41,930907,104.18 85.1 105
4,989,15 15 14,41,930658,104.18 85.89 104
5,985,15 15 13,41,930658,104.18 85.89 104
6,977,13 15 15,41,925262,102.59 85.89 105
7,980,14 14 15,41,923800,103.39 85.1 105
8,981,14 15 14,41,923554,103.39 85.89 104
9,978,14 15 13,41,923554,103.39 85.89 104
10,983,15 13 15,41,922207,104.18 84.3 105
11,984,15 14 14,41,922041,104.18 85.1 104
12,980,15 14 13,41,922041,104.18 85.1 104
13,981,15 15 12,41,921709,104.18 85.89 103
14,970,12 15 15,41,918089,101.8 85.89 105
15,973,13 14 15,41,916694,102.59 85.1 105
16,974,13 15 14,41,916449,102.59 85.89 104
17,970,13 15 13,41,916449,102.59 85.89 104
18,976,14 13 15,41,915167,103.39 84.3 105
19,977,14 14 14,41,915002,103.39 85.1 104
20,973,14 14 13,41,915002,103.39 85.1 104
21,974,14 15 12,41,914673,103.39 85.89 103
22,979,15 12 15,41,913506,104.18 83.51 105
23,980,15 13 14,41,913424,104.18 84.3 104
24,976,15 13 13,41,913424,104.18 84.3 104
25,977,15 14 12,41,913175,104.18 85.1 103
26,978,15 15 11,41,912761,104.18 85.89 102
27,962,11 15 15,41,910916,101 85.89 105
28,965,12 14 15,41,909588,101.8 85.1 105
29,966,12 15 14,41,909345,101.8 85.89 104
30,962,12 15 13,41,909345,101.8 85.89 104
31,968,13 13 15,41,908127,102.59 84.3 105
32,969,13 14 14,41,907964,102.59 85.1 104
33,966,13 14 13,41,907964,102.59 85.1 104
34,966,13 15 12,41,907637,102.59 85.89 103
35,971,14 12 15,41,906533,103.39 83.51 105
36,972,14 13 14,41,906451,103.39 84.3 104
37,968,14 13 13,41,906451,103.39 84.3 104
38,969,14 14 12,41,906204,103.39 85.1 103
39,970,14 15 11,41,905793,103.39 85.89 102
40,974,15 11 15,41,904806,104.18 82.71 105
41,975,15 12 14,41,904806,104.18 83.51 104
42,971,15 12 13,41,904806,104.18 83.51 104
43,972,15 13 12,41,904641,104.18 84.3 103
44,973,15 14 11,41,904309,104.18 85.1 102
45,974,15 15 10,41,903812,104.18 85.89 101
46,970,15 15 9,41,903812,104.18 85.89 101
47,955,10 15 15,41,903744,100.21 85.89 105
48,958,11 14 15,41,902482,101 85.1 105
49,959,11 15 14,41,902241,101 85.89 104
50,955,11 15 13,41,902241,101 85.89 104
51,961,12 13 15,41,901087,101.8 84.3 105
52,962,12 14 14,41,900925,101.8 85.1 104
53,958,12 14 13,41,900925,101.8 85.1 104
54,959,12 15 12,41,900602,101.8 85.89 103
55,964,13 12 15,41,899560,102.59 83.51 105
56,965,13 13 14,41,899478,102.59 84.3 104
57,961,13 13 13,41,899478,102.59 84.3 104
58,962,13 14 12,41,899233,102.59 85.1 103
59,963,13 15 11,41,898825,102.59 85.89 102
60,967,14 11 15,41,897899,103.39 82.71 105
61,968,14 12 14,41,897899,103.39 83.51 104
62,964,14 12 13,41,897899,103.39 83.51 104
63,965,14 13 12,41,897735,103.39 84.3 103
64,966,14 14 11,41,897406,103.39 85.1 102
65,966,14 15 10,41,896913,103.39 85.89 101
66,962,14 15 9,41,896913,103.39 85.89 101
67,947,9 15 15,41,896571,99.41 85.89 105
68,970,15 11 14,41,896189,104.18 82.71 104
69,967,15 11 13,41,896189,104.18 82.71 104
70,969,15 10 15,41,896106,104.18 81.92 105
71,968,15 12 12,41,896106,104.18 83.51 103
72,968,15 13 11,41,895858,104.18 84.3 102
73,969,15 14 10,41,895443,104.18 85.1 101
74,965,15 14 9,41,895443,104.18 85.1 101
75,950,10 14 15,41,895376,100.21 85.1 105
76,951,10 15 14,41,895137,100.21 85.89 104
77,947,10 15 13,41,895137,100.21 85.89 104
78,966,15 15 8,41,894863,104.18 85.89 100
79,953,11 13 15,41,894048,101 84.3 105
80,954,11 14 14,41,893887,101 85.1 104
81,951,11 14 13,41,893887,101 85.1 104
82,951,11 15 12,41,893566,101 85.89 103
83,956,12 12 15,41,892586,101.8 83.51 105
84,957,12 13 14,41,892505,101.8 84.3 104
85,954,12 13 13,41,892505,101.8 84.3 104
86,954,12 14 12,41,892263,101.8 85.1 103
87,955,12 15 11,41,891858,101.8 85.89 102
88,959,13 11 15,41,890993,102.59 82.71 105
89,960,13 12 14,41,890993,102.59 83.51 104
90,956,13 12 13,41,890993,102.59 83.51 104
91,957,13 13 12,41,890829,102.59 84.3 103
92,958,13 14 11,41,890503,102.59 85.1 102
93,959,13 15 10,41,890013,102.59 85.89 101
94,955,13 15 9,41,890013,102.59 85.89 101
95,939,8 15 15,41,889399,98.62 85.89 105
96,963,14 11 14,41,889348,103.39 82.71 104
97,959,14 11 13,41,889348,103.39 82.71 104
98,962,14 10 15,41,889266,103.39 81.92 105
99,960,14 12 12,41,889266,103.39 83.51 103
100,961,14 13 11,41,889019,103.39 84.3 102
101,962,14 14 10,41,888608,103.39 85.1 101
102,958,14 14 9,41,888608,103.39 85.1 101
103,943,9 14 15,41,888270,99.41 85.1 105
104,943,9 15 14,41,888032,99.41 85.89 104
105,940,9 15 13,41,888032,99.41 85.89 104
106,959,14 15 8,41,888032,103.39 85.89 100
107,966,15 10 14,41,887572,104.18 81.92 104
108,962,15 10 13,41,887572,104.18 81.92 104
109,963,15 11 12,41,887572,104.18 82.71 103
110,965,15 9 15,41,887406,104.18 81.12 105
111,964,15 12 11,41,887406,104.18 83.51 102
112,965,15 13 10,41,887075,104.18 84.3 101
113,961,15 13 9,41,887075,104.18 84.3 101
114,946,10 13 15,41,887008,100.21 84.3 105
115,947,10 14 14,41,886848,100.21 85.1 104
116,943,10 14 13,41,886848,100.21 85.1 104
117,962,15 14 8,41,886578,104.18 85.1 100
118,944,10 15 12,41,886530,100.21 85.89 103
119,962,15 15 7,41,885915,104.18 85.89 99
120,949,11 12 15,41,885613,101 83.51 105
121,950,11 13 14,41,885533,101 84.3 104
122,946,11 13 13,41,885533,101 84.3 104
123,947,11 14 12,41,885292,101 85.1 103
124,948,11 15 11,41,884890,101 85.89 102
125,952,12 11 15,41,884086,101.8 82.71 105
126,953,12 12 14,41,884086,101.8 83.51 104
127,949,12 12 13,41,884086,101.8 83.51 104
128,950,12 13 12,41,883924,101.8 84.3 103
129,951,12 14 11,41,883600,101.8 85.1 102
130,951,12 15 10,41,883114,101.8 85.89 101
131,948,12 15 9,41,883114,101.8 85.89 101
132,955,13 11 14,41,882507,102.59 82.71 104
133,952,13 11 13,41,882507,102.59 82.71 104
134,954,13 10 15,41,882425,102.59 81.92 105
135,953,13 12 12,41,882425,102.59 83.51 103
136,932,7 15 15,41,882226,97.82 85.89 105
137,954,13 13 11,41,882181,102.59 84.3 102
138,954,13 14 10,41,881773,102.59 85.1 101
139,951,13 14 9,41,881773,102.59 85.1 101
140,951,13 15 8,41,881201,102.59 85.89 100
141,935,8 14 15,41,881163,98.62 85.1 105
142,936,8 15 14,41,880928,98.62 85.89 104
143,932,8 15 13,41,880928,98.62 85.89 104
144,958,14 10 14,41,880797,103.39 81.92 104
145,955,14 10 13,41,880797,103.39 81.92 104
146,956,14 11 12,41,880797,103.39 82.71 103
147,957,14 9 15,41,880632,103.39 81.12 105
148,956,14 12 11,41,880632,103.39 83.51 102
149,957,14 13 10,41,880303,103.39 84.3 101
150,954,14 13 9,41,880303,103.39 84.3 101
151,938,9 13 15,41,879968,99.41 84.3 105
152,939,9 14 14,41,879810,99.41 85.1 104
153,936,9 14 13,41,879810,99.41 85.1 104
154,954,14 14 8,41,879810,103.39 85.1 100
155,936,9 15 12,41,879494,99.41 85.89 103
156,955,14 15 7,41,879152,103.39 85.89 99
157,958,15 10 12,41,879038,104.18 81.92 103
158,961,15 9 14,41,878955,104.18 81.12 104
159,957,15 9 13,41,878955,104.18 81.12 104
160,959,15 11 11,41,878955,104.18 82.71 102
161,960,15 8 15,41,878706,104.18 80.33 105
162,960,15 12 10,41,878706,104.18 83.51 101
163,956,15 12 9,41,878706,104.18 83.51 101
164,941,10 12 15,41,878640,100.21 83.51 105
165,942,10 13 14,41,878560,100.21 84.3 104
166,939,10 13 13,41,878560,100.21 84.3 104
167,939,10 14 12,41,878321,100.21 85.1 103
168,957,15 13 8,41,878292,104.18 84.3 100
169,940,10 15 11,41,877923,100.21 85.89 102
170,958,15 14 7,41,877712,104.18 85.1 99
171,944,11 11 15,41,877179,101 82.71 105
172,945,11 12 14,41,877179,101 83.51 104
173,942,11 12 13,41,877179,101 83.51 104
174,942,11 13 12,41,877018,101 84.3 103
175,958,15 15 6,41,876966,104.18 85.89 98
176,943,11 14 11,41,876697,101 85.1 102
177,944,11 15 10,41,876215,101 85.89 101
178,940,11 15 9,41,876215,101 85.89 101
179,948,12 11 14,41,875666,101.8 82.71 104
180,944,12 11 13,41,875666,101.8 82.71 104
181,947,12 10 15,41,875585,101.8 81.92 105
182,945,12 12 12,41,875585,101.8 83.51 103
183,946,12 13 11,41,875342,101.8 84.3 102
184,924,6 15 15,41,875053,97.03 85.89 105
185,947,12 14 10,41,874937,101.8 85.1 101
186,943,12 14 9,41,874937,101.8 85.1 101
187,944,12 15 8,41,874370,101.8 85.89 100
188,928,7 14 15,41,874057,97.82 85.1 105
189,951,13 10 14,41,874021,102.59 81.92 104
190,947,13 10 13,41,874021,102.59 81.92 104
191,948,13 11 12,41,874021,102.59 82.71 103
192,950,13 9 15,41,873858,102.59 81.12 105
193,949,13 12 11,41,873858,102.59 83.51 102
194,928,7 15 14,41,873824,97.82 85.89 104
195,925,7 15 13,41,873824,97.82 85.89 104
196,950,13 13 10,41,873532,102.59 84.3 101
197,946,13 13 9,41,873532,102.59 84.3 101
198,947,13 14 8,41,873042,102.59 85.1 100
199,931,8 13 15,41,872928,98.62 84.3 105
200,932,8 14 14,41,872771,98.62 85.1 104
201,928,8 14 13,41,872771,98.62 85.1 104
202,929,8 15 12,41,872458,98.62 85.89 103
203,948,13 15 7,41,872389,102.59 85.89 99
204,951,14 10 12,41,872327,103.39 81.92 103
205,954,14 9 14,41,872245,103.39 81.12 104
206,950,14 9 13,41,872245,103.39 81.12 104
207,952,14 11 11,41,872245,103.39 82.71 102
208,952,14 8 15,41,871999,103.39 80.33 105
209,953,14 12 10,41,871999,103.39 83.51 101
210,949,14 12 9,41,871999,103.39 83.51 101
211,934,9 12 15,41,871666,99.41 83.51 105
212,935,9 13 14,41,871587,99.41 84.3 104
213,931,9 13 13,41,871587,99.41 84.3 104
214,950,14 13 8,41,871587,103.39 84.3 100
215,932,9 14 12,41,871350,99.41 85.1 103
216,950,14 14 7,41,871012,103.39 85.1 99
217,933,9 15 11,41,870955,99.41 85.89 102
218,954,15 9 12,41,870503,104.18 81.12 103
219,955,15 10 11,41,870503,104.18 81.92 102
220,956,15 8 14,41,870338,104.18 80.33 104
221,953,15 8 13,41,870338,104.18 80.33 104
222,955,15 11 10,41,870338,104.18 82.71 101
223,952,15 11 9,41,870338,104.18 82.71 101
224,937,10 11 15,41,870272,100.21 82.71 105
225,938,10 12 14,41,870272,100.21 83.51 104
226,934,10 12 13,41,870272,100.21 83.51 104
227,951,14 15 6,41,870272,103.39 85.89 98
228,935,10 13 12,41,870112,100.21 84.3 103
229,955,15 7 15,41,870006,104.18 79.53 105
230,953,15 12 8,41,870006,104.18 83.51 100
231,936,10 14 11,41,869794,100.21 85.1 102
232,953,15 13 7,41,869509,104.18 84.3 99
233,937,10 15 10,41,869315,100.21 85.89 101
234,933,10 15 9,41,869315,100.21 85.89 101
235,954,15 14 6,41,868846,104.18 85.1 98
236,941,11 11 14,41,868825,101 82.71 104
237,937,11 11 13,41,868825,101 82.71 104
238,940,11 10 15,41,868744,101 81.92 105
239,938,11 12 12,41,868744,101 83.51 103
240,939,11 13 11,41,868503,101 84.3 102
241,940,11 14 10,41,868102,101 85.1 101
242,936,11 14 9,41,868102,101 85.1 101
243,954,15 15 5,41,868018,104.18 85.89 97
244,951,15 15 4,41,868018,104.18 85.89 97
245,917,5 15 15,41,867881,96.23 85.89 105
246,937,11 15 8,41,867539,101 85.89 100
247,944,12 10 14,41,867246,101.8 81.92 104
248,940,12 10 13,41,867246,101.8 81.92 104
249,941,12 11 12,41,867246,101.8 82.71 103
250,942,12 9 15,41,867084,101.8 81.12 105
251,942,12 12 11,41,867084,101.8 83.51 102
252,920,6 14 15,41,866951,97.03 85.1 105
253,943,12 13 10,41,866760,101.8 84.3 101
254,939,12 13 9,41,866760,101.8 84.3 101
255,921,6 15 14,41,866720,97.03 85.89 104
256,917,6 15 13,41,866720,97.03 85.89 104
257,940,12 14 8,41,866274,101.8 85.1 100
258,923,7 13 15,41,865889,97.82 84.3 105
259,924,7 14 14,41,865733,97.82 85.1 104
260,921,7 14 13,41,865733,97.82 85.1 104
261,940,12 15 7,41,865627,101.8 85.89 99
262,944,13 10 12,41,865617,102.59 81.92 103
263,946,13 9 14,41,865536,102.59 81.12 104
264,943,13 9 13,41,865536,102.59 81.12 104
265,945,13 11 11,41,865536,102.59 82.71 102
266,921,7 15 12,41,865422,97.82 85.89 103
267,945,13 8 15,41,865291,102.59 80.33 105
268,945,13 12 10,41,865291,102.59 83.51 101
269,942,13 12 9,41,865291,102.59 83.51 101
270,942,13 13 8,41,864883,102.59 84.3 100
271,926,8 12 15,41,864693,98.62 83.51 105
272,927,8 13 14,41,864615,98.62 84.3 104
273,924,8 13 13,41,864615,98.62 84.3 104
274,925,8 14 12,41,864379,98.62 85.1 103
275,943,13 14 7,41,864312,102.59 85.1 99
276,925,8 15 11,41,863987,98.62 85.89 102
277,946,14 9 12,41,863858,103.39 81.12 103
278,947,14 10 11,41,863858,103.39 81.92 102
279,949,14 8 14,41,863694,103.39 80.33 104
280,945,14 8 13,41,863694,103.39 80.33 104
281,948,14 11 10,41,863694,103.39 82.71 101
282,944,14 11 9,41,863694,103.39 82.71 101
283,944,13 15 6,41,863577,102.59 85.89 98
284,948,14 7 15,41,863365,103.39 79.53 105
285,929,9 11 15,41,863365,99.41 82.71 105
286,930,9 12 14,41,863365,99.41 83.51 104
287,927,9 12 13,41,863365,99.41 83.51 104
288,945,14 12 8,41,863365,103.39 83.51 100
289,928,9 13 12,41,863207,99.41 84.3 103
290,928,9 14 11,41,862890,99.41 85.1 102
291,946,14 13 7,41,862872,103.39 84.3 99
292,929,9 15 10,41,862416,99.41 85.89 101
293,925,9 15 9,41,862416,99.41 85.89 101
294,947,14 14 6,41,862214,103.39 85.1 98
295,950,15 9 11,41,862052,104.18 81.12 102
296,933,10 11 14,41,861983,100.21 82.71 104
297,930,10 11 13,41,861983,100.21 82.71 104
298,949,15 8 12,41,861969,104.18 80.33 103
299,951,15 10 10,41,861969,104.18 81.92 101
300,947,15 10 9,41,861969,104.18 81.92 101
301,932,10 10 15,41,861904,100.21 81.92 105
302,931,10 12 12,41,861904,100.21 83.51 103
303,951,15 7 14,41,861720,104.18 79.53 104
304,948,15 7 13,41,861720,104.18 79.53 104
305,948,15 11 8,41,861720,104.18 82.71 100
306,931,10 13 11,41,861665,100.21 84.3 102
307,947,14 15 5,41,861391,103.39 85.89 97
308,943,14 15 4,41,861391,103.39 85.89 97
309,950,15 6 15,41,861306,104.18 78.73 105
310,949,15 12 7,41,861306,104.18 83.51 99
311,932,10 14 10,41,861266,100.21 85.1 101
312,929,10 14 9,41,861266,100.21 85.1 101
313,949,15 13 6,41,860726,104.18 84.3 98
314,909,4 15 15,41,860708,95.44 85.89 105
315,929,10 15 8,41,860708,100.21 85.89 100
316,936,11 10 14,41,860471,101 81.92 104
317,933,11 10 13,41,860471,101 81.92 104
318,934,11 11 12,41,860471,101 82.71 103
319,935,11 9 15,41,860310,101 81.12 105
320,934,11 12 11,41,860310,101 83.51 102
321,935,11 13 10,41,859989,101 84.3 101
322,932,11 13 9,41,859989,101 84.3 101
323,950,15 14 5,41,859980,104.18 85.1 97
324,946,15 14 4,41,859980,104.18 85.1 97
325,912,5 14 15,41,859845,96.23 85.1 105
326,913,5 15 14,41,859615,96.23 85.89 104
327,910,5 15 13,41,859615,96.23 85.89 104
328,932,11 14 8,41,859507,101 85.1 100
329,947,15 15 3,41,859069,104.18 85.89 96
330,936,12 10 12,41,858907,101.8 81.92 103
331,933,11 15 7,41,858864,101 85.89 99
332,916,6 13 15,41,858849,97.03 84.3 105
333,939,12 9 14,41,858826,101.8 81.12 104
334,935,12 9 13,41,858826,101.8 81.12 104
335,937,12 11 11,41,858826,101.8 82.71 102
336,917,6 14 14,41,858694,97.03 85.1 104
337,913,6 14 13,41,858694,97.03 85.1 104
338,938,12 8 15,41,858583,101.8 80.33 105
339,938,12 12 10,41,858583,101.8 83.51 101
340,934,12 12 9,41,858583,101.8 83.51 101
341,914,6 15 12,41,858386,97.03 85.89 103
342,935,12 13 8,41,858178,101.8 84.3 100
343,919,7 12 15,41,857720,97.82 83.51 105
344,920,7 13 14,41,857642,97.82 84.3 104
345,916,7 13 13,41,857642,97.82 84.3 104
346,936,12 14 7,41,857612,101.8 85.1 99
347,917,7 14 12,41,857409,97.82 85.1 103
348,939,13 9 12,41,857213,102.59 81.12 103
349,940,13 10 11,41,857213,102.59 81.92 102
350,942,13 8 14,41,857050,102.59 80.33 104
351,938,13 8 13,41,857050,102.59 80.33 104
352,941,13 11 10,41,857050,102.59 82.71 101
353,937,13 11 9,41,857050,102.59 82.71 101
354,918,7 15 11,41,857020,97.82 85.89 102
355,936,12 15 6,41,856883,101.8 85.89 98
356,940,13 7 15,41,856724,102.59 79.53 105
357,938,13 12 8,41,856724,102.59 83.51 100
358,922,8 11 15,41,856458,98.62 82.71 105
359,923,8 12 14,41,856458,98.62 83.51 104
360,919,8 12 13,41,856458,98.62 83.51 104
361,920,8 13 12,41,856301,98.62 84.3 103
362,939,13 13 7,41,856234,102.59 84.3 99
363,921,8 14 11,41,855987,98.62 85.1 102
364,939,13 14 6,41,855581,102.59 85.1 98
365,922,8 15 10,41,855517,98.62 85.89 101
366,918,8 15 9,41,855517,98.62 85.89 101
367,943,14 9 11,41,855471,103.39 81.12 102
368,942,14 8 12,41,855389,103.39 80.33 103
369,944,14 10 10,41,855389,103.39 81.92 101
370,940,14 10 9,41,855389,103.39 81.92 101
371,944,14 7 14,41,855142,103.39 79.53 104
372,941,14 7 13,41,855142,103.39 79.53 104
373,926,9 11 14,41,855142,99.41 82.71 104
374,922,9 11 13,41,855142,99.41 82.71 104
375,941,14 11 8,41,855142,103.39 82.71 100
376,925,9 10 15,41,855063,99.41 81.92 105
377,923,9 12 12,41,855063,99.41 83.51 103
378,924,9 13 11,41,854826,99.41 84.3 102
379,940,13 15 5,41,854765,102.59 85.89 97
380,936,13 15 4,41,854765,102.59 85.89 97
381,943,14 6 15,41,854731,103.39 78.73 105
382,942,14 12 7,41,854731,103.39 83.51 99
383,925,9 14 10,41,854431,99.41 85.1 101
384,921,9 14 9,41,854431,99.41 85.1 101
385,942,14 13 6,41,854156,103.39 84.3 98
386,922,9 15 8,41,853877,99.41 85.89 100
387,929,10 10 14,41,853695,100.21 81.92 104
388,925,10 10 13,41,853695,100.21 81.92 104
389,926,10 11 12,41,853695,100.21 82.71 103
390,945,15 8 11,41,853600,104.18 80.33 102
391,946,15 9 10,41,853600,104.18 81.12 101
392,943,15 9 9,41,853600,104.18 81.12 101
393,928,10 9 15,41,853536,100.21 81.12 105
394,902,3 15 15,41,853536,94.64 85.89 105
395,927,10 12 11,41,853536,100.21 83.51 102
396,944,15 7 12,41,853435,104.18 79.53 103
397,943,15 10 8,41,853435,104.18 81.92 100
398,943,14 14 5,41,853416,103.39 85.1 97
399,939,14 14 4,41,853416,103.39 85.1 97
400,928,10 13 10,41,853217,100.21 84.3 101
401,924,10 13 9,41,853217,100.21 84.3 101
402,947,15 6 14,41,853103,104.18 78.73 104
403,943,15 6 13,41,853103,104.18 78.73 104
404,944,15 11 7,41,853103,104.18 82.71 99
405,905,4 14 15,41,852739,95.44 85.1 105
406,925,10 14 8,41,852739,100.21 85.1 100
407,945,15 5 15,41,852606,104.18 77.94 105
408,945,15 12 6,41,852606,104.18 83.51 98
409,906,4 15 14,41,852511,95.44 85.89 104
410,902,4 15 13,41,852511,95.44 85.89 104
411,939,14 15 3,41,852511,103.39 85.89 96
412,929,11 10 12,41,852197,101 81.92 103
413,932,11 9 14,41,852116,101 81.12 104
414,928,11 9 13,41,852116,101 81.12 104
415,930,11 11 11,41,852116,101 82.71 102
416,925,10 15 7,41,852101,100.21 85.89 99
417,946,15 13 5,41,851943,104.18 84.3 97
418,942,15 13 4,41,851943,104.18 84.3 97
419,931,11 8 15,41,851875,101 80.33 105
420,931,11 12 10,41,851875,101 83.51 101
421,927,11 12 9,41,851875,101 83.51 101
422,908,5 13 15,41,851809,96.23 84.3 105
423,909,5 14 14,41,851656,96.23 85.1 104
424,906,5 14 13,41,851656,96.23 85.1 104
425,928,11 13 8,41,851474,101 84.3 100
426,906,5 15 12,41,851350,96.23 85.89 103
427,942,15 14 3,41,851115,104.18 85.1 96
428,928,11 14 7,41,850912,101 85.1 99
429,911,6 12 15,41,850746,97.03 83.51 105
430,912,6 13 14,41,850669,97.03 84.3 104
431,909,6 13 13,41,850669,97.03 84.3 104
432,932,12 9 12,41,850568,101.8 81.12 103
433,933,12 10 11,41,850568,101.8 81.92 102
434,910,6 14 12,41,850438,97.03 85.1 103
435,934,12 8 14,41,850406,101.8 80.33 104
436,931,12 8 13,41,850406,101.8 80.33 104
437,934,12 11 10,41,850406,101.8 82.71 101
438,930,12 11 9,41,850406,101.8 82.71 101
439,929,11 15 6,41,850189,101 85.89 98
440,943,15 15 2,41,850120,104.18 85.89 95
441,933,12 7 15,41,850082,101.8 79.53 105
442,931,12 12 8,41,850082,101.8 83.51 100
443,910,6 15 11,41,850052,97.03 85.89 102
444,931,12 13 7,41,849597,101.8 84.3 99
445,914,7 11 15,41,849551,97.82 82.71 105
446,915,7 12 14,41,849551,97.82 83.51 104
447,912,7 12 13,41,849551,97.82 83.51 104
448,913,7 13 12,41,849395,97.82 84.3 103
449,914,7 14 11,41,849084,97.82 85.1 102
450,932,12 14 6,41,848949,101.8 85.1 98
451,935,13 9 11,41,848891,102.59 81.12 102
452,934,13 8 12,41,848809,102.59 80.33 103
453,936,13 10 10,41,848809,102.59 81.92 101
454,933,13 10 9,41,848809,102.59 81.92 101
455,914,7 15 10,41,848617,97.82 85.89 101
456,911,7 15 9,41,848617,97.82 85.89 101
457,937,13 7 14,41,848564,102.59 79.53 104
458,933,13 7 13,41,848564,102.59 79.53 104
459,934,13 11 8,41,848564,102.59 82.71 100
460,918,8 11 14,41,848301,98.62 82.71 104
461,915,8 11 13,41,848301,98.62 82.71 104
462,917,8 10 15,41,848223,98.62 81.92 105
463,916,8 12 12,41,848223,98.62 83.51 103
464,936,13 6 15,41,848156,102.59 78.73 105
465,934,13 12 7,41,848156,102.59 83.51 99
466,933,12 15 5,41,848139,101.8 85.89 97
467,929,12 15 4,41,848139,101.8 85.89 97
468,917,8 13 11,41,847987,98.62 84.3 102
469,917,8 14 10,41,847595,98.62 85.1 101
470,914,8 14 9,41,847595,98.62 85.1 101
471,935,13 13 6,41,847585,102.59 84.3 98
472,938,14 8 11,41,847084,103.39 80.33 102
473,939,14 9 10,41,847084,103.39 81.12 101
474,935,14 9 9,41,847084,103.39 81.12 101
475,914,8 15 8,41,847046,98.62 85.89 100
476,921,9 10 14,41,846920,99.41 81.92 104
477,918,9 10 13,41,846920,99.41 81.92 104
478,937,14 7 12,41,846920,103.39 79.53 103
479,919,9 11 12,41,846920,99.41 82.71 103
480,936,14 10 8,41,846920,103.39 81.92 100
481,936,13 14 5,41,846851,102.59 85.1 97
482,932,13 14 4,41,846851,102.59 85.1 97
483,920,9 9 15,41,846762,99.41 81.12 105
484,920,9 12 11,41,846762,99.41 83.51 102
485,939,14 6 14,41,846591,103.39 78.73 104
486,936,14 6 13,41,846591,103.39 78.73 104
487,937,14 11 7,41,846591,103.39 82.71 99
488,920,9 13 10,41,846445,99.41 84.3 101
489,917,9 13 9,41,846445,99.41 84.3 101
490,894,2 15 15,41,846363,93.85 85.89 105
491,938,14 5 15,41,846098,103.39 77.94 105
492,938,14 12 6,41,846098,103.39 83.51 98
493,918,9 14 8,41,845971,99.41 85.1 100
494,932,13 15 3,41,845953,102.59 85.89 96
495,897,3 14 15,41,845633,94.64 85.1 105
496,922,10 10 12,41,845487,100.21 81.92 103
497,938,14 13 5,41,845440,103.39 84.3 97
498,935,14 13 4,41,845440,103.39 84.3 97
499,924,10 9 14,41,845407,100.21 81.12 104
500,921,10 9 13,41,845407,100.21 81.12 104
501,898,3 15 14,41,845407,94.64 85.89 104
502,895,3 15 13,41,845407,94.64 85.89 104
503,923,10 11 11,41,845407,100.21 82.71 102
504,918,9 15 7,41,845339,99.41 85.89 99
505,942,15 8 10,41,845232,104.18 80.33 101
506,938,15 8 9,41,845232,104.18 80.33 101
507,923,10 8 15,41,845168,100.21 80.33 105
508,923,10 12 10,41,845168,100.21 83.51 101
509,920,10 12 9,41,845168,100.21 83.51 101
510,941,15 7 11,41,845149,104.18 79.53 102
511,939,15 9 8,41,845149,104.18 81.12 100
512,939,15 6 12,41,844900,104.18 78.73 103
513,940,15 10 7,41,844900,104.18 81.92 99
514,901,4 13 15,41,844769,95.44 84.3 105
515,921,10 13 8,41,844769,100.21 84.3 100
516,902,4 14 14,41,844617,95.44 85.1 104
517,898,4 14 13,41,844617,95.44 85.1 104
518,935,14 14 3,41,844617,103.39 85.1 96
519,942,15 5 14,41,844486,104.18 77.94 104
520,938,15 5 13,41,844486,104.18 77.94 104
521,940,15 11 6,41,844486,104.18 82.71 98
522,899,4 15 12,41,844314,95.44 85.89 103
523,921,10 14 7,41,844211,100.21 85.1 99
524,924,11 9 12,41,843923,101 81.12 103
525,925,11 10 11,41,843923,101 81.92 102
526,941,15 4 15,41,843906,104.18 77.14 105
527,941,15 12 5,41,843906,104.18 83.51 97
528,937,15 12 4,41,843906,104.18 83.51 97
529,904,5 12 15,41,843773,96.23 83.51 105
530,927,11 8 14,41,843762,101 80.33 104
531,923,11 8 13,41,843762,101 80.33 104
532,926,11 11 10,41,843762,101 82.71 101
533,923,11 11 9,41,843762,101 82.71 101
534,905,5 13 14,41,843697,96.23 84.3 104
535,901,5 13 13,41,843697,96.23 84.3 104
536,936,14 15 2,41,843631,103.39 85.89 95
537,922,10 15 6,41,843494,100.21 85.89 98
538,902,5 14 12,41,843467,96.23 85.1 103
539,926,11 7 15,41,843441,101 79.53 105
540,923,11 12 8,41,843441,101 83.51 100
541,938,15 13 3,41,843160,104.18 84.3 96
542,903,5 15 11,41,843084,96.23 85.89 102
543,924,11 13 7,41,842959,101 84.3 99
544,907,6 11 15,41,842644,97.03 82.71 105
545,908,6 12 14,41,842644,97.03 83.51 104
546,905,6 12 13,41,842644,97.03 83.51 104
547,905,6 13 12,41,842490,97.03 84.3 103
548,925,11 14 6,41,842316,101 85.1 98
549,928,12 9 11,41,842310,101.8 81.12 102
550,938,15 14 2,41,842249,104.18 85.1 95
551,927,12 8 12,41,842229,101.8 80.33 103
552,929,12 10 10,41,842229,101.8 81.92 101
553,925,12 10 9,41,842229,101.8 81.92 101
554,906,6 14 11,41,842181,97.03 85.1 102
555,930,12 7 14,41,841986,101.8 79.53 104
556,926,12 7 13,41,841986,101.8 79.53 104
557,926,12 11 8,41,841986,101.8 82.71 100
558,907,6 15 10,41,841718,97.03 85.89 101
559,903,6 15 9,41,841718,97.03 85.89 101
560,928,12 6 15,41,841581,101.8 78.73 105
561,927,12 12 7,41,841581,101.8 83.51 99
562,925,11 15 5,41,841513,101 85.89 97
563,922,11 15 4,41,841513,101 85.89 97
564,911,7 11 14,41,841460,97.82 82.71 104
565,908,7 11 13,41,841460,97.82 82.71 104
566,910,7 10 15,41,841382,97.82 81.92 105
567,908,7 12 12,41,841382,97.82 83.51 103
568,939,15 15 1,41,841172,104.18 85.89 94
569,909,7 13 11,41,841149,97.82 84.3 102
570,928,12 13 6,41,841015,101.8 84.3 98
571,910,7 14 10,41,840760,97.82 85.1 101
572,906,7 14 9,41,840760,97.82 85.1 101
573,931,13 8 11,41,840568,102.59 80.33 102
574,932,13 9 10,41,840568,102.59 81.12 101
575,928,13 9 9,41,840568,102.59 81.12 101
576,930,13 7 12,41,840405,102.59 79.53 103
577,929,13 10 8,41,840405,102.59 81.92 100
578,928,12 14 5,41,840286,101.8 85.1 97
579,925,12 14 4,41,840286,101.8 85.1 97
580,907,7 15 8,41,840215,97.82 85.89 100
581,914,8 10 14,41,840144,98.62 81.92 104
582,911,8 10 13,41,840144,98.62 81.92 104
583,911,8 11 12,41,840144,98.62 82.71 103
584,932,13 6 14,41,840079,102.59 78.73 104
585,929,13 6 13,41,840079,102.59 78.73 104
586,930,13 11 7,41,840079,102.59 82.71 99
587,913,8 9 15,41,839988,98.62 81.12 105
588,912,8 12 11,41,839988,98.62 83.51 102
589,913,8 13 10,41,839674,98.62 84.3 101
590,909,8 13 9,41,839674,98.62 84.3 101
591,931,13 5 15,41,839589,102.59 77.94 105
592,931,13 12 6,41,839589,102.59 83.51 98
593,925,12 15 3,41,839396,101.8 85.89 96
594,910,8 14 8,41,839203,98.62 85.1 100
595,886,1 15 15,41,839191,93.05 85.89 105
596,931,13 13 5,41,838936,102.59 84.3 97
597,927,13 13 4,41,838936,102.59 84.3 97
598,934,14 8 10,41,838779,103.39 80.33 101
599,931,14 8 9,41,838779,103.39 80.33 101
600,914,9 10 12,41,838776,99.41 81.92 103
601,917,9 9 14,41,838697,99.41 81.12 104
602,913,9 9 13,41,838697,99.41 81.12 104
603,933,14 7 11,41,838697,103.39 79.53 102
604,915,9 11 11,41,838697,99.41 82.71 102
605,932,14 9 8,41,838697,103.39 81.12 100
606,911,8 15 7,41,838576,98.62 85.89 99
607,890,2 14 15,41,838526,93.85 85.1 105
608,916,9 8 15,41,838460,99.41 80.33 105
609,916,9 12 10,41,838460,99.41 83.51 101
610,912,9 12 9,41,838460,99.41 83.51 101
611,932,14 6 12,41,838451,103.39 78.73 103
612,932,14 10 7,41,838451,103.39 81.92 99
613,891,2 15 14,41,838303,93.85 85.89 104
614,887,2 15 13,41,838303,93.85 85.89 104
615,928,13 14 3,41,838120,102.59 85.1 96
616,913,9 13 8,41,838065,99.41 84.3 100
617,935,14 5 14,41,838039,103.39 77.94 104
618,931,14 5 13,41,838039,103.39 77.94 104
619,933,14 11 6,41,838039,103.39 82.71 98
620,893,3 13 15,41,837730,94.64 84.3 105
621,894,3 14 14,41,837579,94.64 85.1 104
622,891,3 14 13,41,837579,94.64 85.1 104
623,914,9 14 7,41,837511,99.41 85.1 99
624,933,14 4 15,41,837464,103.39 77.14 105
625,934,14 12 5,41,837464,103.39 83.51 97
626,930,14 12 4,41,837464,103.39 83.51 97
627,917,10 9 12,41,837278,100.21 81.12 103
628,891,3 15 12,41,837278,94.64 85.89 103
629,918,10 10 11,41,837278,100.21 81.92 102
630,928,13 15 2,41,837141,102.59 85.89 95
631,920,10 8 14,41,837119,100.21 80.33 104
632,916,10 8 13,41,837119,100.21 80.33 104
633,919,10 11 10,41,837119,100.21 82.71 101
634,915,10 11 9,41,837119,100.21 82.71 101
635,937,15 7 10,41,836863,104.18 79.53 101
636,933,15 7 9,41,836863,104.18 79.53 101
637,934,15 8 8,41,836863,104.18 80.33 100
638,919,10 7 15,41,836800,100.21 79.53 105
639,896,4 12 15,41,836800,95.44 83.51 105
640,916,10 12 8,41,836800,100.21 83.51 100
641,914,9 15 6,41,836800,99.41 85.89 98
642,897,4 13 14,41,836724,95.44 84.3 104
643,894,4 13 13,41,836724,95.44 84.3 104
644,931,14 13 3,41,836724,103.39 84.3 96
645,936,15 6 11,41,836697,104.18 78.73 102
646,935,15 9 7,41,836697,104.18 81.12 99
647,895,4 14 12,41,836496,95.44 85.1 103
648,935,15 5 12,41,836366,104.18 77.94 103
649,936,15 10 6,41,836366,104.18 81.92 98
650,917,10 13 7,41,836322,100.21 84.3 99
651,895,4 15 11,41,836117,95.44 85.89 102
652,937,15 4 14,41,835869,104.18 77.14 104
653,934,15 4 13,41,835869,104.18 77.14 104
654,937,15 11 5,41,835869,104.18 82.71 97
655,933,15 11 4,41,835869,104.18 82.71 97
656,931,14 14 2,41,835819,103.39 85.1 95
657,900,5 11 15,41,835737,96.23 82.71 105
658,901,5 12 14,41,835737,96.23 83.51 104
659,897,5 12 13,41,835737,96.23 83.51 104
660,921,11 9 11,41,835730,101 81.12 102
661,917,10 14 6,41,835684,100.21 85.1 98
662,920,11 8 12,41,835649,101 80.33 103
663,922,11 10 10,41,835649,101 81.92 101
664,918,11 10 9,41,835649,101 81.92 101
665,898,5 13 12,41,835584,96.23 84.3 103
666,922,11 7 14,41,835408,101 79.53 104
667,919,11 7 13,41,835408,101 79.53 104
668,919,11 11 8,41,835408,101 82.71 100
669,899,5 14 11,41,835278,96.23 85.1 102
670,936,15 3 15,41,835206,104.18 76.35 105
671,933,15 12 3,41,835206,104.18 83.51 96
672,921,11 6 15,41,835007,101 78.73 105
673,920,11 12 7,41,835007,101 83.51 99
674,918,10 15 5,41,834887,100.21 85.89 97
675,914,10 15 4,41,834887,100.21 85.89 97
676,899,5 15 10,41,834819,96.23 85.89 101
677,896,5 15 9,41,834819,96.23 85.89 101
678,932,14 15 1,41,834750,103.39 85.89 94
679,904,6 11 14,41,834619,97.03 82.71 104
680,900,6 11 13,41,834619,97.03 82.71 104
681,903,6 10 15,41,834542,97.03 81.92 105
682,901,6 12 12,41,834542,97.03 83.51 103
683,920,11 13 6,41,834444,101 84.3 98
684,934,15 13 2,41,834377,104.18 84.3 95
685,902,6 13 11,41,834310,97.03 84.3 102
686,924,12 8 11,41,834052,101.8 80.33 102
687,925,12 9 10,41,834052,101.8 81.12 101
688,921,12 9 9,41,834052,101.8 81.12 101
689,903,6 14 10,41,833924,97.03 85.1 101
690,899,6 14 9,41,833924,97.03 85.1 101
691,923,12 7 12,41,833890,101.8 79.53 103
692,922,12 10 8,41,833890,101.8 81.92 100
693,921,11 14 5,41,833721,101 85.1 97
694,917,11 14 4,41,833721,101 85.1 97
695,925,12 6 14,41,833566,101.8 78.73 104
696,921,12 6 13,41,833566,101.8 78.73 104
697,923,12 11 7,41,833566,101.8 82.71 99
698,900,6 15 8,41,833384,97.03 85.89 100
699,934,15 14 1,41,833383,104.18 85.1 94
700,907,7 10 14,41,833369,97.82 81.92 104
701,903,7 10 13,41,833369,97.82 81.92 104
702,904,7 11 12,41,833369,97.82 82.71 103
703,906,7 9 15,41,833213,97.82 81.12 105
704,905,7 12 11,41,833213,97.82 83.51 102
705,924,12 5 15,41,833081,101.8 77.94 105
706,923,12 12 6,41,833081,101.8 83.51 98
707,906,7 13 10,41,832902,97.82 84.3 101
708,902,7 13 9,41,832902,97.82 84.3 101
709,918,11 15 3,41,832838,101 85.89 96
710,903,7 14 8,41,832436,97.82 85.1 100
711,924,12 13 5,41,832433,101.8 84.3 97
712,920,12 13 4,41,832433,101.8 84.3 97
713,927,13 8 10,41,832327,102.59 80.33 101
714,924,13 8 9,41,832327,102.59 80.33 101
715,926,13 7 11,41,832246,102.59 79.53 102
716,924,13 9 8,41,832246,102.59 81.12 100
717,935,15 15 0,41,832223,104.18 85.89 93
718,907,8 10 12,41,832066,98.62 81.92 103
719,879,0 15 15,41,832018,92.25 85.89 105
720,925,13 6 12,41,832001,102.59 78.73 103
721,925,13 10 7,41,832001,102.59 81.92 99
722,910,8 9 14,41,831988,98.62 81.12 104
723,906,8 9 13,41,831988,98.62 81.12 104
724,908,8 11 11,41,831988,98.62 82.71 102
725,903,7 15 7,41,831813,97.82 85.89 99
726,909,8 8 15,41,831752,98.62 80.33 105
727,909,8 12 10,41,831752,98.62 83.51 101
728,905,8 12 9,41,831752,98.62 83.51 101
729,921,12 14 3,41,831623,101.8 85.1 96
730,928,13 5 14,41,831593,102.59 77.94 104
731,924,13 5 13,41,831593,102.59 77.94 104
732,926,13 11 6,41,831593,102.59 82.71 98
733,882,1 14 15,41,831420,93.05 85.1 105
734,906,8 13 8,41,831360,98.62 84.3 100
735,883,1 15 14,41,831198,93.05 85.89 104
736,880,1 15 13,41,831198,93.05 85.89 104
737,926,13 4 15,41,831022,102.59 77.14 105
738,927,13 12 5,41,831022,102.59 83.51 97
739,923,13 12 4,41,831022,102.59 83.51 97
740,907,8 14 7,41,830811,98.62 85.1 99
741,886,2 13 15,41,830690,93.85 84.3 105
742,921,12 15 2,41,830652,101.8 85.89 95
743,910,9 9 12,41,830633,99.41 81.12 103
744,911,9 10 11,41,830633,99.41 81.92 102
745,886,2 14 14,41,830541,93.85 85.1 104
746,883,2 14 13,41,830541,93.85 85.1 104
747,912,9 8 14,41,830475,99.41 80.33 104
748,909,9 8 13,41,830475,99.41 80.33 104
749,930,14 7 10,41,830475,103.39 79.53 101
750,926,14 7 9,41,830475,103.39 79.53 101
751,912,9 11 10,41,830475,99.41 82.71 101
752,908,9 11 9,41,830475,99.41 82.71 101
753,927,14 8 8,41,830475,103.39 80.33 100
754,929,14 6 11,41,830310,103.39 78.73 102
755,928,14 9 7,41,830310,103.39 81.12 99
756,924,13 13 3,41,830288,102.59 84.3 96
757,884,2 15 12,41,830242,93.85 85.89 103
758,911,9 7 15,41,830158,99.41 79.53 105
759,909,9 12 8,41,830158,99.41 83.51 100
760,907,8 15 6,41,830105,98.62 85.89 98
761,928,14 5 12,41,829981,103.39 77.94 103
762,929,14 10 6,41,829981,103.39 81.92 98
763,889,3 12 15,41,829826,94.64 83.51 105
764,890,3 13 14,41,829751,94.64 84.3 104
765,886,3 13 13,41,829751,94.64 84.3 104
766,910,9 13 7,41,829684,99.41 84.3 99
767,887,3 14 12,41,829525,94.64 85.1 103
768,930,14 4 14,41,829488,103.39 77.14 104
769,926,14 4 13,41,829488,103.39 77.14 104
770,929,14 11 5,41,829488,103.39 82.71 97
771,926,14 11 4,41,829488,103.39 82.71 97
772,924,13 14 2,41,829390,102.59 85.1 95
773,914,10 9 11,41,829149,100.21 81.12 102
774,888,3 15 11,41,829149,94.64 85.89 102
775,913,10 8 12,41,829069,100.21 80.33 103
776,915,10 10 10,41,829069,100.21 81.92 101
777,911,10 10 9,41,829069,100.21 81.92 101
778,910,9 14 6,41,829052,99.41 85.1 98
779,929,14 3 15,41,828830,103.39 76.35 105
780,892,4 11 15,41,828830,95.44 82.71 105
781,915,10 7 14,41,828830,100.21 79.53 104
782,912,10 7 13,41,828830,100.21 79.53 104
783,893,4 12 14,41,828830,95.44 83.51 104
784,890,4 12 13,41,828830,95.44 83.51 104
785,912,10 11 8,41,828830,100.21 82.71 100
786,926,14 12 3,41,828830,103.39 83.51 96
787,890,4 13 12,41,828678,95.44 84.3 103
788,930,15 7 8,41,828577,104.18 79.53 100
789,932,15 6 10,41,828494,104.18 78.73 101
790,929,15 6 9,41,828494,104.18 78.73 101
791,930,15 8 7,41,828494,104.18 80.33 99
792,914,10 6 15,41,828432,100.21 78.73 105
793,913,10 12 7,41,828432,100.21 83.51 99
794,891,4 14 11,41,828375,95.44 85.1 102
795,924,13 15 1,41,828329,102.59 85.89 94
796,911,9 15 5,41,828261,99.41 85.89 97
797,907,9 15 4,41,828261,99.41 85.89 97
798,931,15 5 11,41,828246,104.18 77.94 102
799,931,15 9 6,41,828246,104.18 81.12 98
800,927,14 13 2,41,828008,103.39 84.3 95
801,892,4 15 10,41,827919,95.44 85.89 101
802,888,4 15 9,41,827919,95.44 85.89 101
803,913,10 13 6,41,827874,100.21 84.3 98
804,930,15 4 12,41,827832,104.18 77.14 103
805,932,15 10 5,41,827832,104.18 81.92 97
806,928,15 10 4,41,827832,104.18 81.92 97
807,896,5 11 14,41,827778,96.23 82.71 104
808,893,5 11 13,41,827778,96.23 82.71 104
809,895,5 10 15,41,827701,96.23 81.92 105
810,894,5 12 12,41,827701,96.23 83.51 103
811,916,11 8 11,41,827536,101 80.33 102
812,917,11 9 10,41,827536,101 81.12 101
813,914,11 9 9,41,827536,101 81.12 101
814,894,5 13 11,41,827472,96.23 84.3 102
815,915,11 7 12,41,827375,101 79.53 103
816,915,11 10 8,41,827375,101 81.92 100
817,932,15 3 14,41,827252,104.18 76.35 104
818,929,15 3 13,41,827252,104.18 76.35 104
819,929,15 11 3,41,827252,104.18 82.71 96
820,914,10 14 5,41,827157,100.21 85.1 97
821,910,10 14 4,41,827157,100.21 85.1 97
822,895,5 14 10,41,827089,96.23 85.1 101
823,892,5 14 9,41,827089,96.23 85.1 101
824,918,11 6 14,41,827054,101 78.73 104
825,914,11 6 13,41,827054,101 78.73 104
826,915,11 11 7,41,827054,101 82.71 99
827,927,14 14 1,41,827021,103.39 85.1 94
828,899,6 10 14,41,826594,97.03 81.92 104
829,896,6 10 13,41,826594,97.03 81.92 104
830,897,6 11 12,41,826594,97.03 82.71 103
831,917,11 5 15,41,826572,101 77.94 105
832,916,11 12 6,41,826572,101 83.51 98
833,892,5 15 8,41,826553,96.23 85.89 100
834,931,15 2 15,41,826506,104.18 75.55 105
835,930,15 12 2,41,826506,104.18 83.51 95
836,898,6 9 15,41,826439,97.03 81.12 105
837,898,6 12 11,41,826439,97.03 83.51 102
838,911,10 15 3,41,826280,100.21 85.89 96
839,898,6 13 10,41,826131,97.03 84.3 101
840,895,6 13 9,41,826131,97.03 84.3 101
841,917,11 13 5,41,825930,101 84.3 97
842,913,11 13 4,41,825930,101 84.3 97
843,920,12 8 10,41,825875,101.8 80.33 101
844,916,12 8 9,41,825875,101.8 80.33 101
845,928,14 15 0,41,825870,103.39 85.89 93
846,919,12 7 11,41,825794,101.8 79.53 102
847,917,12 9 8,41,825794,101.8 81.12 100
848,895,6 14 8,41,825668,97.03 85.1 100
849,930,15 13 1,41,825594,104.18 84.3 94
850,918,12 6 12,41,825551,101.8 78.73 103
851,918,12 10 7,41,825551,101.8 81.92 99
852,900,7 10 12,41,825356,97.82 81.92 103
853,902,7 9 14,41,825278,97.82 81.12 104
854,899,7 9 13,41,825278,97.82 81.12 104
855,901,7 11 11,41,825278,97.82 82.71 102
856,920,12 5 14,41,825147,101.8 77.94 104
857,917,12 5 13,41,825147,101.8 77.94 104
858,919,12 11 6,41,825147,101.8 82.71 98
859,914,11 14 3,41,825126,101 85.1 96
860,896,6 15 7,41,825050,97.03 85.89 99
861,901,7 8 15,41,825045,97.82 80.33 105
862,901,7 12 10,41,825045,97.82 83.51 101
863,898,7 12 9,41,825045,97.82 83.51 101
864,899,7 13 8,41,824656,97.82 84.3 100
865,919,12 4 15,41,824580,101.8 77.14 105
866,920,12 12 5,41,824580,101.8 83.51 97
867,916,12 12 4,41,824580,101.8 83.51 97
868,931,15 14 0,41,824517,104.18 85.1 93
869,875,0 14 15,41,824314,92.25 85.1 105
870,914,11 15 2,41,824162,101 85.89 95
871,899,7 14 7,41,824111,97.82 85.1 99
872,876,0 15 14,41,824094,92.25 85.89 104
873,872,0 15 13,41,824094,92.25 85.89 104
874,923,13 7 10,41,824086,102.59 79.53 101
875,919,13 7 9,41,824086,102.59 79.53 101
876,920,13 8 8,41,824086,102.59 80.33 100
877,903,8 9 12,41,823988,98.62 81.12 103
878,904,8 10 11,41,823988,98.62 81.92 102
879,922,13 6 11,41,823923,102.59 78.73 102
880,921,13 9 7,41,823923,102.59 81.12 99
881,916,12 13 3,41,823851,101.8 84.3 96
882,905,8 8 14,41,823831,98.62 80.33 104
883,902,8 8 13,41,823831,98.62 80.33 104
884,904,8 11 10,41,823831,98.62 82.71 101
885,901,8 11 9,41,823831,98.62 82.71 101
886,878,1 13 15,41,823650,93.05 84.3 105
887,920,13 5 12,41,823597,102.59 77.94 103
888,922,13 10 6,41,823597,102.59 81.92 98
889,904,8 7 15,41,823517,98.62 79.53 105
890,902,8 12 8,41,823517,98.62 83.51 100
891,879,1 14 14,41,823502,93.05 85.1 104
892,876,1 14 13,41,823502,93.05 85.1 104
893,900,7 15 6,41,823411,97.82 85.89 98
894,876,1 15 12,41,823206,93.05 85.89 103
895,923,13 4 14,41,823107,102.59 77.14 104
896,919,13 4 13,41,823107,102.59 77.14 104
897,922,13 11 5,41,823107,102.59 82.71 97
898,919,13 11 4,41,823107,102.59 82.71 97
899,902,8 13 7,41,823047,98.62 84.3 99
900,917,12 14 2,41,822961,101.8 85.1 95
901,881,2 12 15,41,822853,93.85 83.51 105
902,882,2 13 14,41,822778,93.85 84.3 104
903,879,2 13 13,41,822778,93.85 84.3 104
904,906,9 9 11,41,822568,99.41 81.12 102
905,880,2 14 12,41,822555,93.85 85.1 103
906,905,9 8 12,41,822489,99.41 80.33 103
907,907,9 10 10,41,822489,99.41 81.92 101
908,904,9 10 9,41,822489,99.41 81.92 101
909,921,13 3 15,41,822455,102.59 76.35 105
910,919,13 12 3,41,822455,102.59 83.51 96
911,903,8 14 6,41,822419,98.62 85.1 98
912,908,9 7 14,41,822252,99.41 79.53 104
913,904,9 7 13,41,822252,99.41 79.53 104
914,922,14 7 8,41,822252,103.39 79.53 100
915,905,9 11 8,41,822252,99.41 82.71 100
916,880,2 15 11,41,822181,93.85 85.89 102
917,925,14 6 10,41,822170,103.39 78.73 101
918,921,14 6 9,41,822170,103.39 78.73 101
919,923,14 8 7,41,822170,103.39 80.33 99
920,885,3 11 15,41,821923,94.64 82.71 105
921,886,3 12 14,41,821923,94.64 83.51 104
922,882,3 12 13,41,821923,94.64 83.51 104
923,924,14 5 11,41,821923,103.39 77.94 102
924,924,14 9 6,41,821923,103.39 81.12 98
925,917,12 15 1,41,821908,101.8 85.89 94
926,907,9 6 15,41,821857,99.41 78.73 105
927,905,9 12 7,41,821857,99.41 83.51 99
928,883,3 13 12,41,821773,94.64 84.3 103
929,920,13 13 2,41,821639,102.59 84.3 95
930,903,8 15 5,41,821635,98.62 85.89 97
931,900,8 15 4,41,821635,98.62 85.89 97
932,923,14 4 12,41,821512,103.39 77.14 103
933,925,14 10 5,41,821512,103.39 81.92 97
934,921,14 10 4,41,821512,103.39 81.92 97
935,884,3 14 11,41,821472,94.64 85.1 102
936,906,9 13 6,41,821303,99.41 84.3 98
937,909,10 8 11,41,821020,100.21 80.33 102
938,910,10 9 10,41,821020,100.21 81.12 101
939,907,10 9 9,41,821020,100.21 81.12 101
940,884,3 15 10,41,821020,94.64 85.89 101
941,881,3 15 9,41,821020,94.64 85.89 101
942,925,14 3 14,41,820937,103.39 76.35 104
943,922,14 3 13,41,820937,103.39 76.35 104
944,889,4 11 14,41,820937,95.44 82.71 104
945,885,4 11 13,41,820937,95.44 82.71 104
946,922,14 11 3,41,820937,103.39 82.71 96
947,888,4 10 15,41,820861,95.44 81.92 105
948,908,10 7 12,41,820861,100.21 79.53 103
949,886,4 12 12,41,820861,95.44 83.51 103
950,907,10 10 8,41,820861,100.21 81.92 100
951,920,13 14 1,41,820660,102.59 85.1 94
952,887,4 13 11,41,820633,95.44 84.3 102
953,907,9 14 5,41,820592,99.41 85.1 97
954,903,9 14 4,41,820592,99.41 85.1 97
955,911,10 6 14,41,820542,100.21 78.73 104
956,907,10 6 13,41,820542,100.21 78.73 104
957,908,10 11 7,41,820542,100.21 82.71 99
958,925,15 6 8,41,820291,104.18 78.73 100
959,926,15 7 7,41,820291,104.18 79.53 99
960,888,4 14 10,41,820254,95.44 85.1 101
961,884,4 14 9,41,820254,95.44 85.1 101
962,924,14 2 15,41,820197,103.39 75.55 105
963,922,14 12 2,41,820197,103.39 83.51 95
964,928,15 5 10,41,820126,104.18 77.94 101
965,924,15 5 9,41,820126,104.18 77.94 101
966,927,15 8 6,41,820126,104.18 80.33 98
967,909,10 5 15,41,820064,100.21 77.94 105
968,909,10 12 6,41,820064,100.21 83.51 98
969,892,5 10 14,41,819818,96.23 81.92 104
970,888,5 10 13,41,819818,96.23 81.92 104
971,889,5 11 12,41,819818,96.23 82.71 103
972,926,15 4 11,41,819794,104.18 77.14 102
973,928,15 9 5,41,819794,104.18 81.12 97
974,924,15 9 4,41,819794,104.18 81.12 97
975,885,4 15 8,41,819722,95.44 85.89 100
976,903,9 15 3,41,819722,99.41 85.89 96
977,891,5 9 15,41,819665,96.23 81.12 105
978,890,5 12 11,41,819665,96.23 83.51 102
979,921,13 15 0,41,819517,102.59 85.89 93
980,909,10 13 5,41,819426,100.21 84.3 97
981,906,10 13 4,41,819426,100.21 84.3 97
982,913,11 8 10,41,819423,101 80.33 101
983,909,11 8 9,41,819423,101 80.33 101
984,891,5 13 10,41,819359,96.23 84.3 101
985,887,5 13 9,41,819359,96.23 84.3 101
986,912,11 7 11,41,819343,101 79.53 102
987,910,11 9 8,41,819343,101 81.12 100
988,925,15 3 12,41,819297,104.18 76.35 103
989,925,15 10 3,41,819297,104.18 81.92 96
990,923,14 13 1,41,819292,103.39 84.3 94
991,911,11 6 12,41,819102,101 78.73 103
992,911,11 10 7,41,819102,101 81.92 99
993,888,5 14 8,41,818900,96.23 85.1 100
994,913,11 5 14,41,818700,101 77.94 104
995,910,11 5 13,41,818700,101 77.94 104
996,912,11 11 6,41,818700,101 82.71 98
997,892,6 10 12,41,818646,97.03 81.92 103
998,927,15 2 14,41,818634,104.18 75.55 104
999,924,15 2 13,41,818634,104.18 75.55 104
1000,925,15 11 2,41,818634,104.18 82.71 95
1001,906,10 14 3,41,818629,100.21 85.1 96
1002,895,6 9 14,41,818569,97.03 81.12 104
1003,891,6 9 13,41,818569,97.03 81.12 104
1004,893,6 11 11,41,818569,97.03 82.71 102
1005,894,6 8 15,41,818337,97.03 80.33 105
1006,894,6 12 10,41,818337,97.03 83.51 101
1007,891,6 12 9,41,818337,97.03 83.51 101
1008,889,5 15 7,41,818288,96.23 85.89 99
1009,923,14 14 0,41,818223,103.39 85.1 93
1010,912,11 4 15,41,818138,101 77.14 105
1011,912,11 12 5,41,818138,101 83.51 97
1012,909,11 12 4,41,818138,101 83.51 97
1013,891,6 13 8,41,817951,97.03 84.3 100
1014,926,15 1 15,41,817806,104.18 74.76 105
1015,926,15 12 1,41,817806,104.18 83.51 94
1016,915,12 7 10,41,817698,101.8 79.53 101
1017,912,12 7 9,41,817698,101.8 79.53 101
1018,913,12 8 8,41,817698,101.8 80.33 100
1019,907,10 15 2,41,817673,100.21 85.89 95
1020,914,12 6 11,41,817536,101.8 78.73 102
1021,914,12 9 7,41,817536,101.8 81.12 99
1022,909,11 13 3,41,817415,101 84.3 96
1023,892,6 14 7,41,817411,97.03 85.1 99
1024,895,7 9 12,41,817343,97.82 81.12 103
1025,896,7 10 11,41,817343,97.82 81.92 102
1026,913,12 5 12,41,817212,101.8 77.94 103
1027,914,12 10 6,41,817212,101.8 81.92 98
1028,898,7 8 14,41,817187,97.82 80.33 104
1029,894,7 8 13,41,817187,97.82 80.33 104
1030,897,7 11 10,41,817187,97.82 82.71 101
1031,894,7 11 9,41,817187,97.82 82.71 101
1032,897,7 7 15,41,816876,97.82 79.53 105
1033,894,7 12 8,41,816876,97.82 83.51 100
1034,926,15 13 0,41,816811,104.18 84.3 93
1035,916,12 4 14,41,816727,101.8 77.14 104
1036,912,12 4 13,41,816727,101.8 77.14 104
1037,915,12 11 5,41,816727,101.8 82.71 97
1038,911,12 11 4,41,816727,101.8 82.71 97
1039,892,6 15 6,41,816717,97.03 85.89 98
1040,871,0 13 15,41,816610,92.25 84.3 105
1041,910,11 14 2,41,816531,101 85.1 95
1042,871,0 14 14,41,816464,92.25 85.1 104
1043,868,0 14 13,41,816464,92.25 85.1 104
1044,895,7 13 7,41,816409,97.82 84.3 99
1045,869,0 15 12,41,816170,92.25 85.89 103
1046,914,12 3 15,41,816079,101.8 76.35 105
1047,912,12 12 3,41,816079,101.8 83.51 96
1048,899,8 9 11,41,815988,98.62 81.12 102
1049,915,13 7 8,41,815927,102.59 79.53 100
1050,898,8 8 12,41,815909,98.62 80.33 103
1051,900,8 10 10,41,815909,98.62 81.92 101
1052,897,8 10 9,41,815909,98.62 81.92 101
1053,874,1 12 15,41,815880,93.05 83.51 105
1054,918,13 6 10,41,815846,102.59 78.73 101
1055,914,13 6 9,41,815846,102.59 78.73 101
1056,916,13 8 7,41,815846,102.59 80.33 99
1057,875,1 13 14,41,815806,93.05 84.3 104
1058,872,1 13 13,41,815806,93.05 84.3 104
1059,896,7 14 6,41,815787,97.82 85.1 98
1060,901,8 7 14,41,815674,98.62 79.53 104
1061,897,8 7 13,41,815674,98.62 79.53 104
1062,897,8 11 8,41,815674,98.62 82.71 100
1063,917,13 5 11,41,815601,102.59 77.94 102
1064,917,13 9 6,41,815601,102.59 81.12 98
1065,872,1 14 12,41,815584,93.05 85.1 103
1066,910,11 15 1,41,815487,101 85.89 94
1067,899,8 6 15,41,815282,98.62 78.73 105
1068,898,8 12 7,41,815282,98.62 83.51 99
1069,913,12 13 2,41,815269,101.8 84.3 95
1070,873,1 15 11,41,815214,93.05 85.89 102
1071,916,13 4 12,41,815193,102.59 77.14 103
1072,918,13 10 5,41,815193,102.59 81.92 97
1073,914,13 10 4,41,815193,102.59 81.92 97
1074,877,2 11 15,41,815016,93.85 82.71 105
1075,878,2 12 14,41,815016,93.85 83.51 104
1076,875,2 12 13,41,815016,93.85 83.51 104
1077,896,7 15 5,41,815009,97.82 85.89 97
1078,893,7 15 4,41,815009,97.82 85.89 97
1079,876,2 13 12,41,814867,93.85 84.3 103
1080,899,8 13 6,41,814733,98.62 84.3 98
1081,918,13 3 14,41,814622,102.59 76.35 104
1082,915,13 3 13,41,814622,102.59 76.35 104
1083,915,13 11 3,41,814622,102.59 82.71 96
1084,876,2 14 11,41,814569,93.85 85.1 102
1085,902,9 8 11,41,814504,99.41 80.33 102
1086,903,9 9 10,41,814504,99.41 81.12 101
1087,899,9 9 9,41,814504,99.41 81.12 101
1088,901,9 7 12,41,814346,99.41 79.53 103
1089,900,9 10 8,41,814346,99.41 81.92 100
1090,913,12 14 1,41,814298,101.8 85.1 94
1091,877,2 15 10,41,814121,93.85 85.89 101
1092,874,2 15 9,41,814121,93.85 85.89 101
1093,881,3 11 14,41,814095,94.64 82.71 104
1094,878,3 11 13,41,814095,94.64 82.71 104
1095,903,9 6 14,41,814030,99.41 78.73 104
1096,900,9 6 13,41,814030,99.41 78.73 104
1097,918,14 6 8,41,814030,103.39 78.73 100
1098,919,14 7 7,41,814030,103.39 79.53 99
1099,901,9 11 7,41,814030,99.41 82.71 99
1100,899,8 14 5,41,814027,98.62 85.1 97
1101,896,8 14 4,41,814027,98.62 85.1 97
1102,880,3 10 15,41,814020,94.64 81.92 105
1103,879,3 12 12,41,814020,94.64 83.51 103
1104,917,13 2 15,41,813887,102.59 75.55 105
1105,915,13 12 2,41,813887,102.59 83.51 95
1106,920,14 5 10,41,813865,103.39 77.94 101
1107,917,14 5 9,41,813865,103.39 77.94 101
1108,920,14 8 6,41,813865,103.39 80.33 98
1109,880,3 13 11,41,813794,94.64 84.3 102
1110,902,9 5 15,41,813555,99.41 77.94 105
1111,902,9 12 6,41,813555,99.41 83.51 98
1112,919,14 4 11,41,813536,103.39 77.14 102
1113,920,14 9 5,41,813536,103.39 81.12 97
1114,917,14 9 4,41,813536,103.39 81.12 97
1115,880,3 14 10,41,813418,94.64 85.1 101
1116,877,3 14 9,41,813418,94.64 85.1 101
1117,896,8 15 3,41,813164,98.62 85.89 96
1118,913,12 15 0,41,813164,101.8 85.89 93
1119,885,4 10 14,41,813043,95.44 81.92 104
1120,881,4 10 13,41,813043,95.44 81.92 104
1121,918,14 3 12,41,813043,103.39 76.35 103
1122,882,4 11 12,41,813043,95.44 82.71 103
1123,917,14 10 3,41,813043,103.39 81.92 96
1124,916,13 13 1,41,812990,102.59 84.3 94
1125,906,10 8 10,41,812971,100.21 80.33 101
1126,902,10 8 9,41,812971,100.21 80.33 101
1127,902,9 13 5,41,812923,99.41 84.3 97
1128,899,9 13 4,41,812923,99.41 84.3 97
1129,884,4 9 15,41,812891,95.44 81.12 105
1130,905,10 7 11,41,812891,100.21 79.53 102
1131,883,4 12 11,41,812891,95.44 83.51 102
1132,903,10 9 8,41,812891,100.21 81.12 100
1133,878,3 15 8,41,812891,94.64 85.89 100
1134,904,10 6 12,41,812652,100.21 78.73 103
1135,904,10 10 7,41,812652,100.21 81.92 99
1136,884,4 13 10,41,812588,95.44 84.3 101
1137,880,4 13 9,41,812588,95.44 84.3 101
1138,920,14 2 14,41,812385,103.39 75.55 104
1139,917,14 2 13,41,812385,103.39 75.55 104
1140,918,14 11 2,41,812385,103.39 82.71 95
1141,906,10 5 14,41,812254,100.21 77.94 104
1142,902,10 5 13,41,812254,100.21 77.94 104
1143,905,10 11 6,41,812254,100.21 82.71 98
1144,881,4 14 8,41,812132,95.44 85.1 100
1145,899,9 14 3,41,812132,99.41 85.1 96
1146,921,15 6 7,41,812089,104.18 78.73 99
1147,920,15 5 8,41,812006,104.18 77.94 100
1148,922,15 7 6,41,812006,104.18 79.53 98
1149,885,5 10 12,41,811935,96.23 81.92 103
1150,916,13 14 0,41,811929,102.59 85.1 93
1151,888,5 9 14,41,811859,96.23 81.12 104
1152,884,5 9 13,41,811859,96.23 81.12 104
1153,886,5 11 11,41,811859,96.23 82.71 102
1154,923,15 4 10,41,811757,104.18 77.14 101
1155,919,15 4 9,41,811757,104.18 77.14 101
1156,923,15 8 5,41,811757,104.18 80.33 97
1157,919,15 8 4,41,811757,104.18 80.33 97
1158,905,10 4 15,41,811696,100.21 77.14 105
1159,905,10 12 5,41,811696,100.21 83.51 97
1160,902,10 12 4,41,811696,100.21 83.51 97
1161,887,5 8 15,41,811629,96.23 80.33 105
1162,887,5 12 10,41,811629,96.23 83.51 101
1163,883,5 12 9,41,811629,96.23 83.51 101
1164,919,14 1 15,41,811563,103.39 74.76 105
1165,919,14 12 1,41,811563,103.39 83.51 94
1166,881,4 15 7,41,811525,95.44 85.89 99
1167,922,15 3 11,41,811343,104.18 76.35 102
1168,920,15 9 3,41,811343,104.18 81.12 96
1169,908,11 7 10,41,811310,101 79.53 101
1170,905,11 7 9,41,811310,101 79.53 101
1171,906,11 8 8,41,811310,101 80.33 100
1172,884,5 13 8,41,811247,96.23 84.3 100
1173,900,9 15 2,41,811183,99.41 85.89 95
1174,907,11 6 11,41,811149,101 78.73 102
1175,907,11 9 7,41,811149,101 81.12 99
1176,902,10 13 3,41,810978,100.21 84.3 96
1177,906,11 5 12,41,810828,101 77.94 103
1178,907,11 10 6,41,810828,101 81.92 98
1179,920,15 2 12,41,810763,104.18 75.55 103
1180,921,15 10 2,41,810763,104.18 81.92 95
1181,885,5 14 7,41,810711,96.23 85.1 99
1182,888,6 9 12,41,810698,97.03 81.12 103
1183,889,6 10 11,41,810698,97.03 81.92 102
1184,919,14 13 0,41,810576,103.39 84.3 93
1185,890,6 8 14,41,810543,97.03 80.33 104
1186,887,6 8 13,41,810543,97.03 80.33 104
1187,890,6 11 10,41,810543,97.03 82.71 101
1188,886,6 11 9,41,810543,97.03 82.71 101
1189,908,11 4 14,41,810346,101 77.14 104
1190,905,11 4 13,41,810346,101 77.14 104
1191,908,11 11 5,41,810346,101 82.71 97
1192,904,11 11 4,41,810346,101 82.71 97
1193,889,6 7 15,41,810235,97.03 79.53 105
1194,887,6 12 8,41,810235,97.03 83.51 100
1195,903,10 14 2,41,810102,100.21 85.1 95
1196,885,5 15 6,41,810022,96.23 85.89 98
1197,922,15 1 14,41,810017,104.18 74.76 104
1198,919,15 1 13,41,810017,104.18 74.76 104
1199,921,15 11 1,41,810017,104.18 82.71 94
1200,888,6 13 7,41,809772,97.03 84.3 99
1201,907,11 3 15,41,809703,101 76.35 105
1202,905,11 12 3,41,809703,101 83.51 96
1203,908,12 7 8,41,809602,101.8 79.53 100
1204,911,12 6 10,41,809521,101.8 78.73 101
1205,907,12 6 9,41,809521,101.8 78.73 101
1206,909,12 8 7,41,809521,101.8 80.33 99
1207,892,7 9 11,41,809407,97.82 81.12 102
1208,891,7 8 12,41,809330,97.82 80.33 103
1209,893,7 10 10,41,809330,97.82 81.92 101
1210,889,7 10 9,41,809330,97.82 81.92 101
1211,910,12 5 11,41,809278,101.8 77.94 102
1212,910,12 9 6,41,809278,101.8 81.12 98
1213,888,6 14 6,41,809154,97.03 85.1 98
1214,921,15 0 15,41,809106,104.18 73.96 105
1215,922,15 12 0,41,809106,104.18 83.51 93
1216,893,7 7 14,41,809096,97.82 79.53 104
1217,890,7 7 13,41,809096,97.82 79.53 104
1218,890,7 11 8,41,809096,97.82 82.71 100
1219,903,10 15 1,41,809066,100.21 85.89 94
1220,867,0 12 15,41,808906,92.25 83.51 105
1221,905,11 13 2,41,808900,101 84.3 95
1222,909,12 4 12,41,808874,101.8 77.14 103
1223,911,12 10 5,41,808874,101.8 81.92 97
1224,907,12 10 4,41,808874,101.8 81.92 97
1225,867,0 13 14,41,808833,92.25 84.3 104
1226,864,0 13 13,41,808833,92.25 84.3 104
1227,892,7 6 15,41,808707,97.82 78.73 105
1228,891,7 12 7,41,808707,97.82 83.51 99
1229,865,0 14 12,41,808613,92.25 85.1 103
1230,889,6 15 5,41,808383,97.03 85.89 97
1231,885,6 15 4,41,808383,97.03 85.89 97
1232,911,12 3 14,41,808307,101.8 76.35 104
1233,907,12 3 13,41,808307,101.8 76.35 104
1234,908,12 11 3,41,808307,101.8 82.71 96
1235,866,0 15 11,41,808246,92.25 85.89 102
1236,891,7 13 6,41,808163,97.82 84.3 98
1237,870,1 11 15,41,808109,93.05 82.71 105
1238,871,1 12 14,41,808109,93.05 83.51 104
1239,867,1 12 13,41,808109,93.05 83.51 104
1240,895,8 8 11,41,807988,98.62 80.33 102
1241,896,8 9 10,41,807988,98.62 81.12 101
1242,892,8 9 9,41,807988,98.62 81.12 101
1243,868,1 13 12,41,807961,93.05 84.3 103
1244,906,11 14 1,41,807936,101 85.1 94
1245,894,8 7 12,41,807831,98.62 79.53 103
1246,893,8 10 8,41,807831,98.62 81.92 100
1247,911,13 6 8,41,807768,102.59 78.73 100
1248,912,13 7 7,41,807768,102.59 79.53 99
1249,869,1 14 11,41,807665,93.05 85.1 102
1250,913,13 5 10,41,807605,102.59 77.94 101
1251,910,13 5 9,41,807605,102.59 77.94 101
1252,913,13 8 6,41,807605,102.59 80.33 98
1253,910,12 2 15,41,807578,101.8 75.55 105
1254,908,12 12 2,41,807578,101.8 83.51 95
1255,896,8 6 14,41,807517,98.62 78.73 104
1256,893,8 6 13,41,807517,98.62 78.73 104
1257,894,8 11 7,41,807517,98.62 82.71 99
1258,892,7 14 5,41,807462,97.82 85.1 97
1259,888,7 14 4,41,807462,97.82 85.1 97
1260,912,13 4 11,41,807278,102.59 77.14 102
1261,913,13 9 5,41,807278,102.59 81.12 97
1262,910,13 9 4,41,807278,102.59 81.12 97
1263,874,2 11 14,41,807254,93.85 82.71 104
1264,871,2 11 13,41,807254,93.85 82.71 104
1265,870,1 15 10,41,807221,93.05 85.89 101
1266,866,1 15 9,41,807221,93.05 85.89 101
1267,873,2 10 15,41,807180,93.85 81.92 105
1268,871,2 12 12,41,807180,93.85 83.51 103
1269,895,8 5 15,41,807047,98.62 77.94 105
1270,894,8 12 6,41,807047,98.62 83.51 98
1271,872,2 13 11,41,806956,93.85 84.3 102
1272,906,11 15 0,41,806812,101 85.89 93
1273,911,13 3 12,41,806789,102.59 76.35 103
1274,910,13 10 3,41,806789,102.59 81.92 96
1275,909,12 13 1,41,806688,101.8 84.3 94
1276,889,7 15 3,41,806607,97.82 85.89 96
1277,873,2 14 10,41,806583,93.85 85.1 101
1278,870,2 14 9,41,806583,93.85 85.1 101
1279,898,9 8 10,41,806519,99.41 80.33 101
1280,895,9 8 9,41,806519,99.41 80.33 101
1281,897,9 7 11,41,806440,99.41 79.53 102
1282,896,9 9 8,41,806440,99.41 81.12 100
1283,895,8 13 5,41,806419,98.62 84.3 97
1284,891,8 13 4,41,806419,98.62 84.3 97
1285,877,3 10 14,41,806268,94.64 81.92 104
1286,874,3 10 13,41,806268,94.64 81.92 104
1287,875,3 11 12,41,806268,94.64 82.71 103
1288,896,9 6 12,41,806202,99.41 78.73 103
1289,897,9 10 7,41,806202,99.41 81.92 99
1290,913,13 2 14,41,806136,102.59 75.55 104
1291,910,13 2 13,41,806136,102.59 75.55 104
1292,911,13 11 2,41,806136,102.59 82.71 95
1293,876,3 9 15,41,806117,94.64 81.12 105
1294,875,3 12 11,41,806117,94.64 83.51 102
1295,870,2 15 8,41,806060,93.85 85.89 100
1296,914,14 6 7,41,805889,103.39 78.73 99
1297,876,3 13 10,41,805816,94.64 84.3 101
1298,873,3 13 9,41,805816,94.64 84.3 101
1299,899,9 5 14,41,805807,99.41 77.94 104
1300,895,9 5 13,41,805807,99.41 77.94 104
1301,913,14 5 8,41,805807,103.39 77.94 100
1302,915,14 7 6,41,805807,103.39 79.53 98
1303,897,9 11 6,41,805807,99.41 82.71 98
1304,892,8 14 3,41,805635,98.62 85.1 96
1305,909,12 14 0,41,805635,101.8 85.1 93
1306,916,14 4 10,41,805560,103.39 77.14 101
1307,912,14 4 9,41,805560,103.39 77.14 101
1308,916,14 8 5,41,805560,103.39 80.33 97
1309,912,14 8 4,41,805560,103.39 80.33 97
1310,873,3 14 8,41,805364,94.64 85.1 100
1311,912,13 1 15,41,805320,102.59 74.76 105
1312,912,13 12 1,41,805320,102.59 83.51 94
1313,898,9 4 15,41,805254,99.41 77.14 105
1314,898,9 12 5,41,805254,99.41 83.51 97
1315,894,9 12 4,41,805254,99.41 83.51 97
1316,878,4 10 12,41,805225,95.44 81.92 103
1317,880,4 9 14,41,805149,95.44 81.12 104
1318,877,4 9 13,41,805149,95.44 81.12 104
1319,915,14 3 11,41,805149,103.39 76.35 102
1320,879,4 11 11,41,805149,95.44 82.71 102
1321,913,14 9 3,41,805149,103.39 81.12 96
1322,879,4 8 15,41,804922,95.44 80.33 105
1323,901,10 7 10,41,804922,100.21 79.53 101
1324,898,10 7 9,41,804922,100.21 79.53 101
1325,879,4 12 10,41,804922,95.44 83.51 101
1326,876,4 12 9,41,804922,95.44 83.51 101
1327,899,10 8 8,41,804922,100.21 80.33 100
1328,900,10 6 11,41,804762,100.21 78.73 102
1329,899,10 9 7,41,804762,100.21 81.12 99
1330,874,3 15 7,41,804762,94.64 85.89 99
1331,892,8 15 2,41,804694,98.62 85.89 95
1332,913,14 2 12,41,804574,103.39 75.55 103
1333,914,14 10 2,41,804574,103.39 81.92 95
1334,877,4 13 8,41,804542,95.44 84.3 100
1335,895,9 13 3,41,804542,99.41 84.3 96
1336,899,10 5 12,41,804443,100.21 77.94 103
1337,900,10 10 6,41,804443,100.21 81.92 98
1338,912,13 13 0,41,804341,102.59 84.3 93
1339,881,5 9 12,41,804053,96.23 81.12 103
1340,882,5 10 11,41,804053,96.23 81.92 102
1341,877,4 14 7,41,804011,95.44 85.1 99
1342,901,10 4 14,41,803965,100.21 77.14 104
1343,898,10 4 13,41,803965,100.21 77.14 104
1344,901,10 11 5,41,803965,100.21 82.71 97
1345,897,10 11 4,41,803965,100.21 82.71 97
1346,883,5 8 14,41,803900,96.23 80.33 104
1347,880,5 8 13,41,803900,96.23 80.33 104
1348,883,5 11 10,41,803900,96.23 82.71 101
1349,879,5 11 9,41,803900,96.23 82.71 101
1350,917,15 5 7,41,803886,104.18 77.94 99
1351,918,15 6 6,41,803886,104.18 78.73 98
1352,915,14 1 14,41,803834,103.39 74.76 104
1353,912,14 1 13,41,803834,103.39 74.76 104
1354,914,14 11 1,41,803834,103.39 82.71 94
1355,916,15 4 8,41,803720,104.18 77.14 100
1356,918,15 7 5,41,803720,104.18 79.53 97
1357,915,15 7 4,41,803720,104.18 79.53 97
1358,895,9 14 2,41,803672,99.41 85.1 95
1359,882,5 7 15,41,803593,96.23 79.53 105
1360,880,5 12 8,41,803593,96.23 83.51 100
1361,918,15 3 10,41,803388,104.18 76.35 101
1362,914,15 3 9,41,803388,104.18 76.35 101
1363,915,15 8 3,41,803388,104.18 80.33 96
1364,900,10 3 15,41,803328,100.21 76.35 105
1365,878,4 15 6,41,803328,95.44 85.89 98
1366,898,10 12 3,41,803328,100.21 83.51 96
1367,901,11 7 8,41,803277,101 79.53 100
1368,904,11 6 10,41,803197,101 78.73 101
1369,900,11 6 9,41,803197,101 78.73 101
1370,902,11 8 7,41,803197,101 80.33 99
1371,880,5 13 7,41,803134,96.23 84.3 99
1372,903,11 5 11,41,802956,101 77.94 102
1373,903,11 9 6,41,802956,101 81.12 98
1374,914,14 0 15,41,802929,103.39 73.96 105
1375,915,14 12 0,41,802929,103.39 83.51 93
1376,917,15 2 11,41,802891,104.18 75.55 102
1377,916,15 9 2,41,802891,104.18 81.12 95
1378,885,6 9 11,41,802827,97.03 81.12 102
1379,884,6 8 12,41,802750,97.03 80.33 103
1380,886,6 10 10,41,802750,97.03 81.92 101
1381,882,6 10 9,41,802750,97.03 81.92 101
1382,896,9 15 1,41,802645,99.41 85.89 94
1383,902,11 4 12,41,802554,101 77.14 103
1384,904,11 10 5,41,802554,101 81.92 97
1385,900,11 10 4,41,802554,101 81.92 97
1386,898,10 13 2,41,802531,100.21 84.3 95
1387,881,5 14 6,41,802522,96.23 85.1 98
1388,886,6 7 14,41,802518,97.03 79.53 104
1389,883,6 7 13,41,802518,97.03 79.53 104
1390,883,6 11 8,41,802518,97.03 82.71 100
1391,915,15 1 12,41,802228,104.18 74.76 103
1392,917,15 10 1,41,802228,104.18 81.92 94
1393,885,6 6 15,41,802132,97.03 78.73 105
1394,884,6 12 7,41,802132,97.03 83.51 99
1395,904,11 3 14,41,801992,101 76.35 104
1396,900,11 3 13,41,801992,101 76.35 104
1397,901,11 11 3,41,801992,101 82.71 96
1398,882,5 15 5,41,801757,96.23 85.89 97
1399,878,5 15 4,41,801757,96.23 85.89 97
1400,884,6 13 6,41,801592,97.03 84.3 98
1401,899,10 14 1,41,801574,100.21 85.1 94
1402,904,12 6 8,41,801506,101.8 78.73 100
1403,905,12 7 7,41,801506,101.8 79.53 99
1404,888,7 8 11,41,801472,97.82 80.33 102
1405,888,7 9 10,41,801472,97.82 81.12 101
1406,885,7 9 9,41,801472,97.82 81.12 101
1407,918,15 0 14,41,801400,104.18 73.96 104
1408,914,15 0 13,41,801400,104.18 73.96 104
1409,917,15 11 0,41,801400,104.18 82.71 93
1410,906,12 5 10,41,801344,101.8 77.94 101
1411,903,12 5 9,41,801344,101.8 77.94 101
1412,906,12 8 6,41,801344,101.8 80.33 98
1413,887,7 7 12,41,801316,97.82 79.53 103
1414,886,7 10 8,41,801316,97.82 81.92 100
1415,902,11 2 15,41,801269,101 75.55 105
1416,901,11 12 2,41,801269,101 83.51 95
1417,862,0 11 15,41,801203,92.25 82.71 105
1418,863,0 12 14,41,801203,92.25 83.51 104
1419,860,0 12 13,41,801203,92.25 83.51 104
1420,861,0 13 12,41,801056,92.25 84.3 103
1421,905,12 4 11,41,801020,101.8 77.14 102
1422,906,12 9 5,41,801020,101.8 81.12 97
1423,903,12 9 4,41,801020,101.8 81.12 97
1424,889,7 6 14,41,801005,97.82 78.73 104
1425,885,7 6 13,41,801005,97.82 78.73 104
1426,887,7 11 7,41,801005,97.82 82.71 99
1427,885,6 14 5,41,800898,97.03 85.1 97
1428,881,6 14 4,41,800898,97.03 85.1 97
1429,861,0 14 11,41,800762,92.25 85.1 102
1430,888,7 5 15,41,800538,97.82 77.94 105
1431,887,7 12 6,41,800538,97.82 83.51 98
1432,904,12 3 12,41,800535,101.8 76.35 103
1433,903,12 10 3,41,800535,101.8 81.92 96
1434,899,10 15 0,41,800459,100.21 85.89 93
1435,867,1 11 14,41,800413,93.05 82.71 104
1436,863,1 11 13,41,800413,93.05 82.71 104
1437,902,11 13 1,41,800385,101 84.3 94
1438,866,1 10 15,41,800339,93.05 81.92 105
1439,864,1 12 12,41,800339,93.05 83.51 103
1440,862,0 15 10,41,800322,92.25 85.89 101
1441,859,0 15 9,41,800322,92.25 85.89 101
1442,865,1 13 11,41,800117,93.05 84.3 102
1443,891,8 8 10,41,800067,98.62 80.33 101
1444,888,8 8 9,41,800067,98.62 80.33 101
1445,882,6 15 3,41,800049,97.03 85.89 96
1446,890,8 7 11,41,799988,98.62 79.53 102
1447,889,8 9 8,41,799988,98.62 81.12 100
1448,888,7 13 5,41,799916,97.82 84.3 97
1449,884,7 13 4,41,799916,97.82 84.3 97
1450,906,12 2 14,41,799887,101.8 75.55 104
1451,903,12 2 13,41,799887,101.8 75.55 104
1452,904,12 11 2,41,799887,101.8 82.71 95
1453,889,8 6 12,41,799753,98.62 78.73 103
1454,889,8 10 7,41,799753,98.62 81.92 99
1455,866,1 14 10,41,799747,93.05 85.1 101
1456,862,1 14 9,41,799747,93.05 85.1 101
1457,907,13 6 7,41,799690,102.59 78.73 99
1458,906,13 5 8,41,799609,102.59 77.94 100
1459,908,13 7 6,41,799609,102.59 79.53 98
1460,870,2 10 14,41,799492,93.85 81.92 104
1461,866,2 10 13,41,799492,93.85 81.92 104
1462,867,2 11 12,41,799492,93.85 82.71 103
1463,909,13 4 10,41,799364,102.59 77.14 101
1464,905,13 4 9,41,799364,102.59 77.14 101
1465,909,13 8 5,41,799364,102.59 80.33 97
1466,905,13 8 4,41,799364,102.59 80.33 97
1467,892,8 5 14,41,799361,98.62 77.94 104
1468,888,8 5 13,41,799361,98.62 77.94 104
1469,890,8 11 6,41,799361,98.62 82.71 98
1470,869,2 9 15,41,799343,93.85 81.12 105
1471,868,2 12 11,41,799343,93.85 83.51 102
1472,902,11 14 0,41,799341,101 85.1 93
1473,863,1 15 8,41,799229,93.05 85.89 100
1474,885,7 14 3,41,799138,97.82 85.1 96
1475,905,12 1 15,41,799077,101.8 74.76 105
1476,904,12 12 1,41,799077,101.8 83.51 94
1477,869,2 13 10,41,799044,93.85 84.3 101
1478,865,2 13 9,41,799044,93.85 84.3 101
1479,907,13 3 11,41,798956,102.59 76.35 102
1480,906,13 9 3,41,798956,102.59 81.12 96
1481,890,8 4 15,41,798812,98.62 77.14 105
1482,891,8 12 5,41,798812,98.62 83.51 97
1483,887,8 12 4,41,798812,98.62 83.51 97
1484,866,2 14 8,41,798597,93.85 85.1 100
1485,894,9 7 10,41,798533,99.41 79.53 101
1486,890,9 7 9,41,798533,99.41 79.53 101
1487,891,9 8 8,41,798533,99.41 80.33 100
1488,870,3 10 12,41,798515,94.64 81.92 103
1489,873,3 9 14,41,798440,94.64 81.12 104
1490,870,3 9 13,41,798440,94.64 81.12 104
1491,871,3 11 11,41,798440,94.64 82.71 102
1492,906,13 2 12,41,798385,102.59 75.55 103
1493,907,13 10 2,41,798385,102.59 81.92 95
1494,893,9 6 11,41,798375,99.41 78.73 102
1495,892,9 9 7,41,798375,99.41 81.12 99
1496,872,3 8 15,41,798214,94.64 80.33 105
1497,872,3 12 10,41,798214,94.64 83.51 101
1498,869,3 12 9,41,798214,94.64 83.51 101
1499,885,7 15 2,41,798204,97.82 85.89 95
1500,888,8 13 3,41,798106,98.62 84.3 96
1501,905,12 13 0,41,798106,101.8 84.3 93
1502,892,9 5 12,41,798059,99.41 77.94 103
1503,893,9 10 6,41,798059,99.41 81.92 98
1504,867,2 15 7,41,798000,93.85 85.89 99
1505,869,3 13 8,41,797838,94.64 84.3 100
1506,910,14 5 7,41,797749,103.39 77.94 99
1507,911,14 6 6,41,797749,103.39 78.73 98
1508,908,13 1 14,41,797650,102.59 74.76 104
1509,905,13 1 13,41,797650,102.59 74.76 104
1510,907,13 11 1,41,797650,102.59 82.71 94
1511,894,9 4 14,41,797585,99.41 77.14 104
1512,891,9 4 13,41,797585,99.41 77.14 104
1513,909,14 4 8,41,797585,103.39 77.14 100
1514,911,14 7 5,41,797585,103.39 79.53 97
1515,908,14 7 4,41,797585,103.39 79.53 97
1516,894,9 11 5,41,797585,99.41 82.71 97
1517,890,9 11 4,41,797585,99.41 82.71 97
1518,874,4 9 12,41,797408,95.44 81.12 103
1519,874,4 10 11,41,797408,95.44 81.92 102
1520,870,3 14 7,41,797311,94.64 85.1 99
1521,876,4 8 14,41,797256,95.44 80.33 104
1522,873,4 8 13,41,797256,95.44 80.33 104
1523,911,14 3 10,41,797256,103.39 76.35 101
1524,907,14 3 9,41,797256,103.39 76.35 101
1525,875,4 11 10,41,797256,95.44 82.71 101
1526,872,4 11 9,41,797256,95.44 82.71 101
1527,908,14 8 3,41,797256,103.39 80.33 96
1528,888,8 14 2,41,797243,98.62 85.1 95
1529,893,9 3 15,41,796952,99.41 76.35 105
1530,875,4 7 15,41,796952,95.44 79.53 105
1531,894,10 7 8,41,796952,100.21 79.53 100
1532,873,4 12 8,41,796952,95.44 83.51 100
1533,891,9 12 3,41,796952,99.41 83.51 96
1534,897,10 6 10,41,796872,100.21 78.73 101
1535,893,10 6 9,41,796872,100.21 78.73 101
1536,895,10 8 7,41,796872,100.21 80.33 99
1537,910,14 2 11,41,796762,103.39 75.55 102
1538,909,14 9 2,41,796762,103.39 81.12 95
1539,907,13 0 15,41,796753,102.59 73.96 105
1540,908,13 12 0,41,796753,102.59 83.51 93
1541,896,10 5 11,41,796633,100.21 77.94 102
1542,896,10 9 6,41,796633,100.21 81.12 98
1543,871,3 15 6,41,796633,94.64 85.89 98
1544,873,4 13 7,41,796497,95.44 84.3 99
1545,877,5 9 11,41,796246,96.23 81.12 102
1546,894,10 4 12,41,796235,100.21 77.14 103
1547,897,10 10 5,41,796235,100.21 81.92 97
1548,893,10 10 4,41,796235,100.21 81.92 97
1549,889,8 15 1,41,796223,98.62 85.89 94
1550,876,5 8 12,41,796170,96.23 80.33 103
1551,878,5 10 10,41,796170,96.23 81.92 101
1552,875,5 10 9,41,796170,96.23 81.92 101
1553,891,9 13 2,41,796162,99.41 84.3 95
1554,908,14 1 12,41,796105,103.39 74.76 103
1555,910,14 10 1,41,796105,103.39 81.92 94
1556,879,5 7 14,41,795940,96.23 79.53 104
1557,875,5 7 13,41,795940,96.23 79.53 104
1558,876,5 11 8,41,795940,96.23 82.71 100
1559,874,4 14 6,41,795890,95.44 85.1 98
1560,913,15 5 6,41,795766,104.18 77.94 98
1561,912,15 4 7,41,795683,104.18 77.14 99
1562,914,15 6 5,41,795683,104.18 78.73 97
1563,910,15 6 4,41,795683,104.18 78.73 97
1564,897,10 3 14,41,795677,100.21 76.35 104
1565,893,10 3 13,41,795677,100.21 76.35 104
1566,894,10 11 3,41,795677,100.21 82.71 96
1567,878,5 6 15,41,795557,96.23 78.73 105
1568,876,5 12 7,41,795557,96.23 83.51 99
1569,911,15 3 8,41,795434,104.18 76.35 100
1570,911,15 7 3,41,795434,104.18 79.53 96
1571,911,14 0 14,41,795282,103.39 73.96 104
1572,907,14 0 13,41,795282,103.39 73.96 104
1573,910,14 11 0,41,795282,103.39 82.71 93
1574,897,11 6 8,41,795244,101 78.73 100
1575,898,11 7 7,41,795244,101 79.53 99
1576,892,9 14 1,41,795213,99.41 85.1 94
1577,874,4 15 5,41,795131,95.44 85.89 97
1578,871,4 15 4,41,795131,95.44 85.89 97
1579,899,11 5 10,41,795084,101 77.94 101
1580,896,11 5 9,41,795084,101 77.94 101
1581,898,11 8 6,41,795084,101 80.33 98
1582,877,5 13 6,41,795022,96.23 84.3 98
1583,913,15 2 10,41,795020,104.18 75.55 101
1584,910,15 2 9,41,795020,104.18 75.55 101
1585,912,15 8 2,41,795020,104.18 80.33 95
1586,895,10 2 15,41,794960,100.21 75.55 105
1587,894,10 12 2,41,794960,100.21 83.51 95
1588,880,6 8 11,41,794956,97.03 80.33 102
1589,881,6 9 10,41,794956,97.03 81.12 101
1590,878,6 9 9,41,794956,97.03 81.12 101
1591,879,6 7 12,41,794802,97.03 79.53 103
1592,879,6 10 8,41,794802,97.03 81.92 100
1593,898,11 4 11,41,794762,101 77.14 102
1594,899,11 9 5,41,794762,101 81.12 97
1595,896,11 9 4,41,794762,101 81.12 97
1596,882,6 6 14,41,794493,97.03 78.73 104
1597,878,6 6 13,41,794493,97.03 78.73 104
1598,879,6 11 7,41,794493,97.03 82.71 99
1599,912,15 1 11,41,794440,104.18 74.76 102
1600,912,15 9 1,41,794440,104.18 81.12 94
1601,877,5 14 5,41,794333,96.23 85.1 97
1602,874,5 14 4,41,794333,96.23 85.1 97
1603,897,11 3 12,41,794280,101 76.35 103
1604,896,11 10 3,41,794280,101 81.92 96
1605,892,9 15 0,41,794106,99.41 85.89 93
1606,895,10 13 1,41,794083,100.21 84.3 94
1607,880,6 5 15,41,794030,97.03 77.94 105
1608,880,6 12 6,41,794030,97.03 83.51 98
1609,911,15 0 12,41,793694,104.18 73.96 103
1610,913,15 10 0,41,793694,104.18 81.92 93
1611,899,11 2 14,41,793638,101 75.55 104
1612,896,11 2 13,41,793638,101 75.55 104
1613,897,11 11 2,41,793638,101 82.71 95
1614,884,7 8 10,41,793614,97.82 80.33 101
1615,881,7 8 9,41,793614,97.82 80.33 101
1616,859,0 11 14,41,793572,92.25 82.71 104
1617,856,0 11 13,41,793572,92.25 82.71 104
1618,883,7 7 11,41,793537,97.82 79.53 102
1619,881,7 9 8,41,793537,97.82 81.12 100
1620,858,0 10 15,41,793499,92.25 81.92 105
1621,857,0 12 12,41,793499,92.25 83.51 103
1622,900,12 6 7,41,793491,101.8 78.73 99
1623,874,5 15 3,41,793491,96.23 85.89 96
1624,881,6 13 5,41,793413,97.03 84.3 97
1625,877,6 13 4,41,793413,97.03 84.3 97
1626,899,12 5 8,41,793410,101.8 77.94 100
1627,901,12 7 6,41,793410,101.8 79.53 98
1628,882,7 6 12,41,793303,97.82 78.73 103
1629,882,7 10 7,41,793303,97.82 81.92 99
1630,857,0 13 11,41,793279,92.25 84.3 102
1631,902,12 4 10,41,793167,101.8 77.14 101
1632,898,12 4 9,41,793167,101.8 77.14 101
1633,902,12 8 5,41,793167,101.8 80.33 97
1634,898,12 8 4,41,793167,101.8 80.33 97
1635,895,10 14 0,41,793047,100.21 85.1 93
1636,884,7 5 14,41,792914,97.82 77.94 104
1637,881,7 5 13,41,792914,97.82 77.94 104
1638,883,7 11 6,41,792914,97.82 82.71 98
1639,858,0 14 10,41,792912,92.25 85.1 101
1640,855,0 14 9,41,792912,92.25 85.1 101
1641,898,11 1 15,41,792835,101 74.76 105
1642,897,11 12 1,41,792835,101 83.51 94
1643,900,12 3 11,41,792762,101.8 76.35 102
1644,899,12 9 3,41,792762,101.8 81.12 96
1645,862,1 10 14,41,792717,93.05 81.92 104
1646,859,1 10 13,41,792717,93.05 81.92 104
1647,860,1 11 12,41,792717,93.05 82.71 103
1648,878,6 14 3,41,792641,97.03 85.1 96
1649,861,1 9 15,41,792569,93.05 81.12 105
1650,861,1 12 11,41,792569,93.05 83.51 102
1651,855,0 15 8,41,792398,92.25 85.89 100
1652,883,7 4 15,41,792370,97.82 77.14 105
1653,884,7 12 5,41,792370,97.82 83.51 97
1654,880,7 12 4,41,792370,97.82 83.51 97
1655,861,1 13 10,41,792273,93.05 84.3 101
1656,858,1 13 9,41,792273,93.05 84.3 101
1657,899,12 2 12,41,792196,101.8 75.55 103
1658,900,12 10 2,41,792196,101.8 81.92 95
1659,887,8 7 10,41,792145,98.62 79.53 101
1660,883,8 7 9,41,792145,98.62 79.53 101
1661,884,8 8 8,41,792145,98.62 80.33 100
1662,886,8 6 11,41,791988,98.62 78.73 102
1663,885,8 9 7,41,791988,98.62 81.12 99
1664,898,11 13 0,41,791871,101 84.3 93
1665,859,1 14 8,41,791829,93.05 85.1 100
1666,863,2 10 12,41,791805,93.85 81.92 103
1667,866,2 9 14,41,791730,93.85 81.12 104
1668,862,2 9 13,41,791730,93.85 81.12 104
1669,864,2 11 11,41,791730,93.85 82.71 102
1670,878,6 15 2,41,791715,97.03 85.89 95
1671,885,8 5 12,41,791675,98.62 77.94 103
1672,886,8 10 6,41,791675,98.62 81.92 98
1673,881,7 13 3,41,791669,97.82 84.3 96
1674,903,13 5 7,41,791613,102.59 77.94 99
1675,904,13 6 6,41,791613,102.59 78.73 98
1676,865,2 8 15,41,791506,93.85 80.33 105
1677,865,2 12 10,41,791506,93.85 83.51 101
1678,861,2 12 9,41,791506,93.85 83.51 101
1679,901,12 1 14,41,791467,101.8 74.76 104
1680,898,12 1 13,41,791467,101.8 74.76 104
1681,900,12 11 1,41,791467,101.8 82.71 94
1682,902,13 4 8,41,791449,102.59 77.14 100
1683,904,13 7 5,41,791449,102.59 79.53 97
1684,901,13 7 4,41,791449,102.59 79.53 97
1685,859,1 15 7,41,791237,93.05 85.89 99
1686,887,8 4 14,41,791204,98.62 77.14 104
1687,884,8 4 13,41,791204,98.62 77.14 104
1688,887,8 11 5,41,791204,98.62 82.71 97
1689,883,8 11 4,41,791204,98.62 82.71 97
1690,862,2 13 8,41,791133,93.85 84.3 100
1691,904,13 3 10,41,791123,102.59 76.35 101
1692,900,13 3 9,41,791123,102.59 76.35 101
1693,901,13 8 3,41,791123,102.59 80.33 96
1694,881,7 14 2,41,790814,97.82 85.1 95
1695,866,3 9 12,41,790762,94.64 81.12 103
1696,867,3 10 11,41,790762,94.64 81.92 102
1697,903,13 2 11,41,790633,102.59 75.55 102
1698,902,13 9 2,41,790633,102.59 81.12 95
1699,887,9 7 8,41,790627,99.41 79.53 100
1700,869,3 8 14,41,790612,94.64 80.33 104
1701,865,3 8 13,41,790612,94.64 80.33 104
1702,868,3 11 10,41,790612,94.64 82.71 101
1703,865,3 11 9,41,790612,94.64 82.71 101
1704,863,2 14 7,41,790611,93.85 85.1 99
1705,900,12 0 15,41,790577,101.8 73.96 105
1706,886,8 3 15,41,790577,98.62 76.35 105
1707,884,8 12 3,41,790577,98.62 83.51 96
1708,901,12 12 0,41,790577,101.8 83.51 93
1709,890,9 6 10,41,790548,99.41 78.73 101
1710,886,9 6 9,41,790548,99.41 78.73 101
1711,888,9 8 7,41,790548,99.41 80.33 99
1712,868,3 7 15,41,790311,94.64 79.53 105
1713,888,9 5 11,41,790311,99.41 77.94 102
1714,865,3 12 8,41,790311,94.64 83.51 100
1715,889,9 9 6,41,790311,99.41 81.12 98
1716,901,13 1 12,41,789981,102.59 74.76 103
1717,903,13 10 1,41,789981,102.59 81.92 94
1718,863,2 15 6,41,789939,93.85 85.89 98
1719,887,9 4 12,41,789916,99.41 77.14 103
1720,889,9 10 5,41,789916,99.41 81.92 97
1721,886,9 10 4,41,789916,99.41 81.92 97
1722,866,3 13 7,41,789859,94.64 84.3 99
1723,881,7 15 1,41,789802,97.82 85.89 94
1724,884,8 13 2,41,789792,98.62 84.3 95
1725,906,14 5 6,41,789691,103.39 77.94 98
1726,870,4 9 11,41,789666,95.44 81.12 102
1727,905,14 4 7,41,789609,103.39 77.14 99
1728,907,14 6 5,41,789609,103.39 78.73 97
1729,903,14 6 4,41,789609,103.39 78.73 97
1730,869,4 8 12,41,789590,95.44 80.33 103
1731,871,4 10 10,41,789590,95.44 81.92 101
1732,868,4 10 9,41,789590,95.44 81.92 101
1733,890,9 3 14,41,789362,99.41 76.35 104
1734,886,9 3 13,41,789362,99.41 76.35 104
1735,872,4 7 14,41,789362,95.44 79.53 104
1736,868,4 7 13,41,789362,95.44 79.53 104
1737,904,14 3 8,41,789362,103.39 76.35 100
1738,868,4 11 8,41,789362,95.44 82.71 100
1739,904,14 7 3,41,789362,103.39 79.53 96
1740,886,9 11 3,41,789362,99.41 82.71 96
1741,866,3 14 6,41,789257,94.64 85.1 98
1742,904,13 0 14,41,789165,102.59 73.96 104
1743,900,13 0 13,41,789165,102.59 73.96 104
1744,903,13 11 0,41,789165,102.59 82.71 93
1745,870,4 6 15,41,788983,95.44 78.73 105
1746,890,10 6 8,41,788983,100.21 78.73 100
1747,891,10 7 7,41,788983,100.21 79.53 99
1748,869,4 12 7,41,788983,95.44 83.51 99
1749,906,14 2 10,41,788951,103.39 75.55 101
1750,903,14 2 9,41,788951,103.39 75.55 101
1751,905,14 8 2,41,788951,103.39 80.33 95
1752,885,8 14 1,41,788851,98.62 85.1 94
1753,892,10 5 10,41,788823,100.21 77.94 101
1754,889,10 5 9,41,788823,100.21 77.94 101
1755,891,10 8 6,41,788823,100.21 80.33 98
1756,888,9 2 15,41,788651,99.41 75.55 105
1757,887,9 12 2,41,788651,99.41 83.51 95
1758,891,10 4 11,41,788504,100.21 77.14 102
1759,892,10 9 5,41,788504,100.21 81.12 97
1760,889,10 9 4,41,788504,100.21 81.12 97
1761,867,3 15 5,41,788504,94.64 85.89 97
1762,863,3 15 4,41,788504,94.64 85.89 97
1763,870,4 13 6,41,788451,95.44 84.3 98
1764,873,5 8 11,41,788440,96.23 80.33 102
1765,874,5 9 10,41,788440,96.23 81.12 101
1766,871,5 9 9,41,788440,96.23 81.12 101
1767,905,14 1 11,41,788375,103.39 74.76 102
1768,905,14 9 1,41,788375,103.39 81.12 94
1769,872,5 7 12,41,788287,96.23 79.53 103
1770,871,5 10 8,41,788287,96.23 81.92 100
1771,890,10 3 12,41,788026,100.21 76.35 103
1772,889,10 10 3,41,788026,100.21 81.92 96
1773,874,5 6 14,41,787981,96.23 78.73 104
1774,871,5 6 13,41,787981,96.23 78.73 104
1775,872,5 11 7,41,787981,96.23 82.71 99
1776,887,9 13 1,41,787781,99.41 84.3 94
1777,870,4 14 5,41,787768,95.44 85.1 97
1778,867,4 14 4,41,787768,95.44 85.1 97
1779,885,8 15 0,41,787753,98.62 85.89 93
1780,908,15 4 6,41,787645,104.18 77.14 98
1781,909,15 5 5,41,787645,104.18 77.94 97
1782,905,15 5 4,41,787645,104.18 77.94 97
1783,904,14 0 12,41,787635,103.39 73.96 103
1784,906,14 10 0,41,787635,103.39 81.92 93
1785,873,5 5 15,41,787522,96.23 77.94 105
1786,873,5 12 6,41,787522,96.23 83.51 98
1787,907,15 3 7,41,787480,104.18 76.35 99
1788,906,15 6 3,41,787480,104.18 78.73 96
1789,892,10 2 14,41,787389,100.21 75.55 104
1790,889,10 2 13,41,787389,100.21 75.55 104
1791,890,10 11 2,41,787389,100.21 82.71 95
1792,893,11 6 7,41,787292,101 78.73 99
1793,892,11 5 8,41,787212,101 77.94 100
1794,894,11 7 6,41,787212,101 79.53 98
1795,877,6 8 10,41,787162,97.03 80.33 101
1796,873,6 8 9,41,787162,97.03 80.33 101
1797,906,15 2 8,41,787148,104.18 75.55 100
1798,907,15 7 2,41,787148,104.18 79.53 95
1799,876,6 7 11,41,787085,97.03 79.53 102
1800,874,6 9 8,41,787085,97.03 81.12 100
1801,895,11 4 10,41,786971,101 77.14 101
1802,891,11 4 9,41,786971,101 77.14 101
1803,895,11 8 5,41,786971,101 80.33 97
1804,891,11 8 4,41,786971,101 80.33 97
1805,867,4 15 3,41,786933,95.44 85.89 96
1806,873,5 13 5,41,786909,96.23 84.3 97
1807,870,5 13 4,41,786909,96.23 84.3 97
1808,875,6 6 12,41,786854,97.03 78.73 103
1809,875,6 10 7,41,786854,97.03 81.92 99
1810,888,9 14 0,41,786753,99.41 85.1 93
1811,908,15 1 10,41,786651,104.18 74.76 101
1812,905,15 1 9,41,786651,104.18 74.76 101
1813,908,15 8 1,41,786651,104.18 80.33 94
1814,891,10 1 15,41,786592,100.21 74.76 105
1815,890,10 12 1,41,786592,100.21 83.51 94
1816,893,11 3 11,41,786569,101 76.35 102
1817,892,11 9 3,41,786569,101 81.12 96
1818,877,6 5 14,41,786468,97.03 77.94 104
1819,874,6 5 13,41,786468,97.03 77.94 104
1820,876,6 11 6,41,786468,97.03 82.71 98
1821,870,5 14 3,41,786144,96.23 85.1 96
1822,892,11 2 12,41,786007,101 75.55 103
1823,893,11 10 2,41,786007,101 81.92 95
1824,907,15 0 11,41,785988,104.18 73.96 102
1825,909,15 9 0,41,785988,104.18 81.12 93
1826,855,0 10 14,41,785942,92.25 81.92 104
1827,852,0 10 13,41,785942,92.25 81.92 104
1828,853,0 11 12,41,785942,92.25 82.71 103
1829,876,6 4 15,41,785928,97.03 77.14 105
1830,876,6 12 5,41,785928,97.03 83.51 97
1831,873,6 12 4,41,785928,97.03 83.51 97
1832,854,0 9 15,41,785795,92.25 81.12 105
1833,853,0 12 11,41,785795,92.25 83.51 102
1834,880,7 7 10,41,785757,97.82 79.53 101
1835,876,7 7 9,41,785757,97.82 79.53 101
1836,877,7 8 8,41,785757,97.82 80.33 100
1837,891,10 13 0,41,785635,100.21 84.3 93
1838,879,7 6 11,41,785601,97.82 78.73 102
1839,878,7 9 7,41,785601,97.82 81.12 99
1840,854,0 13 10,41,785501,92.25 84.3 101
1841,851,0 13 9,41,785501,92.25 84.3 101
1842,896,12 5 7,41,785476,101.8 77.94 99
1843,897,12 6 6,41,785476,101.8 78.73 98
1844,895,12 4 8,41,785314,101.8 77.14 100
1845,897,12 7 5,41,785314,101.8 79.53 97
1846,894,12 7 4,41,785314,101.8 79.53 97
1847,878,7 5 12,41,785290,97.82 77.94 103
1848,879,7 10 6,41,785290,97.82 81.92 98
1849,894,11 1 14,41,785284,101 74.76 104
1850,891,11 1 13,41,785284,101 74.76 104
1851,893,11 11 1,41,785284,101 82.71 94
1852,873,6 13 3,41,785233,97.03 84.3 96
1853,871,5 15 2,41,785226,96.23 85.89 95
1854,856,1 10 12,41,785095,93.05 81.92 103
1855,851,0 14 8,41,785061,92.25 85.1 100
1856,858,1 9 14,41,785021,93.05 81.12 104
1857,855,1 9 13,41,785021,93.05 81.12 104
1858,857,1 11 11,41,785021,93.05 82.71 102
1859,897,12 3 10,41,784990,101.8 76.35 101
1860,893,12 3 9,41,784990,101.8 76.35 101
1861,895,12 8 3,41,784990,101.8 80.33 96
1862,880,7 4 14,41,784823,97.82 77.14 104
1863,876,7 4 13,41,784823,97.82 77.14 104
1864,879,7 11 5,41,784823,97.82 82.71 97
1865,876,7 11 4,41,784823,97.82 82.71 97
1866,857,1 8 15,41,784799,93.05 80.33 105
1867,857,1 12 10,41,784799,93.05 83.51 101
1868,854,1 12 9,41,784799,93.05 83.51 101
1869,896,12 2 11,41,784504,101.8 75.55 102
1870,895,12 9 2,41,784504,101.8 81.12 95
1871,852,0 15 7,41,784474,92.25 85.89 99
1872,855,1 13 8,41,784429,93.05 84.3 100
1873,893,11 0 15,41,784400,101 73.96 105
1874,894,11 12 0,41,784400,101 83.51 93
1875,874,6 14 2,41,784384,97.03 85.1 95
1876,880,8 7 8,41,784302,98.62 79.53 100
1877,882,8 6 10,41,784224,98.62 78.73 101
1878,879,8 6 9,41,784224,98.62 78.73 101
1879,881,8 8 7,41,784224,98.62 80.33 99
1880,879,7 3 15,41,784201,97.82 76.35 105
1881,876,7 12 3,41,784201,97.82 83.51 96
1882,859,2 9 12,41,784117,93.85 81.12 103
1883,860,2 10 11,41,784117,93.85 81.92 102
1884,881,8 5 11,41,783988,98.62 77.94 102
1885,882,8 9 6,41,783988,98.62 81.12 98
1886,861,2 8 14,41,783968,93.85 80.33 104
1887,858,2 8 13,41,783968,93.85 80.33 104
1888,861,2 11 10,41,783968,93.85 82.71 101
1889,857,2 11 9,41,783968,93.85 82.71 101
1890,855,1 14 7,41,783911,93.05 85.1 99
1891,894,12 1 12,41,783857,101.8 74.76 103
1892,896,12 10 1,41,783857,101.8 81.92 94
1893,860,2 7 15,41,783670,93.85 79.53 105
1894,858,2 12 8,41,783670,93.85 83.51 100
1895,899,13 5 6,41,783616,102.59 77.94 98
1896,880,8 4 12,41,783596,98.62 77.14 103
1897,882,8 10 5,41,783596,98.62 81.92 97
1898,879,8 10 4,41,783596,98.62 81.92 97
1899,898,13 4 7,41,783535,102.59 77.14 99
1900,900,13 6 5,41,783535,102.59 78.73 97
1901,896,13 6 4,41,783535,102.59 78.73 97
1902,877,7 13 2,41,783423,97.82 84.3 95
1903,874,6 15 1,41,783381,97.03 85.89 94
1904,897,13 3 8,41,783290,102.59 76.35 100
1905,897,13 7 3,41,783290,102.59 79.53 96
1906,856,1 15 6,41,783245,93.05 85.89 98
1907,859,2 13 7,41,783222,93.85 84.3 99
1908,863,3 9 11,41,783085,94.64 81.12 102
1909,897,12 0 14,41,783047,101.8 73.96 104
1910,893,12 0 13,41,783047,101.8 73.96 104
1911,882,8 3 14,41,783047,98.62 76.35 104
1912,879,8 3 13,41,783047,98.62 76.35 104
1913,879,8 11 3,41,783047,98.62 82.71 96
1914,896,12 11 0,41,783047,101.8 82.71 93
1915,862,3 8 12,41,783010,94.64 80.33 103
1916,864,3 10 10,41,783010,94.64 81.92 101
1917,860,3 10 9,41,783010,94.64 81.92 101
1918,899,13 2 10,41,782882,102.59 75.55 101
1919,896,13 2 9,41,782882,102.59 75.55 101
1920,898,13 8 2,41,782882,102.59 80.33 95
1921,864,3 7 14,41,782784,94.64 79.53 104
1922,861,3 7 13,41,782784,94.64 79.53 104
1923,861,3 11 8,41,782784,94.64 82.71 100
1924,883,9 6 8,41,782721,99.41 78.73 100
1925,883,9 7 7,41,782721,99.41 79.53 99
1926,859,2 14 6,41,782625,93.85 85.1 98
1927,885,9 5 10,41,782563,99.41 77.94 101
1928,882,9 5 9,41,782563,99.41 77.94 101
1929,884,9 8 6,41,782563,99.41 80.33 98
1930,877,7 14 1,41,782489,97.82 85.1 94
1931,863,3 6 15,41,782408,94.64 78.73 105
1932,862,3 12 7,41,782408,94.64 83.51 99
1933,881,8 2 15,41,782341,98.62 75.55 105
1934,880,8 12 2,41,782341,98.62 83.51 95
1935,898,13 1 11,41,782311,102.59 74.76 102
1936,898,13 9 1,41,782311,102.59 81.12 94
1937,884,9 4 11,41,782246,99.41 77.14 102
1938,885,9 9 5,41,782246,99.41 81.12 97
1939,881,9 9 4,41,782246,99.41 81.12 97
1940,866,4 8 11,41,781924,95.44 80.33 102
1941,867,4 9 10,41,781924,95.44 81.12 101
1942,863,4 9 9,41,781924,95.44 81.12 101
1943,862,3 13 6,41,781881,94.64 84.3 98
1944,860,2 15 5,41,781878,93.85 85.89 97
1945,856,2 15 4,41,781878,93.85 85.89 97
1946,883,9 3 12,41,781772,99.41 76.35 103
1947,865,4 7 12,41,781772,95.44 79.53 103
1948,864,4 10 8,41,781772,95.44 81.92 100
1949,882,9 10 3,41,781772,99.41 81.92 96
1950,901,14 4 6,41,781633,103.39 77.14 98
1951,902,14 5 5,41,781633,103.39 77.94 97
1952,899,14 5 4,41,781633,103.39 77.94 97
1953,897,13 0 12,41,781577,102.59 73.96 103
1954,899,13 10 0,41,781577,102.59 81.92 93
1955,880,8 13 1,41,781479,98.62 84.3 94
1956,867,4 6 14,41,781468,95.44 78.73 104
1957,864,4 6 13,41,781468,95.44 78.73 104
1958,900,14 3 7,41,781468,103.39 76.35 99
1959,865,4 11 7,41,781468,95.44 82.71 99
1960,899,14 6 3,41,781468,103.39 78.73 96
1961,878,7 15 0,41,781400,97.82 85.89 93
1962,863,3 14 5,41,781203,94.64 85.1 97
1963,859,3 14 4,41,781203,94.64 85.1 97
1964,885,9 2 14,41,781140,99.41 75.55 104
1965,882,9 2 13,41,781140,99.41 75.55 104
1966,899,14 2 8,41,781140,103.39 75.55 100
1967,900,14 7 2,41,781140,103.39 79.53 95
1968,883,9 11 2,41,781140,99.41 82.71 95
1969,886,10 6 7,41,781093,100.21 78.73 99
1970,866,4 5 15,41,781013,95.44 77.94 105
1971,885,10 5 8,41,781013,100.21 77.94 100
1972,887,10 7 6,41,781013,100.21 79.53 98
1973,866,4 12 6,41,781013,95.44 83.51 98
1974,888,10 4 10,41,780774,100.21 77.14 101
1975,884,10 4 9,41,780774,100.21 77.14 101
1976,888,10 8 5,41,780774,100.21 80.33 97
1977,884,10 8 4,41,780774,100.21 80.33 97
1978,870,5 8 10,41,780710,96.23 80.33 101
1979,866,5 8 9,41,780710,96.23 80.33 101
1980,901,14 1 10,41,780646,103.39 74.76 101
1981,898,14 1 9,41,780646,103.39 74.76 101
1982,901,14 8 1,41,780646,103.39 80.33 94
1983,869,5 7 11,41,780634,96.23 79.53 102
1984,867,5 9 8,41,780634,96.23 81.12 100
1985,881,8 14 0,41,780459,98.62 85.1 93
1986,866,4 13 5,41,780406,95.44 84.3 97
1987,863,4 13 4,41,780406,95.44 84.3 97
1988,868,5 6 12,41,780404,96.23 78.73 103
1989,868,5 10 7,41,780404,96.23 81.92 99
1990,886,10 3 11,41,780376,100.21 76.35 102
1991,885,10 9 3,41,780376,100.21 81.12 96
1992,860,3 15 3,41,780376,94.64 85.89 96
1993,884,9 1 15,41,780349,99.41 74.76 105
1994,883,9 12 1,41,780349,99.41 83.51 94
1995,870,5 5 14,41,780021,96.23 77.94 104
1996,867,5 5 13,41,780021,96.23 77.94 104
1997,869,5 11 6,41,780021,96.23 82.71 98
1998,900,14 0 11,41,779988,103.39 73.96 102
1999,902,14 9 0,41,779988,103.39 81.12 93
2000,885,10 2 12,41,779818,100.21 75.55 103
2001,886,10 10 2,41,779818,100.21 81.92 95
2002,863,4 14 3,41,779647,95.44 85.1 96
2003,905,15 4 5,41,779608,104.18 77.14 97
2004,901,15 4 4,41,779608,104.18 77.14 97
2005,904,15 3 6,41,779525,104.18 76.35 98
2006,902,15 5 3,41,779525,104.18 77.94 96
2007,869,5 4 15,41,779486,96.23 77.14 105
2008,869,5 12 5,41,779486,96.23 83.51 97
2009,866,5 12 4,41,779486,96.23 83.51 97
2010,884,9 13 0,41,779400,99.41 84.3 93
2011,873,6 7 10,41,779369,97.03 79.53 101
2012,869,6 7 9,41,779369,97.03 79.53 101
2013,870,6 8 8,41,779369,97.03 80.33 100
2014,889,11 5 7,41,779339,101 77.94 99
2015,890,11 6 6,41,779339,101 78.73 98
2016,902,15 2 7,41,779277,104.18 75.55 99
2017,903,15 6 2,41,779277,104.18 78.73 95
2018,872,6 6 11,41,779214,97.03 78.73 102
2019,871,6 9 7,41,779214,97.03 81.12 99
2020,888,11 4 8,41,779179,101 77.14 100
2021,890,11 7 5,41,779179,101 79.53 97
2022,887,11 7 4,41,779179,101 79.53 97
2023,887,10 1 14,41,779100,100.21 74.76 104
2024,884,10 1 13,41,779100,100.21 74.76 104
2025,886,10 11 1,41,779100,100.21 82.71 94
2026,870,6 5 12,41,778906,97.03 77.94 103
2027,872,6 10 6,41,778906,97.03 81.92 98
2028,901,15 1 8,41,778863,104.18 74.76 100
2029,903,15 7 1,41,778863,104.18 79.53 94
2030,890,11 3 10,41,778858,101 76.35 101
2031,886,11 3 9,41,778858,101 76.35 101
2032,888,11 8 3,41,778858,101 80.33 96
2033,866,5 13 3,41,778797,96.23 84.3 96
2034,864,4 15 2,41,778736,95.44 85.89 95
2035,873,6 4 14,41,778443,97.03 77.14 104
2036,869,6 4 13,41,778443,97.03 77.14 104
2037,872,6 11 5,41,778443,97.03 82.71 97
2038,869,6 11 4,41,778443,97.03 82.71 97
2039,849,0 10 12,41,778384,92.25 81.92 103
2040,889,11 2 11,41,778376,101 75.55 102
2041,888,11 9 2,41,778376,101 81.12 95
2042,851,0 9 14,41,778311,92.25 81.12 104
2043,848,0 9 13,41,778311,92.25 81.12 104
2044,849,0 11 11,41,778311,92.25 82.71 102
2045,904,15 0 10,41,778283,104.18 73.96 101
2046,900,15 0 9,41,778283,104.18 73.96 101
2047,904,15 8 0,41,778283,104.18 80.33 93
2048,886,10 0 15,41,778224,100.21 73.96 105
2049,887,10 12 0,41,778224,100.21 83.51 93
2050,850,0 8 15,41,778091,92.25 80.33 105
2051,850,0 12 10,41,778091,92.25 83.51 101
2052,847,0 12 9,41,778091,92.25 83.51 101
2053,873,7 7 8,41,777977,97.82 79.53 100
2054,867,5 14 2,41,777955,96.23 85.1 95
2055,875,7 6 10,41,777899,97.82 78.73 101
2056,872,7 6 9,41,777899,97.82 78.73 101
2057,874,7 8 7,41,777899,97.82 80.33 99
2058,871,6 3 15,41,777825,97.03 76.35 105
2059,869,6 12 3,41,777825,97.03 83.51 96
2060,887,11 1 12,41,777733,101 74.76 103
2061,889,11 10 1,41,777733,101 81.92 94
2062,847,0 13 8,41,777724,92.25 84.3 100
2063,874,7 5 11,41,777666,97.82 77.94 102
2064,874,7 9 6,41,777666,97.82 81.12 98
2065,892,12 5 6,41,777542,101.8 77.94 98
2066,852,1 9 12,41,777472,93.05 81.12 103
2067,853,1 10 11,41,777472,93.05 81.92 102
2068,891,12 4 7,41,777461,101.8 77.14 99
2069,893,12 6 5,41,777461,101.8 78.73 97
2070,889,12 6 4,41,777461,101.8 78.73 97
2071,854,1 8 14,41,777324,93.05 80.33 104
2072,851,1 8 13,41,777324,93.05 80.33 104
2073,853,1 11 10,41,777324,93.05 82.71 101
2074,850,1 11 9,41,777324,93.05 82.71 101
2075,873,7 4 12,41,777277,97.82 77.14 103
2076,875,7 10 5,41,777277,97.82 81.92 97
2077,872,7 10 4,41,777277,97.82 81.92 97
2078,890,12 3 8,41,777218,101.8 76.35 100
2079,890,12 7 3,41,777218,101.8 79.53 96
2080,848,0 14 7,41,777210,92.25 85.1 99
2081,870,6 13 2,41,777054,97.03 84.3 95
2082,853,1 7 15,41,777028,93.05 79.53 105
2083,851,1 12 8,41,777028,93.05 83.51 100
2084,867,5 15 1,41,776960,96.23 85.89 94
2085,890,11 0 14,41,776930,101 73.96 104
2086,886,11 0 13,41,776930,101 73.96 104
2087,889,11 11 0,41,776930,101 82.71 93
2088,892,12 2 10,41,776813,101.8 75.55 101
2089,889,12 2 9,41,776813,101.8 75.55 101
2090,891,12 8 2,41,776813,101.8 80.33 95
2091,875,7 3 14,41,776732,97.82 76.35 104
2092,872,7 3 13,41,776732,97.82 76.35 104
2093,872,7 11 3,41,776732,97.82 82.71 96
2094,851,1 13 7,41,776584,93.05 84.3 99
2095,849,0 15 6,41,776550,92.25 85.89 98
2096,856,2 9 11,41,776505,93.85 81.12 102
2097,875,8 6 8,41,776459,98.62 78.73 100
2098,876,8 7 7,41,776459,98.62 79.53 99
2099,855,2 8 12,41,776430,93.85 80.33 103
2100,856,2 10 10,41,776430,93.85 81.92 101
2101,853,2 10 9,41,776430,93.85 81.92 101
2102,878,8 5 10,41,776302,98.62 77.94 101
2103,874,8 5 9,41,776302,98.62 77.94 101
2104,877,8 8 6,41,776302,98.62 80.33 98
2105,891,12 1 11,41,776247,101.8 74.76 102
2106,891,12 9 1,41,776247,101.8 81.12 94
2107,857,2 7 14,41,776206,93.85 79.53 104
2108,854,2 7 13,41,776206,93.85 79.53 104
2109,854,2 11 8,41,776206,93.85 82.71 100
2110,870,6 14 1,41,776128,97.03 85.1 94
2111,874,7 2 15,41,776032,97.82 75.55 105
2112,873,7 12 2,41,776032,97.82 83.51 95
2113,852,1 14 6,41,775992,93.05 85.1 98
2114,877,8 4 11,41,775988,98.62 77.14 102
2115,878,8 9 5,41,775988,98.62 81.12 97
2116,874,8 9 4,41,775988,98.62 81.12 97
2117,856,2 6 15,41,775833,93.85 78.73 105
2118,855,2 12 7,41,775833,93.85 83.51 99
2119,894,13 4 6,41,775620,102.59 77.14 98
2120,895,13 5 5,41,775620,102.59 77.94 97
2121,892,13 5 4,41,775620,102.59 77.94 97
2122,890,12 0 12,41,775518,101.8 73.96 103
2123,876,8 3 12,41,775518,98.62 76.35 103
2124,875,8 10 3,41,775518,98.62 81.92 96
2125,892,12 10 0,41,775518,101.8 81.92 93
2126,893,13 3 7,41,775457,102.59 76.35 99
2127,893,13 6 3,41,775457,102.59 78.73 96
2128,859,3 8 11,41,775408,94.64 80.33 102
2129,860,3 9 10,41,775408,94.64 81.12 101
2130,856,3 9 9,41,775408,94.64 81.12 101
2131,855,2 13 6,41,775310,93.85 84.3 98
2132,858,3 7 12,41,775257,94.64 79.53 103
2133,857,3 10 8,41,775257,94.64 81.92 100
2134,852,1 15 5,41,775252,93.05 85.89 97
2135,849,1 15 4,41,775252,93.05 85.89 97
2136,873,7 13 1,41,775176,97.82 84.3 94
2137,892,13 2 8,41,775131,102.59 75.55 100
2138,893,13 7 2,41,775131,102.59 79.53 95
2139,871,6 15 0,41,775047,97.03 85.89 93
2140,860,3 6 14,41,774956,94.64 78.73 104
2141,857,3 6 13,41,774956,94.64 78.73 104
2142,858,3 11 7,41,774956,94.64 82.71 99
2143,879,9 6 7,41,774894,99.41 78.73 99
2144,878,8 2 14,41,774890,98.62 75.55 104
2145,874,8 2 13,41,774890,98.62 75.55 104
2146,876,8 11 2,41,774890,98.62 82.71 95
2147,878,9 5 8,41,774815,99.41 77.94 100
2148,880,9 7 6,41,774815,99.41 79.53 98
2149,894,13 1 10,41,774641,102.59 74.76 101
2150,891,13 1 9,41,774641,102.59 74.76 101
2151,894,13 8 1,41,774641,102.59 80.33 94
2152,856,2 14 5,41,774639,93.85 85.1 97
2153,852,2 14 4,41,774639,93.85 85.1 97
2154,880,9 4 10,41,774577,99.41 77.14 101
2155,877,9 4 9,41,774577,99.41 77.14 101
2156,881,9 8 5,41,774577,99.41 80.33 97
2157,877,9 8 4,41,774577,99.41 80.33 97
2158,859,3 5 15,41,774505,94.64 77.94 105
2159,858,3 12 6,41,774505,94.64 83.51 98
2160,862,4 8 10,41,774258,95.44 80.33 101
2161,859,4 8 9,41,774258,95.44 80.33 101
2162,879,9 3 11,41,774182,99.41 76.35 102
2163,862,4 7 11,41,774182,95.44 79.53 102
2164,860,4 9 8,41,774182,95.44 81.12 100
2165,878,9 9 3,41,774182,99.41 81.12 96
2166,874,7 14 0,41,774165,97.82 85.1 93
2167,876,8 1 15,41,774106,98.62 74.76 105
2168,876,8 12 1,41,774106,98.62 83.51 94
2169,893,13 0 11,41,773989,102.59 73.96 102
2170,895,13 9 0,41,773989,102.59 81.12 93
2171,861,4 6 12,41,773954,95.44 78.73 103
2172,861,4 10 7,41,773954,95.44 81.92 99
2173,859,3 13 5,41,773902,94.64 84.3 97
2174,855,3 13 4,41,773902,94.64 84.3 97
2175,853,2 15 3,41,773818,93.85 85.89 96
2176,898,14 4 5,41,773657,103.39 77.14 97
2177,894,14 4 4,41,773657,103.39 77.14 97
2178,878,9 2 12,41,773629,99.41 75.55 103
2179,878,9 10 2,41,773629,99.41 81.92 95
2180,863,4 5 14,41,773575,95.44 77.94 104
2181,859,4 5 13,41,773575,95.44 77.94 104
2182,897,14 3 6,41,773575,103.39 76.35 98
2183,861,4 11 6,41,773575,95.44 82.71 98
2184,895,14 5 3,41,773575,103.39 77.94 96
2185,896,14 2 7,41,773328,103.39 75.55 99
2186,896,14 6 2,41,773328,103.39 78.73 95
2187,882,10 5 7,41,773203,100.21 77.94 99
2188,883,10 6 6,41,773203,100.21 78.73 98
2189,877,8 13 0,41,773165,98.62 84.3 93
2190,856,3 14 3,41,773150,94.64 85.1 96
2191,862,4 4 15,41,773044,95.44 77.14 105
2192,881,10 4 8,41,773044,100.21 77.14 100
2193,883,10 7 5,41,773044,100.21 79.53 97
2194,880,10 7 4,41,773044,100.21 79.53 97
2195,862,4 12 5,41,773044,95.44 83.51 97
2196,859,4 12 4,41,773044,95.44 83.51 97
2197,865,5 7 10,41,772980,96.23 79.53 101
2198,862,5 7 9,41,772980,96.23 79.53 101
2199,863,5 8 8,41,772980,96.23 80.33 100
2200,880,9 1 14,41,772917,99.41 74.76 104
2201,877,9 1 13,41,772917,99.41 74.76 104
2202,894,14 1 8,41,772917,103.39 74.76 100
2203,896,14 7 1,41,772917,103.39 79.53 94
2204,879,9 11 1,41,772917,99.41 82.71 94
2205,864,5 6 11,41,772827,96.23 78.73 102
2206,864,5 9 7,41,772827,96.23 81.12 99
2207,883,10 3 10,41,772725,100.21 76.35 101
2208,879,10 3 9,41,772725,100.21 76.35 101
2209,881,10 8 3,41,772725,100.21 80.33 96
2210,863,5 5 12,41,772521,96.23 77.94 103
2211,864,5 10 6,41,772521,96.23 81.92 98
2212,859,4 13 3,41,772360,95.44 84.3 96
2213,897,14 0 10,41,772341,103.39 73.96 101
2214,893,14 0 9,41,772341,103.39 73.96 101
2215,897,14 8 0,41,772341,103.39 80.33 93
2216,882,10 2 11,41,772247,100.21 75.55 102
2217,881,10 9 2,41,772247,100.21 81.12 95
2218,856,3 15 2,41,772247,94.64 85.89 95
2219,866,5 4 14,41,772062,96.23 77.14 104
2220,862,5 4 13,41,772062,96.23 77.14 104
2221,865,5 11 5,41,772062,96.23 82.71 97
2222,862,5 11 4,41,772062,96.23 82.71 97
2223,879,9 0 15,41,772047,99.41 73.96 105
2224,880,9 12 0,41,772047,99.41 83.51 93
2225,866,6 7 8,41,771652,97.03 79.53 100
2226,880,10 1 12,41,771609,100.21 74.76 103
2227,882,10 10 1,41,771609,100.21 81.92 94
2228,868,6 6 10,41,771575,97.03 78.73 101
2229,865,6 6 9,41,771575,97.03 78.73 101
2230,867,6 8 7,41,771575,97.03 80.33 99
2231,900,15 3 5,41,771571,104.18 76.35 97
2232,896,15 3 4,41,771571,104.18 76.35 97
2233,897,15 4 3,41,771571,104.18 77.14 96
2234,860,4 14 2,41,771526,95.44 85.1 95
2235,885,11 5 6,41,771467,101 77.94 98
2236,864,5 3 15,41,771450,96.23 76.35 105
2237,862,5 12 3,41,771450,96.23 83.51 96
2238,899,15 2 6,41,771405,104.18 75.55 98
2239,898,15 5 2,41,771405,104.18 77.94 95
2240,884,11 4 7,41,771387,101 77.14 99
2241,886,11 6 5,41,771387,101 78.73 97
2242,882,11 6 4,41,771387,101 78.73 97
2243,867,6 5 11,41,771343,97.03 77.94 102
2244,867,6 9 6,41,771343,97.03 81.12 98
2245,883,11 3 8,41,771146,101 76.35 100
2246,883,11 7 3,41,771146,101 79.53 96
2247,898,15 1 7,41,771074,104.18 74.76 99
2248,899,15 6 1,41,771074,104.18 78.73 94
2249,866,6 4 12,41,770958,97.03 77.14 103
2250,868,6 10 5,41,770958,97.03 81.92 97
2251,865,6 10 4,41,770958,97.03 81.92 97
2252,844,0 9 12,41,770827,92.25 81.12 103
2253,845,0 10 11,41,770827,92.25 81.92 102
2254,883,10 0 14,41,770812,100.21 73.96 104
2255,879,10 0 13,41,770812,100.21 73.96 104
2256,882,10 11 0,41,770812,100.21 82.71 93
2257,885,11 2 10,41,770744,101 75.55 101
2258,882,11 2 9,41,770744,101 75.55 101
2259,884,11 8 2,41,770744,101 80.33 95
2260,863,5 13 2,41,770684,96.23 84.3 95
2261,847,0 8 14,41,770681,92.25 80.33 104
2262,843,0 8 13,41,770681,92.25 80.33 104
2263,846,0 11 10,41,770681,92.25 82.71 101
2264,843,0 11 9,41,770681,92.25 82.71 101
2265,896,15 0 8,41,770577,104.18 73.96 100
2266,900,15 7 0,41,770577,104.18 79.53 93
2267,860,4 15 1,41,770539,95.44 85.89 94
2268,868,6 3 14,41,770417,97.03 76.35 104
2269,865,6 3 13,41,770417,97.03 76.35 104
2270,865,6 11 3,41,770417,97.03 82.71 96
2271,846,0 7 15,41,770387,92.25 79.53 105
2272,843,0 12 8,41,770387,92.25 83.51 100
2273,868,7 6 8,41,770197,97.82 78.73 100
2274,869,7 7 7,41,770197,97.82 79.53 99
2275,884,11 1 11,41,770182,101 74.76 102
2276,884,11 9 1,41,770182,101 81.12 94
2277,871,7 5 10,41,770042,97.82 77.94 101
2278,867,7 5 9,41,770042,97.82 77.94 101
2279,870,7 8 6,41,770042,97.82 80.33 98
2280,844,0 13 7,41,769947,92.25 84.3 99
2281,848,1 9 11,41,769924,93.05 81.12 102
2282,847,1 8 12,41,769850,93.05 80.33 103
2283,849,1 10 10,41,769850,93.05 81.92 101
2284,846,1 10 9,41,769850,93.05 81.92 101
2285,863,5 14 1,41,769766,96.23 85.1 94
2286,870,7 4 11,41,769731,97.82 77.14 102
2287,871,7 9 5,41,769731,97.82 81.12 97
2288,867,7 9 4,41,769731,97.82 81.12 97
2289,867,6 2 15,41,769723,97.03 75.55 105
2290,866,6 12 2,41,769723,97.03 83.51 95
2291,850,1 7 14,41,769628,93.05 79.53 104
2292,847,1 7 13,41,769628,93.05 79.53 104
2293,847,1 11 8,41,769628,93.05 82.71 100
2294,887,12 4 6,41,769608,101.8 77.14 98
2295,888,12 5 5,41,769608,101.8 77.94 97
2296,885,12 5 4,41,769608,101.8 77.94 97
2297,883,11 0 12,41,769459,101 73.96 103
2298,885,11 10 0,41,769459,101 81.92 93
2299,886,12 3 7,41,769446,101.8 76.35 99
2300,886,12 6 3,41,769446,101.8 78.73 96
2301,845,0 14 6,41,769360,92.25 85.1 98
2302,869,7 3 12,41,769264,97.82 76.35 103
2303,868,7 10 3,41,769264,97.82 81.92 96
2304,849,1 6 15,41,769258,93.05 78.73 105
2305,847,1 12 7,41,769258,93.05 83.51 99
2306,885,12 2 8,41,769122,101.8 75.55 100
2307,886,12 7 2,41,769122,101.8 79.53 95
2308,851,2 8 11,41,768892,93.85 80.33 102
2309,852,2 9 10,41,768892,93.85 81.12 101
2310,849,2 9 9,41,768892,93.85 81.12 101
2311,866,6 13 1,41,768874,97.03 84.3 94
2312,850,2 7 12,41,768743,93.85 79.53 103
2313,850,2 10 8,41,768743,93.85 81.92 100
2314,848,1 13 6,41,768740,93.05 84.3 98
2315,872,8 6 7,41,768694,98.62 78.73 99
2316,863,5 15 0,41,768694,96.23 85.89 93
2317,871,7 2 14,41,768641,97.82 75.55 104
2318,867,7 2 13,41,768641,97.82 75.55 104
2319,869,7 11 2,41,768641,97.82 82.71 95
2320,888,12 1 10,41,768636,101.8 74.76 101
2321,884,12 1 9,41,768636,101.8 74.76 101
2322,887,12 8 1,41,768636,101.8 80.33 94
2323,845,0 15 5,41,768626,92.25 85.89 97
2324,842,0 15 4,41,768626,92.25 85.89 97
2325,871,8 5 8,41,768616,98.62 77.94 100
2326,873,8 7 6,41,768616,98.62 79.53 98
2327,853,2 6 14,41,768444,93.85 78.73 104
2328,849,2 6 13,41,768444,93.85 78.73 104
2329,850,2 11 7,41,768444,93.85 82.71 99
2330,873,8 4 10,41,768381,98.62 77.14 101
2331,870,8 4 9,41,768381,98.62 77.14 101
2332,874,8 8 5,41,768381,98.62 80.33 97
2333,870,8 8 4,41,768381,98.62 80.33 97
2334,848,1 14 5,41,768074,93.05 85.1 97
2335,845,1 14 4,41,768074,93.05 85.1 97
2336,852,2 5 15,41,767996,93.85 77.94 105
2337,851,2 12 6,41,767996,93.85 83.51 98
2338,886,12 0 11,41,767989,101.8 73.96 102
2339,872,8 3 11,41,767989,98.62 76.35 102
2340,871,8 9 3,41,767989,98.62 81.12 96
2341,888,12 9 0,41,767989,101.8 81.12 93
2342,867,6 14 0,41,767871,97.03 85.1 93
2343,869,7 1 15,41,767863,97.82 74.76 105
2344,869,7 12 1,41,767863,97.82 83.51 94
2345,855,3 8 10,41,767806,94.64 80.33 101
2346,852,3 8 9,41,767806,94.64 80.33 101
2347,854,3 7 11,41,767731,94.64 79.53 102
2348,853,3 9 8,41,767731,94.64 81.12 100
2349,891,13 4 5,41,767706,102.59 77.14 97
2350,887,13 4 4,41,767706,102.59 77.14 97
2351,890,13 3 6,41,767624,102.59 76.35 98
2352,888,13 5 3,41,767624,102.59 77.94 96
2353,853,3 6 12,41,767505,94.64 78.73 103
2354,854,3 10 7,41,767505,94.64 81.92 99
2355,871,8 2 12,41,767440,98.62 75.55 103
2356,871,8 10 2,41,767440,98.62 81.92 95
2357,852,2 13 5,41,767399,93.85 84.3 97
2358,848,2 13 4,41,767399,93.85 84.3 97
2359,889,13 2 7,41,767379,102.59 75.55 99
2360,889,13 6 2,41,767379,102.59 78.73 95
2361,845,1 15 3,41,767260,93.05 85.89 96
2362,856,3 5 14,41,767128,94.64 77.94 104
2363,852,3 5 13,41,767128,94.64 77.94 104
2364,854,3 11 6,41,767128,94.64 82.71 98
2365,875,9 5 7,41,767066,99.41 77.94 99
2366,875,9 6 6,41,767066,99.41 78.73 98
2367,887,13 1 8,41,766972,102.59 74.76 100
2368,890,13 7 1,41,766972,102.59 79.53 94
2369,870,7 13 0,41,766930,97.82 84.3 93
2370,874,9 4 8,41,766908,99.41 77.14 100
2371,876,9 7 5,41,766908,99.41 79.53 97
2372,873,9 7 4,41,766908,99.41 79.53 97
2373,873,8 1 14,41,766734,98.62 74.76 104
2374,870,8 1 13,41,766734,98.62 74.76 104
2375,872,8 11 1,41,766734,98.62 82.71 94
2376,849,2 14 3,41,766653,93.85 85.1 96
2377,854,3 4 15,41,766602,94.64 77.14 105
2378,855,3 12 5,41,766602,94.64 83.51 97
2379,851,3 12 4,41,766602,94.64 83.51 97
2380,876,9 3 10,41,766592,99.41 76.35 101
2381,872,9 3 9,41,766592,99.41 76.35 101
2382,858,4 7 10,41,766592,95.44 79.53 101
2383,855,4 7 9,41,766592,95.44 79.53 101
2384,856,4 8 8,41,766592,95.44 80.33 100
2385,874,9 8 3,41,766592,99.41 80.33 96
2386,857,4 6 11,41,766440,95.44 78.73 102
2387,857,4 9 7,41,766440,95.44 81.12 99
2388,890,13 0 10,41,766400,102.59 73.96 101
2389,886,13 0 9,41,766400,102.59 73.96 101
2390,890,13 8 0,41,766400,102.59 80.33 93
2391,856,4 5 12,41,766137,95.44 77.94 103
2392,857,4 10 6,41,766137,95.44 81.92 98
2393,875,9 2 11,41,766118,99.41 75.55 102
2394,874,9 9 2,41,766118,99.41 81.12 95
2395,852,3 13 3,41,765924,94.64 84.3 96
2396,872,8 0 15,41,765871,98.62 73.96 105
2397,873,8 12 0,41,765871,98.62 83.51 93
2398,849,2 15 2,41,765757,93.85 85.89 95
2399,858,4 4 14,41,765681,95.44 77.14 104
2400,855,4 4 13,41,765681,95.44 77.14 104
2401,893,14 3 5,41,765681,103.39 76.35 97
2402,889,14 3 4,41,765681,103.39 76.35 97
2403,858,4 11 5,41,765681,95.44 82.71 97
2404,854,4 11 4,41,765681,95.44 82.71 97
2405,890,14 4 3,41,765681,103.39 77.14 96
2406,892,14 2 6,41,765517,103.39 75.55 98
2407,891,14 5 2,41,765517,103.39 77.94 95
2408,873,9 1 12,41,765485,99.41 74.76 103
2409,875,9 10 1,41,765485,99.41 81.92 94
2410,878,10 5 6,41,765393,100.21 77.94 98
2411,859,5 7 8,41,765327,96.23 79.53 100
2412,877,10 4 7,41,765313,100.21 77.14 99
2413,879,10 6 5,41,765313,100.21 78.73 97
2414,875,10 6 4,41,765313,100.21 78.73 97
2415,861,5 6 10,41,765250,96.23 78.73 101
2416,858,5 6 9,41,765250,96.23 78.73 101
2417,859,5 8 7,41,765250,96.23 80.33 99
2418,891,14 1 7,41,765188,103.39 74.76 99
2419,892,14 6 1,41,765188,103.39 78.73 94
2420,852,3 14 2,41,765096,94.64 85.1 95
2421,857,4 3 15,41,765074,95.44 76.35 105
2422,876,10 3 8,41,765074,100.21 76.35 100
2423,876,10 7 3,41,765074,100.21 79.53 96
2424,855,4 12 3,41,765074,95.44 83.51 96
2425,860,5 5 11,41,765021,96.23 77.94 102
2426,860,5 9 6,41,765021,96.23 81.12 98
2427,875,9 0 14,41,764695,99.41 73.96 104
2428,872,9 0 13,41,764695,99.41 73.96 104
2429,890,14 0 8,41,764695,103.39 73.96 100
2430,893,14 7 0,41,764695,103.39 79.53 93
2431,875,9 11 0,41,764695,99.41 82.71 93
2432,878,10 2 10,41,764676,100.21 75.55 101
2433,875,10 2 9,41,764676,100.21 75.55 101
2434,877,10 8 2,41,764676,100.21 80.33 95
2435,859,5 4 12,41,764638,96.23 77.14 103
2436,861,5 10 5,41,764638,96.23 81.92 97
2437,857,5 10 4,41,764638,96.23 81.92 97
2438,856,4 13 2,41,764315,95.44 84.3 95
2439,877,10 1 11,41,764118,100.21 74.76 102
2440,878,10 9 1,41,764118,100.21 81.12 94
2441,853,3 15 1,41,764118,94.64 85.89 94
2442,861,5 3 14,41,764103,96.23 76.35 104
2443,858,5 3 13,41,764103,96.23 76.35 104
2444,858,5 11 3,41,764103,96.23 82.71 96
2445,861,6 6 8,41,763936,97.03 78.73 100
2446,862,6 7 7,41,763936,97.03 79.53 99
2447,864,6 5 10,41,763781,97.03 77.94 101
2448,860,6 5 9,41,763781,97.03 77.94 101
2449,863,6 8 6,41,763781,97.03 80.33 98
2450,893,15 3 3,41,763617,104.18 76.35 96
2451,880,11 4 6,41,763595,101 77.14 98
2452,881,11 5 5,41,763595,101 77.94 97
2453,878,11 5 4,41,763595,101 77.94 97
2454,895,15 2 5,41,763534,104.18 75.55 97
2455,892,15 2 4,41,763534,104.18 75.55 97
2456,893,15 4 2,41,763534,104.18 77.14 95
2457,863,6 4 11,41,763473,97.03 77.14 102
2458,864,6 9 5,41,763473,97.03 81.12 97
2459,860,6 9 4,41,763473,97.03 81.12 97
2460,879,11 3 7,41,763435,101 76.35 99
2461,879,11 6 3,41,763435,101 78.73 96
2462,860,5 2 15,41,763414,96.23 75.55 105
2463,859,5 12 2,41,763414,96.23 83.51 95
2464,856,4 14 1,41,763404,95.44 85.1 94
2465,876,10 0 12,41,763400,100.21 73.96 103
2466,878,10 10 0,41,763400,100.21 81.92 93
2467,841,0 9 11,41,763344,92.25 81.12 102
2468,894,15 1 6,41,763285,104.18 74.76 98
2469,894,15 5 1,41,763285,104.18 77.94 94
2470,840,0 8 12,41,763270,92.25 80.33 103
2471,842,0 10 10,41,763270,92.25 81.92 101
2472,839,0 10 9,41,763270,92.25 81.92 101
2473,878,11 2 8,41,763113,101 75.55 100
2474,879,11 7 2,41,763113,101 79.53 95
2475,842,0 7 14,41,763050,92.25 79.53 104
2476,839,0 7 13,41,763050,92.25 79.53 104
2477,839,0 11 8,41,763050,92.25 82.71 100
2478,862,6 3 12,41,763010,97.03 76.35 103
2479,861,6 10 3,41,763010,97.03 81.92 96
2480,893,15 0 7,41,762871,104.18 73.96 99
2481,895,15 6 0,41,762871,104.18 78.73 93
2482,841,0 6 15,41,762683,92.25 78.73 105
2483,840,0 12 7,41,762683,92.25 83.51 99
2484,881,11 1 10,41,762631,101 74.76 101
2485,877,11 1 9,41,762631,101 74.76 101
2486,880,11 8 1,41,762631,101 80.33 94
2487,859,5 13 1,41,762572,96.23 84.3 94
2488,865,7 6 7,41,762495,97.82 78.73 99
2489,864,7 5 8,41,762418,97.82 77.94 100
2490,866,7 7 6,41,762418,97.82 79.53 98
2491,864,6 2 14,41,762392,97.03 75.55 104
2492,860,6 2 13,41,762392,97.03 75.55 104
2493,862,6 11 2,41,762392,97.03 82.71 95
2494,844,1 8 11,41,762376,93.05 80.33 102
2495,845,1 9 10,41,762376,93.05 81.12 101
2496,842,1 9 9,41,762376,93.05 81.12 101
2497,856,4 15 0,41,762342,95.44 85.89 93
2498,843,1 7 12,41,762228,93.05 79.53 103
2499,843,1 10 8,41,762228,93.05 81.92 100
2500,866,7 4 10,41,762184,97.82 77.14 101
2501,863,7 4 9,41,762184,97.82 77.14 101
2502,867,7 8 5,41,762184,97.82 80.33 97
2503,863,7 8 4,41,762184,97.82 80.33 97
2504,841,0 13 6,41,762170,92.25 84.3 98
2505,879,11 0 11,41,761989,101 73.96 102
2506,881,11 9 0,41,761989,101 81.12 93
2507,845,1 6 14,41,761932,93.05 78.73 104
2508,842,1 6 13,41,761932,93.05 78.73 104
2509,843,1 11 7,41,761932,93.05 82.71 99
2510,865,7 3 11,41,761795,97.82 76.35 102
2511,864,7 9 3,41,761795,97.82 81.12 96
2512,884,12 4 5,41,761755,101.8 77.14 97
2513,880,12 4 4,41,761755,101.8 77.14 97
2514,883,12 3 6,41,761674,101.8 76.35 98
2515,881,12 5 3,41,761674,101.8 77.94 96
2516,862,6 1 15,41,761621,97.03 74.76 105
2517,862,6 12 1,41,761621,97.03 83.51 94
2518,859,5 14 0,41,761577,96.23 85.1 93
2519,841,0 14 5,41,761509,92.25 85.1 97
2520,838,0 14 4,41,761509,92.25 85.1 97
2521,844,1 5 15,41,761488,93.05 77.94 105
2522,844,1 12 6,41,761488,93.05 83.51 98
2523,882,12 2 7,41,761431,101.8 75.55 99
2524,882,12 6 2,41,761431,101.8 78.73 95
2525,848,2 8 10,41,761354,93.85 80.33 101
2526,845,2 8 9,41,761354,93.85 80.33 101
2527,847,2 7 11,41,761279,93.85 79.53 102
2528,846,2 9 8,41,761279,93.85 81.12 100
2529,864,7 2 12,41,761251,97.82 75.55 103
2530,864,7 10 2,41,761251,97.82 81.92 95
2531,846,2 6 12,41,761055,93.85 78.73 103
2532,846,2 10 7,41,761055,93.85 81.92 99
2533,881,12 1 8,41,761026,101.8 74.76 100
2534,883,12 7 1,41,761026,101.8 79.53 94
2535,868,8 5 7,41,760930,98.62 77.94 99
2536,868,8 6 6,41,760930,98.62 78.73 98
2537,844,1 13 5,41,760896,93.05 84.3 97
2538,841,1 13 4,41,760896,93.05 84.3 97
2539,867,8 4 8,41,760773,98.62 77.14 100
2540,869,8 7 5,41,760773,98.62 79.53 97
2541,866,8 7 4,41,760773,98.62 79.53 97
2542,838,0 15 3,41,760702,92.25 85.89 96
2543,863,6 13 0,41,760695,97.03 84.3 93
2544,848,2 5 14,41,760682,93.85 77.94 104
2545,845,2 5 13,41,760682,93.85 77.94 104
2546,847,2 11 6,41,760682,93.85 82.71 98
2547,866,7 1 14,41,760550,97.82 74.76 104
2548,863,7 1 13,41,760550,97.82 74.76 104
2549,865,7 11 1,41,760550,97.82 82.71 94
2550,883,12 0 10,41,760459,101.8 73.96 101
2551,879,12 0 9,41,760459,101.8 73.96 101
2552,869,8 3 10,41,760459,98.62 76.35 101
2553,866,8 3 9,41,760459,98.62 76.35 101
2554,867,8 8 3,41,760459,98.62 80.33 96
2555,883,12 8 0,41,760459,101.8 80.33 93
2556,851,3 7 10,41,760204,94.64 79.53 101
2557,848,3 7 9,41,760204,94.64 79.53 101
2558,849,3 8 8,41,760204,94.64 80.33 100
2559,847,2 4 15,41,760159,93.85 77.14 105
2560,848,2 12 5,41,760159,93.85 83.51 97
2561,844,2 12 4,41,760159,93.85 83.51 97
2562,842,1 14 3,41,760156,93.05 85.1 96
2563,850,3 6 11,41,760053,94.64 78.73 102
2564,849,3 9 7,41,760053,94.64 81.12 99
2565,868,8 2 11,41,759989,98.62 75.55 102
2566,867,8 9 2,41,759989,98.62 81.12 95
2567,886,13 3 5,41,759791,102.59 76.35 97
2568,883,13 3 4,41,759791,102.59 76.35 97
2569,883,13 4 3,41,759791,102.59 77.14 96
2570,849,3 5 12,41,759752,94.64 77.94 103
2571,850,3 10 6,41,759752,94.64 81.92 98
2572,865,7 0 15,41,759695,97.82 73.96 105
2573,865,7 12 0,41,759695,97.82 83.51 93
2574,885,13 2 6,41,759628,102.59 75.55 98
2575,884,13 5 2,41,759628,102.59 77.94 95
2576,845,2 13 3,41,759488,93.85 84.3 96
2577,867,8 1 12,41,759361,98.62 74.76 103
2578,868,8 10 1,41,759361,98.62 81.92 94
2579,871,9 5 6,41,759318,99.41 77.94 98
2580,884,13 1 7,41,759302,102.59 74.76 99
2581,885,13 6 1,41,759302,102.59 78.73 94
2582,851,3 4 14,41,759301,94.64 77.14 104
2583,848,3 4 13,41,759301,94.64 77.14 104
2584,851,3 11 5,41,759301,94.64 82.71 97
2585,847,3 11 4,41,759301,94.64 82.71 97
2586,842,1 15 2,41,759268,93.05 85.89 95
2587,870,9 4 7,41,759239,99.41 77.14 99
2588,872,9 6 5,41,759239,99.41 78.73 97
2589,868,9 6 4,41,759239,99.41 78.73 97
2590,869,9 3 8,41,759002,99.41 76.35 100
2591,851,4 7 8,41,759002,95.44 79.53 100
2592,869,9 7 3,41,759002,99.41 79.53 96
2593,854,4 6 10,41,758926,95.44 78.73 101
2594,851,4 6 9,41,758926,95.44 78.73 101
2595,852,4 8 7,41,758926,95.44 80.33 99
2596,883,13 0 8,41,758812,102.59 73.96 100
2597,886,13 7 0,41,758812,102.59 79.53 93
2598,850,3 3 15,41,758698,94.64 76.35 105
2599,853,4 5 11,41,758698,95.44 77.94 102
2600,853,4 9 6,41,758698,95.44 81.12 98
2601,848,3 12 3,41,758698,94.64 83.51 96
2602,845,2 14 2,41,758667,93.85 85.1 95
2603,871,9 2 10,41,758607,99.41 75.55 101
2604,868,9 2 9,41,758607,99.41 75.55 101
2605,870,9 8 2,41,758607,99.41 80.33 95
2606,868,8 0 14,41,758577,98.62 73.96 104
2607,865,8 0 13,41,758577,98.62 73.96 104
2608,868,8 11 0,41,758577,98.62 82.71 93
2609,852,4 4 12,41,758319,95.44 77.14 103
2610,854,4 10 5,41,758319,95.44 81.92 97
2611,850,4 10 4,41,758319,95.44 81.92 97
2612,870,9 1 11,41,758053,99.41 74.76 102
2613,871,9 9 1,41,758053,99.41 81.12 94
2614,848,3 13 2,41,757946,94.64 84.3 95
2615,854,4 3 14,41,757788,95.44 76.35 104
2616,851,4 3 13,41,757788,95.44 76.35 104
2617,886,14 3 3,41,757788,103.39 76.35 96
2618,851,4 11 3,41,757788,95.44 82.71 96
2619,888,14 2 5,41,757705,103.39 75.55 97
2620,885,14 2 4,41,757705,103.39 75.55 97
2621,887,14 4 2,41,757705,103.39 77.14 95
2622,846,2 15 1,41,757697,93.85 85.89 94
2623,854,5 6 8,41,757674,96.23 78.73 100
2624,855,5 7 7,41,757674,96.23 79.53 99
2625,874,10 4 6,41,757583,100.21 77.14 98
2626,874,10 5 5,41,757583,100.21 77.94 97
2627,871,10 5 4,41,757583,100.21 77.94 97
2628,857,5 5 10,41,757521,96.23 77.94 101
2629,853,5 5 9,41,757521,96.23 77.94 101
2630,856,5 8 6,41,757521,96.23 80.33 98
2631,887,14 1 6,41,757459,103.39 74.76 98
2632,887,14 5 1,41,757459,103.39 77.94 94
2633,873,10 3 7,41,757423,100.21 76.35 99
2634,872,10 6 3,41,757423,100.21 78.73 96
2635,869,9 0 12,41,757342,99.41 73.96 103
2636,871,9 10 0,41,757342,99.41 81.92 93
2637,856,5 4 11,41,757215,96.23 77.14 102
2638,857,5 9 5,41,757215,96.23 81.12 97
2639,853,5 9 4,41,757215,96.23 81.12 97
2640,853,4 2 15,41,757105,95.44 75.55 105
2641,871,10 2 8,41,757105,100.21 75.55 100
2642,873,10 7 2,41,757105,100.21 79.53 95
2643,851,4 12 2,41,757105,95.44 83.51 95
2644,886,14 0 7,41,757048,103.39 73.96 99
2645,888,14 6 0,41,757048,103.39 78.73 93
2646,849,3 14 1,41,757043,94.64 85.1 94
2647,854,5 3 12,41,756755,96.23 76.35 103
2648,854,5 10 3,41,756755,96.23 81.92 96
2649,874,10 1 10,41,756626,100.21 74.76 101
2650,870,10 1 9,41,756626,100.21 74.76 101
2651,873,10 8 1,41,756626,100.21 80.33 94
2652,858,6 6 7,41,756296,97.03 78.73 99
2653,852,4 13 1,41,756270,95.44 84.3 94
2654,857,6 5 8,41,756219,97.03 77.94 100
2655,859,6 7 6,41,756219,97.03 79.53 98
2656,857,5 2 14,41,756143,96.23 75.55 104
2657,853,5 2 13,41,756143,96.23 75.55 104
2658,854,5 11 2,41,756143,96.23 82.71 95
2659,872,10 0 11,41,755989,100.21 73.96 102
2660,874,10 9 0,41,755989,100.21 81.12 93
2661,849,3 15 0,41,755989,94.64 85.89 93
2662,859,6 4 10,41,755988,97.03 77.14 101
2663,856,6 4 9,41,755988,97.03 77.14 101
2664,860,6 8 5,41,755988,97.03 80.33 97
2665,856,6 8 4,41,755988,97.03 80.33 97
2666,837,0 8 11,41,755860,92.25 80.33 102
2667,838,0 9 10,41,755860,92.25 81.12 101
2668,835,0 9 9,41,755860,92.25 81.12 101
2669,877,11 4 5,41,755803,101 77.14 97
2670,873,11 4 4,41,755803,101 77.14 97
2671,876,11 3 6,41,755723,101 76.35 98
2672,874,11 5 3,41,755723,101 77.94 96
2673,836,0 7 12,41,755713,92.25 79.53 103
2674,835,0 10 8,41,755713,92.25 81.92 100
2675,888,15 2 3,41,755662,104.18 75.55 96
2676,889,15 3 2,41,755662,104.18 76.35 95
2677,858,6 3 11,41,755602,97.03 76.35 102
2678,857,6 9 3,41,755602,97.03 81.12 96
2679,890,15 1 5,41,755497,104.18 74.76 97
2680,887,15 1 4,41,755497,104.18 74.76 97
2681,890,15 4 1,41,755497,104.18 77.14 94
2682,875,11 2 7,41,755482,101 75.55 99
2683,875,11 6 2,41,755482,101 78.73 95
2684,838,0 6 14,41,755420,92.25 78.73 104
2685,835,0 6 13,41,755420,92.25 78.73 104
2686,836,0 11 7,41,755420,92.25 82.71 99
2687,855,5 1 15,41,755378,96.23 74.76 105
2688,855,5 12 1,41,755378,96.23 83.51 94
2689,852,4 14 0,41,755283,95.44 85.1 93
2690,889,15 0 6,41,755165,104.18 73.96 98
2691,891,15 5 0,41,755165,104.18 77.94 93
2692,874,11 1 8,41,755080,101 74.76 100
2693,876,11 7 1,41,755080,101 79.53 94
2694,857,6 2 12,41,755062,97.03 75.55 103
2695,857,6 10 2,41,755062,97.03 81.92 95
2696,837,0 5 15,41,754979,92.25 77.94 105
2697,837,0 12 6,41,754979,92.25 83.51 98
2698,841,1 8 10,41,754901,93.05 80.33 101
2699,838,1 8 9,41,754901,93.05 80.33 101
2700,840,1 7 11,41,754827,93.05 79.53 102
2701,838,1 9 8,41,754827,93.05 81.12 100
2702,861,7 5 7,41,754793,97.82 77.94 99
2703,861,7 6 6,41,754793,97.82 78.73 98
2704,860,7 4 8,41,754638,97.82 77.14 100
2705,862,7 7 5,41,754638,97.82 79.53 97
2706,859,7 7 4,41,754638,97.82 79.53 97
2707,839,1 6 12,41,754605,93.05 78.73 103
2708,839,1 10 7,41,754605,93.05 81.92 99
2709,876,11 0 10,41,754518,101 73.96 101
2710,872,11 0 9,41,754518,101 73.96 101
2711,876,11 8 0,41,754518,101 80.33 93
2712,855,5 13 0,41,754459,96.23 84.3 93
2713,837,0 13 5,41,754392,92.25 84.3 97
2714,834,0 13 4,41,754392,92.25 84.3 97
2715,859,6 1 14,41,754367,97.03 74.76 104
2716,856,6 1 13,41,754367,97.03 74.76 104
2717,858,6 11 1,41,754367,97.03 82.71 94
2718,862,7 3 10,41,754327,97.82 76.35 101
2719,859,7 3 9,41,754327,97.82 76.35 101
2720,860,7 8 3,41,754327,97.82 80.33 96
2721,841,1 5 14,41,754235,93.05 77.94 104
2722,838,1 5 13,41,754235,93.05 77.94 104
2723,840,1 11 6,41,754235,93.05 82.71 98
2724,879,12 3 5,41,753902,101.8 76.35 97
2725,876,12 3 4,41,753902,101.8 76.35 97
2726,877,12 4 3,41,753902,101.8 77.14 96
2727,861,7 2 11,41,753860,97.82 75.55 102
2728,860,7 9 2,41,753860,97.82 81.12 95
2729,844,2 7 10,41,753815,93.85 79.53 101
2730,841,2 7 9,41,753815,93.85 79.53 101
2731,841,2 8 8,41,753815,93.85 80.33 100
2732,878,12 2 6,41,753740,101.8 75.55 98
2733,877,12 5 2,41,753740,101.8 77.94 95
2734,840,1 4 15,41,753717,93.05 77.14 105
2735,840,1 12 5,41,753717,93.05 83.51 97
2736,837,1 12 4,41,753717,93.05 83.51 97
2737,843,2 6 11,41,753666,93.85 78.73 102
2738,842,2 9 7,41,753666,93.85 81.12 99
2739,834,0 14 3,41,753659,92.25 85.1 96
2740,858,6 0 15,41,753518,97.03 73.96 105
2741,858,6 12 0,41,753518,97.03 83.51 93
2742,877,12 1 7,41,753416,101.8 74.76 99
2743,878,12 6 1,41,753416,101.8 78.73 94
2744,842,2 5 12,41,753368,93.85 77.94 103
2745,843,2 10 6,41,753368,93.85 81.92 98
2746,864,8 5 6,41,753244,98.62 77.94 98
2747,860,7 1 12,41,753237,97.82 74.76 103
2748,861,7 10 1,41,753237,97.82 81.92 94
2749,863,8 4 7,41,753165,98.62 77.14 99
2750,865,8 6 5,41,753165,98.62 78.73 97
2751,861,8 6 4,41,753165,98.62 78.73 97
2752,838,1 13 3,41,753051,93.05 84.3 96
2753,876,12 0 8,41,752930,101.8 73.96 100
2754,862,8 3 8,41,752930,98.62 76.35 100
2755,862,8 7 3,41,752930,98.62 79.53 96
2756,879,12 7 0,41,752930,101.8 79.53 93
2757,844,2 4 14,41,752920,93.85 77.14 104
2758,841,2 4 13,41,752920,93.85 77.14 104
2759,844,2 11 5,41,752920,93.85 82.71 97
2760,840,2 11 4,41,752920,93.85 82.71 97
2761,835,0 15 2,41,752778,92.25 85.89 95
2762,844,3 7 8,41,752677,94.64 79.53 100
2763,847,3 6 10,41,752602,94.64 78.73 101
2764,843,3 6 9,41,752602,94.64 78.73 101
2765,845,3 8 7,41,752602,94.64 80.33 99
2766,864,8 2 10,41,752538,98.62 75.55 101
2767,861,8 2 9,41,752538,98.62 75.55 101
2768,863,8 8 2,41,752538,98.62 80.33 95
2769,861,7 0 14,41,752459,97.82 73.96 104
2770,858,7 0 13,41,752459,97.82 73.96 104
2771,861,7 11 0,41,752459,97.82 82.71 93
2772,846,3 5 11,41,752376,94.64 77.94 102
2773,846,3 9 6,41,752376,94.64 81.12 98
2774,843,2 3 15,41,752323,93.85 76.35 105
2775,841,2 12 3,41,752323,93.85 83.51 96
2776,838,1 14 2,41,752237,93.05 85.1 95
2777,845,3 4 12,41,752000,94.64 77.14 103
2778,847,3 10 5,41,752000,94.64 81.92 97
2779,843,3 10 4,41,752000,94.64 81.92 97
2780,863,8 1 11,41,751989,98.62 74.76 102
2781,864,8 9 1,41,751989,98.62 81.12 94
2782,879,13 3 3,41,751958,102.59 76.35 96
2783,881,13 2 5,41,751877,102.59 75.55 97
2784,878,13 2 4,41,751877,102.59 75.55 97
2785,880,13 4 2,41,751877,102.59 77.14 95
2786,880,13 1 6,41,751632,102.59 74.76 98
2787,881,13 5 1,41,751632,102.59 77.94 94
2788,841,2 13 2,41,751576,93.85 84.3 95
2789,867,9 4 6,41,751570,99.41 77.14 98
2790,868,9 5 5,41,751570,99.41 77.94 97
2791,864,9 5 4,41,751570,99.41 77.94 97
2792,847,3 3 14,41,751473,94.64 76.35 104
2793,844,3 3 13,41,751473,94.64 76.35 104
2794,844,3 11 3,41,751473,94.64 82.71 96
2795,847,4 6 8,41,751412,95.44 78.73 100
2796,866,9 3 7,41,751412,99.41 76.35 99
2797,848,4 7 7,41,751412,95.44 79.53 99
2798,865,9 6 3,41,751412,99.41 78.73 96
2799,862,8 0 12,41,751283,98.62 73.96 103
2800,864,8 10 0,41,751283,98.62 81.92 93
2801,838,1 15 1,41,751275,93.05 85.89 94
2802,850,4 5 10,41,751260,95.44 77.94 101
2803,846,4 5 9,41,751260,95.44 77.94 101
2804,849,4 8 6,41,751260,95.44 80.33 98
2805,879,13 0 7,41,751224,102.59 73.96 99
2806,881,13 6 0,41,751224,102.59 78.73 93
2807,865,9 2 8,41,751096,99.41 75.55 100
2808,866,9 7 2,41,751096,99.41 79.53 95
2809,849,4 4 11,41,750957,95.44 77.14 102
2810,850,4 9 5,41,750957,95.44 81.12 97
2811,846,4 9 4,41,750957,95.44 81.12 97
2812,846,3 2 15,41,750795,94.64 75.55 105
2813,844,3 12 2,41,750795,94.64 83.51 95
2814,842,2 14 1,41,750681,93.85 85.1 94
2815,867,9 1 10,41,750621,99.41 74.76 101
2816,863,9 1 9,41,750621,99.41 74.76 101
2817,866,9 8 1,41,750621,99.41 80.33 94
2818,847,4 3 12,41,750501,95.44 76.35 103
2819,847,4 10 3,41,750501,95.44 81.92 96
2820,851,5 6 7,41,750097,96.23 78.73 99
2821,850,5 5 8,41,750020,96.23 77.94 100
2822,852,5 7 6,41,750020,96.23 79.53 98
2823,865,9 0 11,41,749989,99.41 73.96 102
2824,867,9 9 0,41,749989,99.41 81.12 93
2825,845,3 13 1,41,749967,94.64 84.3 94
2826,849,4 2 14,41,749894,95.44 75.55 104
2827,846,4 2 13,41,749894,95.44 75.55 104
2828,881,14 2 3,41,749894,103.39 75.55 96
2829,882,14 3 2,41,749894,103.39 76.35 95
2830,847,4 11 2,41,749894,95.44 82.71 95
2831,870,10 4 5,41,749852,100.21 77.14 97
2832,866,10 4 4,41,749852,100.21 77.14 97
2833,852,5 4 10,41,749791,96.23 77.14 101
2834,849,5 4 9,41,749791,96.23 77.14 101
2835,853,5 8 5,41,749791,96.23 80.33 97
2836,849,5 8 4,41,749791,96.23 80.33 97
2837,869,10 3 6,41,749773,100.21 76.35 98
2838,867,10 5 3,41,749773,100.21 77.94 96
2839,884,14 1 5,41,749730,103.39 74.76 97
2840,880,14 1 4,41,749730,103.39 74.76 97
2841,883,14 4 1,41,749730,103.39 77.14 94
2842,842,2 15 0,41,749636,93.85 85.89 93
2843,868,10 2 7,41,749533,100.21 75.55 99
2844,868,10 6 2,41,749533,100.21 78.73 95
2845,851,5 3 11,41,749408,96.23 76.35 102
2846,850,5 9 3,41,749408,96.23 81.12 96
2847,882,14 0 6,41,749401,103.39 73.96 98
2848,884,14 5 0,41,749401,103.39 77.94 93
2849,848,4 1 15,41,749135,95.44 74.76 105
2850,867,10 1 8,41,749135,100.21 74.76 100
2851,869,10 7 1,41,749135,100.21 79.53 94
2852,848,4 12 1,41,749135,95.44 83.51 94
2853,845,3 14 0,41,748989,94.64 85.1 93
2854,850,5 2 12,41,748872,96.23 75.55 103
2855,850,5 10 2,41,748872,96.23 81.92 95
2856,854,6 5 7,41,748657,97.03 77.94 99
2857,854,6 6 6,41,748657,97.03 78.73 98
2858,869,10 0 10,41,748577,100.21 73.96 101
2859,866,10 0 9,41,748577,100.21 73.96 101
2860,870,10 8 0,41,748577,100.21 80.33 93
2861,853,6 4 8,41,748502,97.03 77.14 100
2862,855,6 7 5,41,748502,97.03 79.53 97
2863,852,6 7 4,41,748502,97.03 79.53 97
2864,834,0 8 10,41,748449,92.25 80.33 101
2865,830,0 8 9,41,748449,92.25 80.33 101
2866,833,0 7 11,41,748376,92.25 79.53 102
2867,831,0 9 8,41,748376,92.25 81.12 100
2868,848,4 13 0,41,748224,95.44 84.3 93
2869,855,6 3 10,41,748194,97.03 76.35 101
2870,852,6 3 9,41,748194,97.03 76.35 101
2871,853,6 8 3,41,748194,97.03 80.33 96
2872,852,5 1 14,41,748184,96.23 74.76 104
2873,849,5 1 13,41,748184,96.23 74.76 104
2874,851,5 11 1,41,748184,96.23 82.71 94
2875,832,0 6 12,41,748156,92.25 78.73 103
2876,832,0 10 7,41,748156,92.25 81.92 99
2877,872,11 3 5,41,748012,101 76.35 97
2878,869,11 3 4,41,748012,101 76.35 97
2879,870,11 4 3,41,748012,101 77.14 96
2880,871,11 2 6,41,747851,101 75.55 98
2881,871,11 5 2,41,747851,101 77.94 95
2882,884,15 2 2,41,747791,104.18 75.55 95
2883,834,0 5 14,41,747789,92.25 77.94 104
2884,831,0 5 13,41,747789,92.25 77.94 104
2885,833,0 11 6,41,747789,92.25 82.71 98
2886,854,6 2 11,41,747731,97.03 75.55 102
2887,853,6 9 2,41,747731,97.03 81.12 95
2888,883,15 1 3,41,747708,104.18 74.76 96
2889,885,15 3 1,41,747708,104.18 76.35 94
2890,870,11 1 7,41,747530,101 74.76 99
2891,871,11 6 1,41,747530,101 78.73 94
2892,886,15 0 5,41,747459,104.18 73.96 97
2893,882,15 0 4,41,747459,104.18 73.96 97
2894,886,15 4 0,41,747459,104.18 77.14 93
2895,837,1 7 10,41,747427,93.05 79.53 101
2896,833,1 7 9,41,747427,93.05 79.53 101
2897,834,1 8 8,41,747427,93.05 80.33 100
2898,851,5 0 15,41,747342,96.23 73.96 105
2899,851,5 12 0,41,747342,96.23 83.51 93
2900,836,1 6 11,41,747279,93.05 78.73 102
2901,835,1 9 7,41,747279,93.05 81.12 99
2902,833,0 4 15,41,747275,92.25 77.14 105
2903,833,0 12 5,41,747275,92.25 83.51 97
2904,830,0 12 4,41,747275,92.25 83.51 97
2905,857,7 5 6,41,747169,97.82 77.94 98
2906,853,6 1 12,41,747113,97.03 74.76 103
2907,854,6 10 1,41,747113,97.03 81.92 94
2908,856,7 4 7,41,747091,97.82 77.14 99
2909,858,7 6 5,41,747091,97.82 78.73 97
2910,854,7 6 4,41,747091,97.82 78.73 97
2911,869,11 0 8,41,747048,101 73.96 100
2912,872,11 7 0,41,747048,101 79.53 93
2913,835,1 5 12,41,746983,93.05 77.94 103
2914,836,1 10 6,41,746983,93.05 81.92 98
2915,855,7 3 8,41,746858,97.82 76.35 100
2916,855,7 7 3,41,746858,97.82 79.53 96
2917,830,0 13 3,41,746615,92.25 84.3 96
2918,837,1 4 14,41,746539,93.05 77.14 104
2919,834,1 4 13,41,746539,93.05 77.14 104
2920,836,1 11 5,41,746539,93.05 82.71 97
2921,833,1 11 4,41,746539,93.05 82.71 97
2922,857,7 2 10,41,746469,97.82 75.55 101
2923,854,7 2 9,41,746469,97.82 75.55 101
2924,856,7 8 2,41,746469,97.82 80.33 95
2925,837,2 7 8,41,746352,93.85 79.53 100
2926,854,6 0 14,41,746342,97.03 73.96 104
2927,851,6 0 13,41,746342,97.03 73.96 104
2928,854,6 11 0,41,746342,97.03 82.71 93
2929,840,2 6 10,41,746277,93.85 78.73 101
2930,836,2 6 9,41,746277,93.85 78.73 101
2931,838,2 8 7,41,746277,93.85 80.33 99
2932,872,12 3 3,41,746129,101.8 76.35 96
2933,839,2 5 11,41,746053,93.85 77.94 102
2934,839,2 9 6,41,746053,93.85 81.12 98
2935,875,12 2 5,41,746048,101.8 75.55 97
2936,871,12 2 4,41,746048,101.8 75.55 97
2937,873,12 4 2,41,746048,101.8 77.14 95
2938,836,1 3 15,41,745947,93.05 76.35 105
2939,834,1 12 3,41,745947,93.05 83.51 96
2940,856,7 1 11,41,745924,97.82 74.76 102
2941,857,7 9 1,41,745924,97.82 81.12 94
2942,831,0 14 2,41,745808,92.25 85.1 95
2943,874,12 1 6,41,745805,101.8 74.76 98
2944,874,12 5 1,41,745805,101.8 77.94 94
2945,838,2 4 12,41,745680,93.85 77.14 103
2946,840,2 10 5,41,745680,93.85 81.92 97
2947,836,2 10 4,41,745680,93.85 81.92 97
2948,860,8 4 6,41,745558,98.62 77.14 98
2949,861,8 5 5,41,745558,98.62 77.94 97
2950,857,8 5 4,41,745558,98.62 77.94 97
2951,872,12 0 7,41,745401,101.8 73.96 99
2952,859,8 3 7,41,745401,98.62 76.35 99
2953,858,8 6 3,41,745401,98.62 78.73 96
2954,875,12 6 0,41,745401,101.8 78.73 93
2955,855,7 0 12,41,745224,97.82 73.96 103
2956,857,7 10 0,41,745224,97.82 81.92 93
2957,834,1 13 2,41,745207,93.05 84.3 95
2958,840,2 3 14,41,745158,93.85 76.35 104
2959,836,2 3 13,41,745158,93.85 76.35 104
2960,837,2 11 3,41,745158,93.85 82.71 96
2961,840,3 6 8,41,745150,94.64 78.73 100
2962,841,3 7 7,41,745150,94.64 79.53 99
2963,858,8 2 8,41,745087,98.62 75.55 100
2964,859,8 7 2,41,745087,98.62 79.53 95
2965,842,3 5 10,41,745000,94.64 77.94 101
2966,839,3 5 9,41,745000,94.64 77.94 101
2967,842,3 8 6,41,745000,94.64 80.33 98
2968,831,0 15 1,41,744854,92.25 85.89 94
2969,841,3 4 11,41,744699,94.64 77.14 102
2970,843,3 9 5,41,744699,94.64 81.12 97
2971,839,3 9 4,41,744699,94.64 81.12 97
2972,860,8 1 10,41,744616,98.62 74.76 101
2973,856,8 1 9,41,744616,98.62 74.76 101
2974,859,8 8 1,41,744616,98.62 80.33 94
2975,838,2 2 15,41,744486,93.85 75.55 105
2976,837,2 12 2,41,744486,93.85 83.51 95
2977,835,1 14 1,41,744319,93.05 85.1 94
2978,840,3 3 12,41,744247,94.64 76.35 103
2979,840,3 10 3,41,744247,94.64 81.92 96
2980,874,13 2 3,41,744126,102.59 75.55 96
2981,875,13 3 2,41,744126,102.59 76.35 95
2982,859,8 0 11,41,743989,98.62 73.96 102
2983,860,8 9 0,41,743989,98.62 81.12 93
2984,877,13 1 5,41,743962,102.59 74.76 97
2985,873,13 1 4,41,743962,102.59 74.76 97
2986,876,13 4 1,41,743962,102.59 77.14 94
2987,863,9 4 5,41,743901,99.41 77.14 97
2988,860,9 4 4,41,743901,99.41 77.14 97
2989,844,4 6 7,41,743898,95.44 78.73 99
2990,843,4 5 8,41,743822,95.44 77.94 100
2991,862,9 3 6,41,743822,99.41 76.35 98
2992,845,4 7 6,41,743822,95.44 79.53 98
2993,860,9 5 3,41,743822,99.41 77.94 96
2994,838,2 13 1,41,743665,93.85 84.3 94
2995,842,3 2 14,41,743645,94.64 75.55 104
2996,839,3 2 13,41,743645,94.64 75.55 104
2997,840,3 11 2,41,743645,94.64 82.71 95
2998,876,13 0 6,41,743636,102.59 73.96 98
2999,877,13 5 0,41,743636,102.59 77.94 93
3000,845,4 4 10,41,743594,95.44 77.14 101
3001,842,4 4 9,41,743594,95.44 77.14 101
3002,845,4 8 5,41,743594,95.44 80.33 97
3003,842,4 8 4,41,743594,95.44 80.33 97
3004,861,9 2 7,41,743585,99.41 75.55 99
3005,861,9 6 2,41,743585,99.41 78.73 95
3006,835,1 15 0,41,743283,93.05 85.89 93
3007,844,4 3 11,41,743215,95.44 76.35 102
3008,843,4 9 3,41,743215,95.44 81.12 96
3009,860,9 1 8,41,743189,99.41 74.76 100
3010,862,9 7 1,41,743189,99.41 79.53 94
3011,841,3 1 15,41,742892,94.64 74.76 105
3012,841,3 12 1,41,742892,94.64 83.51 94
3013,838,2 14 0,41,742695,93.85 85.1 93
3014,843,4 2 12,41,742683,95.44 75.55 103
3015,843,4 10 2,41,742683,95.44 81.92 95
3016,862,9 0 10,41,742636,99.41 73.96 101
3017,859,9 0 9,41,742636,99.41 73.96 101
3018,863,9 8 0,41,742636,99.41 80.33 93
3019,847,5 5 7,41,742520,96.23 77.94 99
3020,847,5 6 6,41,742520,96.23 78.73 98
3021,846,5 4 8,41,742367,96.23 77.14 100
3022,848,5 7 5,41,742367,96.23 79.53 97
3023,845,5 7 4,41,742367,96.23 79.53 97
3024,866,10 3 5,41,742122,100.21 76.35 97
3025,862,10 3 4,41,742122,100.21 76.35 97
3026,863,10 4 3,41,742122,100.21 77.14 96
3027,877,14 2 2,41,742083,103.39 75.55 95
3028,848,5 3 10,41,742061,96.23 76.35 101
3029,845,5 3 9,41,742061,96.23 76.35 101
3030,846,5 8 3,41,742061,96.23 80.33 96
3031,845,4 1 14,41,742000,95.44 74.76 104
3032,842,4 1 13,41,742000,95.44 74.76 104
3033,876,14 1 3,41,742000,103.39 74.76 96
3034,878,14 3 1,41,742000,103.39 76.35 94
3035,844,4 11 1,41,742000,95.44 82.71 94
3036,841,3 13 0,41,741989,94.64 84.3 93
3037,864,10 2 6,41,741962,100.21 75.55 98
3038,864,10 5 2,41,741962,100.21 77.94 95
3039,879,14 0 5,41,741754,103.39 73.96 97
3040,875,14 0 4,41,741754,103.39 73.96 97
3041,879,14 4 0,41,741754,103.39 77.14 93
3042,863,10 1 7,41,741644,100.21 74.76 99
3043,865,10 6 1,41,741644,100.21 78.73 94
3044,847,5 2 11,41,741602,96.23 75.55 102
3045,846,5 9 2,41,741602,96.23 81.12 95
3046,844,4 0 15,41,741165,95.44 73.96 105
3047,862,10 0 8,41,741165,100.21 73.96 100
3048,865,10 7 0,41,741165,100.21 79.53 93
3049,844,4 12 0,41,741165,95.44 83.51 93
3050,850,6 5 6,41,741095,97.03 77.94 98
3051,830,0 7 10,41,741039,92.25 79.53 101
3052,826,0 7 9,41,741039,92.25 79.53 101
3053,827,0 8 8,41,741039,92.25 80.33 100
3054,849,6 4 7,41,741017,97.03 77.14 99
3055,851,6 6 5,41,741017,97.03 78.73 97
3056,848,6 6 4,41,741017,97.03 78.73 97
3057,846,5 1 12,41,740990,96.23 74.76 103
3058,847,5 10 1,41,740990,96.23 81.92 94
3059,829,0 6 11,41,740892,92.25 78.73 102
3060,828,0 9 7,41,740892,92.25 81.12 99
3061,848,6 3 8,41,740786,97.03 76.35 100
3062,848,6 7 3,41,740786,97.03 79.53 96
3063,828,0 5 12,41,740599,92.25 77.94 103
3064,829,0 10 6,41,740599,92.25 81.92 98
3065,850,6 2 10,41,740400,97.03 75.55 101
3066,847,6 2 9,41,740400,97.03 75.55 101
3067,849,6 8 2,41,740400,97.03 80.33 95
3068,865,11 3 3,41,740300,101 76.35 96
3069,847,5 0 14,41,740224,96.23 73.96 104
3070,844,5 0 13,41,740224,96.23 73.96 104
3071,847,5 11 0,41,740224,96.23 82.71 93
3072,868,11 2 5,41,740220,101 75.55 97
3073,864,11 2 4,41,740220,101 75.55 97
3074,866,11 4 2,41,740220,101 77.14 95
3075,830,0 4 14,41,740159,92.25 77.14 104
3076,827,0 4 13,41,740159,92.25 77.14 104
3077,829,0 11 5,41,740159,92.25 82.71 97
3078,826,0 11 4,41,740159,92.25 82.71 97
3079,830,1 7 8,41,740027,93.05 79.53 100
3080,867,11 1 6,41,739979,101 74.76 98
3081,867,11 5 1,41,739979,101 77.94 94
3082,833,1 6 10,41,739953,93.05 78.73 101
3083,829,1 6 9,41,739953,93.05 78.73 101
3084,831,1 8 7,41,739953,93.05 80.33 99
3085,880,15 1 2,41,739919,104.18 74.76 95
3086,880,15 2 1,41,739919,104.18 75.55 94
3087,849,6 1 11,41,739860,97.03 74.76 102
3088,850,6 9 1,41,739860,97.03 81.12 94
3089,878,15 0 3,41,739754,104.18 73.96 96
3090,881,15 3 0,41,739754,104.18 76.35 93
3091,832,1 5 11,41,739731,93.05 77.94 102
3092,832,1 9 6,41,739731,93.05 81.12 98
3093,866,11 0 7,41,739577,101 73.96 99
3094,868,11 6 0,41,739577,101 78.73 93
3095,829,0 3 15,41,739572,92.25 76.35 105
3096,827,0 12 3,41,739572,92.25 83.51 96
3097,853,7 4 6,41,739545,97.82 77.14 98
3098,854,7 5 5,41,739545,97.82 77.94 97
3099,850,7 5 4,41,739545,97.82 77.94 97
3100,852,7 3 7,41,739389,97.82 76.35 99
3101,851,7 6 3,41,739389,97.82 78.73 96
3102,831,1 4 12,41,739361,93.05 77.14 103
3103,832,1 10 5,41,739361,93.05 81.92 97
3104,829,1 10 4,41,739361,93.05 81.92 97
3105,848,6 0 12,41,739165,97.03 73.96 103
3106,850,6 10 0,41,739165,97.03 81.92 93
3107,851,7 2 8,41,739078,97.82 75.55 100
3108,852,7 7 2,41,739078,97.82 79.53 95
3109,833,2 6 8,41,738888,93.85 78.73 100
3110,834,2 7 7,41,738888,93.85 79.53 99
3111,833,1 3 14,41,738843,93.05 76.35 104
3112,829,1 3 13,41,738843,93.05 76.35 104
3113,830,1 11 3,41,738843,93.05 82.71 96
3114,827,0 13 2,41,738838,92.25 84.3 95
3115,835,2 5 10,41,738739,93.85 77.94 101
3116,832,2 5 9,41,738739,93.85 77.94 101
3117,835,2 8 6,41,738739,93.85 80.33 98
3118,853,7 1 10,41,738611,97.82 74.76 101
3119,850,7 1 9,41,738611,97.82 74.76 101
3120,852,7 8 1,41,738611,97.82 80.33 94
3121,834,2 4 11,41,738441,93.85 77.14 102
3122,835,2 9 5,41,738441,93.85 81.12 97
3123,832,2 9 4,41,738441,93.85 81.12 97
3124,868,12 2 3,41,738357,101.8 75.55 96
3125,868,12 3 2,41,738357,101.8 76.35 95
3126,870,12 1 5,41,738195,101.8 74.76 97
3127,866,12 1 4,41,738195,101.8 74.76 97
3128,869,12 4 1,41,738195,101.8 77.14 94
3129,831,1 2 15,41,738177,93.05 75.55 105
3130,830,1 12 2,41,738177,93.05 83.51 95
3131,833,2 3 12,41,737993,93.85 76.35 103
3132,833,2 10 3,41,737993,93.85 81.92 96
3133,852,7 0 11,41,737989,97.82 73.96 102
3134,853,7 9 0,41,737989,97.82 81.12 93
3135,827,0 14 1,41,737957,92.25 85.1 94
3136,856,8 4 5,41,737950,98.62 77.14 97
3137,853,8 4 4,41,737950,98.62 77.14 97
3138,869,12 0 6,41,737871,101.8 73.96 98
3139,855,8 3 6,41,737871,98.62 76.35 98
3140,854,8 5 3,41,737871,98.62 77.94 96
3141,870,12 5 0,41,737871,101.8 77.94 93
3142,837,3 6 7,41,737699,94.64 78.73 99
3143,854,8 2 7,41,737636,98.62 75.55 99
3144,854,8 6 2,41,737636,98.62 78.73 95
3145,836,3 5 8,41,737623,94.64 77.94 100
3146,838,3 7 6,41,737623,94.64 79.53 98
3147,838,3 4 10,41,737398,94.64 77.14 101
3148,835,3 4 9,41,737398,94.64 77.14 101
3149,838,3 8 5,41,737398,94.64 80.33 97
3150,835,3 8 4,41,737398,94.64 80.33 97
3151,835,2 2 14,41,737396,93.85 75.55 104
3152,832,2 2 13,41,737396,93.85 75.55 104
3153,833,2 11 2,41,737396,93.85 82.71 95
3154,831,1 13 1,41,737363,93.05 84.3 94
3155,853,8 1 8,41,737244,98.62 74.76 100
3156,855,8 7 1,41,737244,98.62 79.53 94
3157,837,3 3 11,41,737021,94.64 76.35 102
3158,836,3 9 3,41,737021,94.64 81.12 96
3159,828,0 15 0,41,736930,92.25 85.89 93
3160,855,8 0 10,41,736695,98.62 73.96 101
3161,852,8 0 9,41,736695,98.62 73.96 101
3162,856,8 8 0,41,736695,98.62 80.33 93
3163,834,2 1 15,41,736649,93.85 74.76 105
3164,834,2 12 1,41,736649,93.85 83.51 94
3165,836,3 2 12,41,736494,94.64 75.55 103
3166,836,3 10 2,41,736494,94.64 81.92 95
3167,831,1 14 0,41,736401,93.05 85.1 93
3168,840,4 5 7,41,736384,95.44 77.94 99
3169,840,4 6 6,41,736384,95.44 78.73 98
3170,871,13 2 2,41,736374,102.59 75.55 95
3171,870,13 1 3,41,736293,102.59 74.76 96
3172,872,13 3 1,41,736293,102.59 76.35 94
3173,839,4 4 8,41,736232,95.44 77.14 100
3174,859,9 3 5,41,736232,99.41 76.35 97
3175,855,9 3 4,41,736232,99.41 76.35 97
3176,841,4 7 5,41,736232,95.44 79.53 97
3177,838,4 7 4,41,736232,95.44 79.53 97
3178,856,9 4 3,41,736232,99.41 77.14 96
3179,858,9 2 6,41,736074,99.41 75.55 98
3180,857,9 5 2,41,736074,99.41 77.94 95
3181,872,13 0 5,41,736048,102.59 73.96 97
3182,869,13 0 4,41,736048,102.59 73.96 97
3183,872,13 4 0,41,736048,102.59 77.14 93
3184,841,4 3 10,41,735928,95.44 76.35 101
3185,838,4 3 9,41,735928,95.44 76.35 101
3186,839,4 8 3,41,735928,95.44 80.33 96
3187,838,3 1 14,41,735817,94.64 74.76 104
3188,835,3 1 13,41,735817,94.64 74.76 104
3189,837,3 11 1,41,735817,94.64 82.71 94
3190,857,9 1 7,41,735758,99.41 74.76 99
3191,858,9 6 1,41,735758,99.41 78.73 94
3192,834,2 13 0,41,735754,93.85 84.3 93
3193,840,4 2 11,41,735473,95.44 75.55 102
3194,839,4 9 2,41,735473,95.44 81.12 95
3195,855,9 0 8,41,735283,99.41 73.96 100
3196,858,9 7 0,41,735283,99.41 79.53 93
3197,843,5 5 6,41,735020,96.23 77.94 98
3198,837,3 0 15,41,734989,94.64 73.96 105
3199,837,3 12 0,41,734989,94.64 83.51 93
3200,842,5 4 7,41,734944,96.23 77.14 99
3201,844,5 6 5,41,734944,96.23 78.73 97
3202,841,5 6 4,41,734944,96.23 78.73 97
3203,839,4 1 12,41,734866,95.44 74.76 103
3204,840,4 10 1,41,734866,95.44 81.92 94
3205,841,5 3 8,41,734714,96.23 76.35 100
3206,841,5 7 3,41,734714,96.23 79.53 96
3207,858,10 3 3,41,734471,100.21 76.35 96
3208,861,10 2 5,41,734391,100.21 75.55 97
3209,857,10 2 4,41,734391,100.21 75.55 97
3210,859,10 4 2,41,734391,100.21 77.14 95
3211,843,5 2 10,41,734331,96.23 75.55 101
3212,840,5 2 9,41,734331,96.23 75.55 101
3213,842,5 8 2,41,734331,96.23 80.33 95
3214,873,14 1 2,41,734271,103.39 74.76 95
3215,874,14 2 1,41,734271,103.39 75.55 94
3216,860,10 1 6,41,734152,100.21 74.76 98
3217,860,10 5 1,41,734152,100.21 77.94 94
3218,840,4 0 14,41,734107,95.44 73.96 104
3219,837,4 0 13,41,734107,95.44 73.96 104
3220,872,14 0 3,41,734107,103.39 73.96 96
3221,875,14 3 0,41,734107,103.39 76.35 93
3222,840,4 11 0,41,734107,95.44 82.71 93
3223,842,5 1 11,41,733796,96.23 74.76 102
3224,843,5 9 1,41,733796,96.23 81.12 94
3225,859,10 0 7,41,733754,100.21 73.96 99
3226,861,10 6 0,41,733754,100.21 78.73 93
3227,823,0 7 8,41,733702,92.25 79.53 100
3228,825,0 6 10,41,733629,92.25 78.73 101
3229,822,0 6 9,41,733629,92.25 78.73 101
3230,824,0 8 7,41,733629,92.25 80.33 99
3231,846,6 4 6,41,733532,97.03 77.14 98
3232,847,6 5 5,41,733532,97.03 77.94 97
3233,843,6 5 4,41,733532,97.03 77.94 97
3234,824,0 5 11,41,733408,92.25 77.94 102
3235,825,0 9 6,41,733408,92.25 81.12 98
3236,845,6 3 7,41,733378,97.03 76.35 99
3237,844,6 6 3,41,733378,97.03 78.73 96
3238,841,5 0 12,41,733107,96.23 73.96 103
3239,843,5 10 0,41,733107,96.23 81.92 93
3240,844,6 2 8,41,733069,97.03 75.55 100
3241,845,6 7 2,41,733069,97.03 79.53 95
3242,823,0 4 12,41,733042,92.25 77.14 103
3243,825,0 10 5,41,733042,92.25 81.92 97
3244,822,0 10 4,41,733042,92.25 81.92 97
3245,826,1 6 8,41,732627,93.05 78.73 100
3246,827,1 7 7,41,732627,93.05 79.53 99
3247,846,6 1 10,41,732606,97.03 74.76 101
3248,843,6 1 9,41,732606,97.03 74.76 101
3249,845,6 8 1,41,732606,97.03 80.33 94
3250,861,11 2 3,41,732589,101 75.55 96
3251,862,11 3 2,41,732589,101 76.35 95
3252,825,0 3 14,41,732528,92.25 76.35 104
3253,822,0 3 13,41,732528,92.25 76.35 104
3254,823,0 11 3,41,732528,92.25 82.71 96
3255,828,1 5 10,41,732479,93.05 77.94 101
3256,825,1 5 9,41,732479,93.05 77.94 101
3257,828,1 8 6,41,732479,93.05 80.33 98
3258,863,11 1 5,41,732428,101 74.76 97
3259,860,11 1 4,41,732428,101 74.76 97
3260,863,11 4 1,41,732428,101 77.14 94
3261,827,1 4 11,41,732183,93.05 77.14 102
3262,828,1 9 5,41,732183,93.05 81.12 97
3263,825,1 9 4,41,732183,93.05 81.12 97
3264,876,15 1 1,41,732131,104.18 74.76 94
3265,862,11 0 6,41,732107,101 73.96 98
3266,863,11 5 0,41,732107,101 77.94 93
3267,875,15 0 2,41,732048,104.18 73.96 95
3268,877,15 2 0,41,732048,104.18 75.55 93
3269,849,7 4 5,41,731999,97.82 77.14 97
3270,846,7 4 4,41,731999,97.82 77.14 97
3271,845,6 0 11,41,731989,97.03 73.96 102
3272,846,6 9 0,41,731989,97.03 81.12 93
3273,848,7 3 6,41,731921,97.82 76.35 98
3274,847,7 5 3,41,731921,97.82 77.94 96
3275,824,0 2 15,41,731868,92.25 75.55 105
3276,823,0 12 2,41,731868,92.25 83.51 95
3277,826,1 3 12,41,731739,93.05 76.35 103
3278,826,1 10 3,41,731739,93.05 81.92 96
3279,847,7 2 7,41,731687,97.82 75.55 99
3280,847,7 6 2,41,731687,97.82 78.73 95
3281,830,2 6 7,41,731500,93.85 78.73 99
3282,829,2 5 8,41,731425,93.85 77.94 100
3283,831,2 7 6,41,731425,93.85 79.53 98
3284,846,7 1 8,41,731298,97.82 74.76 100
3285,848,7 7 1,41,731298,97.82 79.53 94
3286,831,2 4 10,41,731201,93.85 77.14 101
3287,828,2 4 9,41,731201,93.85 77.14 101
3288,831,2 8 5,41,731201,93.85 80.33 97
3289,828,2 8 4,41,731201,93.85 80.33 97
3290,828,1 2 14,41,731147,93.05 75.55 104
3291,825,1 2 13,41,731147,93.05 75.55 104
3292,826,1 11 2,41,731147,93.05 82.71 95
3293,824,0 13 1,41,731061,92.25 84.3 94
3294,830,2 3 11,41,730828,93.85 76.35 102
3295,829,2 9 3,41,730828,93.85 81.12 96
3296,848,7 0 10,41,730754,97.82 73.96 101
3297,845,7 0 9,41,730754,97.82 73.96 101
3298,849,7 8 0,41,730754,97.82 80.33 93
3299,864,12 2 2,41,730666,101.8 75.55 95
3300,863,12 1 3,41,730585,101.8 74.76 96
3301,865,12 3 1,41,730585,101.8 76.35 94
3302,827,1 1 15,41,730407,93.05 74.76 105
3303,827,1 12 1,41,730407,93.05 83.51 94
3304,865,12 0 5,41,730342,101.8 73.96 97
3305,862,12 0 4,41,730342,101.8 73.96 97
3306,852,8 3 5,41,730342,98.62 76.35 97
3307,848,8 3 4,41,730342,98.62 76.35 97
3308,849,8 4 3,41,730342,98.62 77.14 96
3309,866,12 4 0,41,730342,101.8 77.14 93
3310,829,2 2 12,41,730305,93.85 75.55 103
3311,829,2 10 2,41,730305,93.85 81.92 95
3312,833,3 5 7,41,730247,94.64 77.94 99
3313,833,3 6 6,41,730247,94.64 78.73 98
3314,851,8 2 6,41,730185,98.62 75.55 98
3315,850,8 5 2,41,730185,98.62 77.94 95
3316,824,0 14 0,41,730107,92.25 85.1 93
3317,832,3 4 8,41,730097,94.64 77.14 100
3318,834,3 7 5,41,730097,94.64 79.53 97
3319,831,3 7 4,41,730097,94.64 79.53 97
3320,850,8 1 7,41,729871,98.62 74.76 99
3321,851,8 6 1,41,729871,98.62 78.73 94
3322,834,3 3 10,41,729796,94.64 76.35 101
3323,831,3 3 9,41,729796,94.64 76.35 101
3324,832,3 8 3,41,729796,94.64 80.33 96
3325,831,2 1 14,41,729634,93.85 74.76 104
3326,828,2 1 13,41,729634,93.85 74.76 104
3327,830,2 11 1,41,729634,93.85 82.71 94
3328,827,1 13 0,41,729519,93.05 84.3 93
3329,849,8 0 8,41,729401,98.62 73.96 100
3330,851,8 7 0,41,729401,98.62 79.53 93
3331,833,3 2 11,41,729344,94.64 75.55 102
3332,832,3 9 2,41,729344,94.64 81.12 95
3333,836,4 5 6,41,728946,95.44 77.94 98
3334,835,4 4 7,41,728870,95.44 77.14 99
3335,837,4 6 5,41,728870,95.44 78.73 97
3336,834,4 6 4,41,728870,95.44 78.73 97
3337,830,2 0 15,41,728813,93.85 73.96 105
3338,830,2 12 0,41,728813,93.85 83.51 93
3339,832,3 1 12,41,728742,94.64 74.76 103
3340,833,3 10 1,41,728742,94.64 81.92 94
3341,834,4 3 8,41,728642,95.44 76.35 100
3342,852,9 3 3,41,728642,99.41 76.35 96
3343,834,4 7 3,41,728642,95.44 79.53 96
3344,866,13 1 2,41,728623,102.59 74.76 95
3345,867,13 2 1,41,728623,102.59 75.55 94
3346,854,9 2 5,41,728563,99.41 75.55 97
3347,851,9 2 4,41,728563,99.41 75.55 97
3348,852,9 4 2,41,728563,99.41 77.14 95
3349,865,13 0 3,41,728460,102.59 73.96 96
3350,868,13 3 0,41,728460,102.59 76.35 93
3351,853,9 1 6,41,728326,99.41 74.76 98
3352,853,9 5 1,41,728326,99.41 77.94 94
3353,836,4 2 10,41,728262,95.44 75.55 101
3354,833,4 2 9,41,728262,95.44 75.55 101
3355,835,4 8 2,41,728262,95.44 80.33 95
3356,833,3 0 14,41,727989,94.64 73.96 104
3357,830,3 0 13,41,727989,94.64 73.96 104
3358,833,3 11 0,41,727989,94.64 82.71 93
3359,852,9 0 7,41,727930,99.41 73.96 99
3360,854,9 6 0,41,727930,99.41 78.73 93
3361,835,4 1 11,41,727731,95.44 74.76 102
3362,836,4 9 1,41,727731,95.44 81.12 94
3363,839,5 4 6,41,727520,96.23 77.14 98
3364,840,5 5 5,41,727520,96.23 77.94 97
3365,836,5 5 4,41,727520,96.23 77.94 97
3366,838,5 3 7,41,727367,96.23 76.35 99
3367,837,5 6 3,41,727367,96.23 78.73 96
3368,837,5 2 8,41,727061,96.23 75.55 100
3369,838,5 7 2,41,727061,96.23 79.53 95
3370,834,4 0 12,41,727048,95.44 73.96 103
3371,836,4 10 0,41,727048,95.44 81.92 93
3372,854,10 2 3,41,726820,100.21 75.55 96
3373,855,10 3 2,41,726820,100.21 76.35 95
3374,856,10 1 5,41,726661,100.21 74.76 97
3375,853,10 1 4,41,726661,100.21 74.76 97
3376,856,10 4 1,41,726661,100.21 77.14 94
3377,839,5 1 10,41,726601,96.23 74.76 101
3378,836,5 1 9,41,726601,96.23 74.76 101
3379,839,5 8 1,41,726601,96.23 80.33 94
3380,869,14 1 1,41,726542,103.39 74.76 94
3381,868,14 0 2,41,726460,103.39 73.96 95
3382,870,14 2 0,41,726460,103.39 75.55 93
3383,819,0 6 8,41,726365,92.25 78.73 100
3384,820,0 7 7,41,726365,92.25 79.53 99
3385,855,10 0 6,41,726342,100.21 73.96 98
3386,857,10 5 0,41,726342,100.21 77.94 93
3387,821,0 5 10,41,726218,92.25 77.94 101
3388,818,0 5 9,41,726218,92.25 77.94 101
3389,821,0 8 6,41,726218,92.25 80.33 98
3390,842,6 4 5,41,726047,97.03 77.14 97
3391,839,6 4 4,41,726047,97.03 77.14 97
3392,838,5 0 11,41,725989,96.23 73.96 102
3393,839,5 9 0,41,725989,96.23 81.12 93
3394,841,6 3 6,41,725970,97.03 76.35 98
3395,840,6 5 3,41,725970,97.03 77.94 96
3396,820,0 4 11,41,725925,92.25 77.14 102
3397,821,0 9 5,41,725925,92.25 81.12 97
3398,818,0 9 4,41,725925,92.25 81.12 97
3399,840,6 2 7,41,725739,97.03 75.55 99
3400,841,6 6 2,41,725739,97.03 78.73 95
3401,819,0 3 12,41,725484,92.25 76.35 103
3402,819,0 10 3,41,725484,92.25 81.92 96
3403,839,6 1 8,41,725353,97.03 74.76 100
3404,841,6 7 1,41,725353,97.03 79.53 94
3405,823,1 6 7,41,725300,93.05 78.73 99
3406,822,1 5 8,41,725226,93.05 77.94 100
3407,824,1 7 6,41,725226,93.05 79.53 98
3408,824,1 4 10,41,725004,93.05 77.14 101
3409,821,1 4 9,41,725004,93.05 77.14 101
3410,824,1 8 5,41,725004,93.05 80.33 97
3411,821,1 8 4,41,725004,93.05 80.33 97
3412,857,11 2 2,41,724958,101 75.55 95
3413,821,0 2 14,41,724897,92.25 75.55 104
3414,818,0 2 13,41,724897,92.25 75.55 104
3415,819,0 11 2,41,724897,92.25 82.71 95
3416,856,11 1 3,41,724877,101 74.76 96
3417,858,11 3 1,41,724877,101 76.35 94
3418,841,6 0 10,41,724813,97.03 73.96 101
3419,838,6 0 9,41,724813,97.03 73.96 101
3420,842,6 8 0,41,724813,97.03 80.33 93
3421,859,11 0 5,41,724636,101 73.96 97
3422,855,11 0 4,41,724636,101 73.96 97
3423,859,11 4 0,41,724636,101 77.14 93
3424,823,1 3 11,41,724634,93.05 76.35 102
3425,822,1 9 3,41,724634,93.05 81.12 96
3426,845,7 3 5,41,724452,97.82 76.35 97
3427,841,7 3 4,41,724452,97.82 76.35 97
3428,842,7 4 3,41,724452,97.82 77.14 96
3429,871,15 0 1,41,724342,104.18 73.96 94
3430,872,15 1 0,41,724342,104.18 74.76 93
3431,844,7 2 6,41,724297,97.82 75.55 98
3432,843,7 5 2,41,724297,97.82 77.94 95
3433,820,0 1 15,41,724164,92.25 74.76 105
3434,820,0 12 1,41,724164,92.25 83.51 94
3435,822,1 2 12,41,724116,93.05 75.55 103
3436,822,1 10 2,41,724116,93.05 81.92 95
3437,826,2 5 7,41,724111,93.85 77.94 99
3438,826,2 6 6,41,724111,93.85 78.73 98
3439,843,7 1 7,41,723985,97.82 74.76 99
3440,844,7 6 1,41,723985,97.82 78.73 94
3441,825,2 4 8,41,723961,93.85 77.14 100
3442,827,2 7 5,41,723961,93.85 79.53 97
3443,824,2 7 4,41,723961,93.85 79.53 97
3444,827,2 3 10,41,723663,93.85 76.35 101
3445,824,2 3 9,41,723663,93.85 76.35 101
3446,825,2 8 3,41,723663,93.85 80.33 96
3447,842,7 0 8,41,723519,97.82 73.96 100
3448,845,7 7 0,41,723519,97.82 79.53 93
3449,824,1 1 14,41,723450,93.05 74.76 104
3450,821,1 1 13,41,723450,93.05 74.76 104
3451,823,1 11 1,41,723450,93.05 82.71 94
3452,820,0 13 0,41,723283,92.25 84.3 93
3453,826,2 2 11,41,723215,93.85 75.55 102
3454,825,2 9 2,41,723215,93.85 81.12 95
3455,859,12 1 2,41,722975,101.8 74.76 95
3456,860,12 2 1,41,722975,101.8 75.55 94
3457,829,3 5 6,41,722871,94.64 77.94 98
3458,858,12 0 3,41,722813,101.8 73.96 96
3459,845,8 3 3,41,722813,98.62 76.35 96
3460,861,12 3 0,41,722813,101.8 76.35 93
3461,828,3 4 7,41,722796,94.64 77.14 99
3462,830,3 6 5,41,722796,94.64 78.73 97
3463,827,3 6 4,41,722796,94.64 78.73 97
3464,847,8 2 5,41,722734,98.62 75.55 97
3465,844,8 2 4,41,722734,98.62 75.55 97
3466,846,8 4 2,41,722734,98.62 77.14 95
3467,823,1 0 15,41,722636,93.05 73.96 105
3468,823,1 12 0,41,722636,93.05 83.51 93
3469,825,2 1 12,41,722618,93.85 74.76 103
3470,826,2 10 1,41,722618,93.85 81.92 94
3471,827,3 3 8,41,722570,94.64 76.35 100
3472,827,3 7 3,41,722570,94.64 79.53 96
3473,846,8 1 6,41,722499,98.62 74.76 98
3474,846,8 5 1,41,722499,98.62 77.94 94
3475,829,3 2 10,41,722194,94.64 75.55 101
3476,826,3 2 9,41,722194,94.64 75.55 101
3477,828,3 8 2,41,722194,94.64 80.33 95
3478,845,8 0 7,41,722107,98.62 73.96 99
3479,847,8 6 0,41,722107,98.62 78.73 93
3480,826,2 0 14,41,721872,93.85 73.96 104
3481,823,2 0 13,41,721872,93.85 73.96 104
3482,826,2 11 0,41,721872,93.85 82.71 93
3483,828,3 1 11,41,721667,94.64 74.76 102
3484,829,3 9 1,41,721667,94.64 81.12 94
3485,832,4 4 6,41,721507,95.44 77.14 98
3486,833,4 5 5,41,721507,95.44 77.94 97
3487,829,4 5 4,41,721507,95.44 77.94 97
3488,831,4 3 7,41,721355,95.44 76.35 99
3489,830,4 6 3,41,721355,95.44 78.73 96
3490,830,4 2 8,41,721052,95.44 75.55 100
3491,847,9 2 3,41,721052,99.41 75.55 96
3492,848,9 3 2,41,721052,99.41 76.35 95
3493,831,4 7 2,41,721052,95.44 79.53 95
3494,827,3 0 12,41,720989,94.64 73.96 103
3495,829,3 10 0,41,720989,94.64 81.92 93
3496,862,13 1 1,41,720953,102.59 74.76 94
3497,850,9 1 5,41,720894,99.41 74.76 97
3498,846,9 1 4,41,720894,99.41 74.76 97
3499,849,9 4 1,41,720894,99.41 77.14 94
3500,861,13 0 2,41,720872,102.59 73.96 95
3501,863,13 2 0,41,720872,102.59 75.55 93
3502,832,4 1 10,41,720596,95.44 74.76 101
3503,829,4 1 9,41,720596,95.44 74.76 101
3504,832,4 8 1,41,720596,95.44 80.33 94
3505,849,9 0 6,41,720578,99.41 73.96 98
3506,850,9 5 0,41,720578,99.41 77.94 93
3507,835,5 4 5,41,720096,96.23 77.14 97
3508,832,5 4 4,41,720096,96.23 77.14 97
3509,835,5 3 6,41,720020,96.23 76.35 98
3510,833,5 5 3,41,720020,96.23 77.94 96
3511,831,4 0 11,41,719989,95.44 73.96 102
3512,832,4 9 0,41,719989,95.44 81.12 93
3513,833,5 2 7,41,719790,96.23 75.55 99
3514,834,5 6 2,41,719790,96.23 78.73 95
3515,832,5 1 8,41,719407,96.23 74.76 100
3516,834,5 7 1,41,719407,96.23 79.53 94
3517,850,10 2 2,41,719249,100.21 75.55 95
3518,849,10 1 3,41,719170,100.21 74.76 96
3519,851,10 3 1,41,719170,100.21 76.35 94
3520,816,0 6 7,41,719101,92.25 78.73 99
3521,815,0 5 8,41,719028,92.25 77.94 100
3522,817,0 7 6,41,719028,92.25 79.53 98
3523,852,10 0 5,41,718930,100.21 73.96 97
3524,848,10 0 4,41,718930,100.21 73.96 97
3525,852,10 4 0,41,718930,100.21 77.14 93
3526,835,5 0 10,41,718872,96.23 73.96 101
3527,831,5 0 9,41,718872,96.23 73.96 101
3528,835,5 8 0,41,718872,96.23 80.33 93
3529,865,14 0 1,41,718813,103.39 73.96 94
3530,865,14 1 0,41,718813,103.39 74.76 93
3531,817,0 4 10,41,718808,92.25 77.14 101
3532,814,0 4 9,41,718808,92.25 77.14 101
3533,817,0 8 5,41,718808,92.25 80.33 97
3534,814,0 8 4,41,718808,92.25 80.33 97
3535,838,6 3 5,41,718562,97.03 76.35 97
3536,835,6 3 4,41,718562,97.03 76.35 97
3537,835,6 4 3,41,718562,97.03 77.14 96
3538,816,0 3 11,41,718441,92.25 76.35 102
3539,815,0 9 3,41,718441,92.25 81.12 96
3540,837,6 2 6,41,718408,97.03 75.55 98
3541,836,6 5 2,41,718408,97.03 77.94 95
3542,836,6 1 7,41,718099,97.03 74.76 99
3543,837,6 6 1,41,718099,97.03 78.73 94
3544,819,1 5 7,41,717974,93.05 77.94 99
3545,819,1 6 6,41,717974,93.05 78.73 98
3546,815,0 2 12,41,717927,92.25 75.55 103
3547,815,0 10 2,41,717927,92.25 81.92 95
3548,818,1 4 8,41,717826,93.05 77.14 100
3549,820,1 7 5,41,717826,93.05 79.53 97
3550,817,1 7 4,41,717826,93.05 79.53 97
3551,835,6 0 8,41,717636,97.03 73.96 100
3552,838,6 7 0,41,717636,97.03 79.53 93
3553,820,1 3 10,41,717530,93.05 76.35 101
3554,817,1 3 9,41,717530,93.05 76.35 101
3555,818,1 8 3,41,717530,93.05 80.33 96
3556,853,11 1 2,41,717326,101 74.76 95
3557,854,11 2 1,41,717326,101 75.55 94
3558,817,0 1 14,41,717267,92.25 74.76 104
3559,814,0 1 13,41,717267,92.25 74.76 104
3560,816,0 11 1,41,717267,92.25 82.71 94
3561,852,11 0 3,41,717166,101 73.96 96
3562,854,11 3 0,41,717166,101 76.35 93
3563,819,1 2 11,41,717086,93.05 75.55 102
3564,818,1 9 2,41,717086,93.05 81.12 95
3565,838,7 3 3,41,716984,97.82 76.35 96
3566,840,7 2 5,41,716906,97.82 75.55 97
3567,837,7 2 4,41,716906,97.82 75.55 97
3568,839,7 4 2,41,716906,97.82 77.14 95
3569,822,2 5 6,41,716796,93.85 77.94 98
3570,821,2 4 7,41,716722,93.85 77.14 99
3571,823,2 6 5,41,716722,93.85 78.73 97
3572,820,2 6 4,41,716722,93.85 78.73 97
3573,839,7 1 6,41,716672,97.82 74.76 98
3574,840,7 5 1,41,716672,97.82 77.94 94
3575,867,15 0 0,41,716636,104.18 73.96 93
3576,820,2 3 8,41,716498,93.85 76.35 100
3577,820,2 7 3,41,716498,93.85 79.53 96
3578,818,1 1 12,41,716494,93.05 74.76 103
3579,819,1 10 1,41,716494,93.05 81.92 94
3580,815,0 0 15,41,716460,92.25 73.96 105
3581,816,0 12 0,41,716460,92.25 83.51 93
3582,838,7 0 7,41,716283,97.82 73.96 99
3583,840,7 6 0,41,716283,97.82 78.73 93
3584,823,2 2 10,41,716125,93.85 75.55 101
3585,819,2 2 9,41,716125,93.85 75.55 101
3586,821,2 8 2,41,716125,93.85 80.33 95
3587,819,1 0 14,41,715754,93.05 73.96 104
3588,816,1 0 13,41,715754,93.05 73.96 104
3589,819,1 11 0,41,715754,93.05 82.71 93
3590,821,2 1 11,41,715602,93.85 74.76 102
3591,822,2 9 1,41,715602,93.85 81.12 94
3592,825,3 4 6,41,715495,94.64 77.14 98
3593,826,3 5 5,41,715495,94.64 77.94 97
3594,823,3 5 4,41,715495,94.64 77.94 97
3595,856,12 1 1,41,715364,101.8 74.76 94
3596,824,3 3 7,41,715344,94.64 76.35 99
3597,823,3 6 3,41,715344,94.64 78.73 96
3598,840,8 2 3,41,715283,98.62 75.55 96
3599,855,12 0 2,41,715283,101.8 73.96 95
3600,841,8 3 2,41,715283,98.62 76.35 95
3601,857,12 2 0,41,715283,101.8 75.55 93
3602,843,8 1 5,41,715127,98.62 74.76 97
3603,839,8 1 4,41,715127,98.62 74.76 97
3604,842,8 4 1,41,715127,98.62 77.14 94
3605,823,3 2 8,41,715043,94.64 75.55 100
3606,824,3 7 2,41,715043,94.64 79.53 95
3607,820,2 0 12,41,714931,93.85 73.96 103
3608,822,2 10 0,41,714931,93.85 81.92 93
3609,842,8 0 6,41,714813,98.62 73.96 98
3610,843,8 5 0,41,714813,98.62 77.94 93
3611,825,3 1 10,41,714592,94.64 74.76 101
3612,822,3 1 9,41,714592,94.64 74.76 101
3613,825,3 8 1,41,714592,94.64 80.33 94
3614,829,4 4 5,41,714145,95.44 77.14 97
3615,825,4 4 4,41,714145,95.44 77.14 97
3616,828,4 3 6,41,714069,95.44 76.35 98
3617,826,4 5 3,41,714069,95.44 77.94 96
3618,824,3 0 11,41,713989,94.64 73.96 102
3619,825,3 9 0,41,713989,94.64 81.12 93
3620,827,4 2 7,41,713841,95.44 75.55 99
3621,827,4 6 2,41,713841,95.44 78.73 95
3622,844,9 2 2,41,713541,99.41 75.55 95
3623,826,4 1 8,41,713462,95.44 74.76 100
3624,843,9 1 3,41,713462,99.41 74.76 96
3625,845,9 3 1,41,713462,99.41 76.35 94
3626,827,4 7 1,41,713462,95.44 79.53 94
3627,858,13 0 1,41,713283,102.59 73.96 94
3628,859,13 1 0,41,713283,102.59 74.76 93
3629,845,9 0 5,41,713225,99.41 73.96 97
3630,842,9 0 4,41,713225,99.41 73.96 97
3631,845,9 4 0,41,713225,99.41 77.14 93
3632,828,4 0 10,41,712931,95.44 73.96 101
3633,824,4 0 9,41,712931,95.44 73.96 101
3634,828,4 8 0,41,712931,95.44 80.33 93
3635,831,5 3 5,41,712672,96.23 76.35 97
3636,828,5 3 4,41,712672,96.23 76.35 97
3637,829,5 4 3,41,712672,96.23 77.14 96
3638,830,5 2 6,41,712519,96.23 75.55 98
3639,829,5 5 2,41,712519,96.23 77.94 95
3640,829,5 1 7,41,712213,96.23 74.76 99
3641,830,5 6 1,41,712213,96.23 78.73 94
3642,812,0 5 7,41,711838,92.25 77.94 99
3643,812,0 6 6,41,711838,92.25 78.73 98
3644,828,5 0 8,41,711754,96.23 73.96 100
3645,831,5 7 0,41,711754,96.23 79.53 93
3646,811,0 4 8,41,711691,92.25 77.14 100
3647,813,0 7 5,41,711691,92.25 79.53 97
3648,810,0 7 4,41,711691,92.25 79.53 97
3649,846,10 1 2,41,711678,100.21 74.76 95
3650,847,10 2 1,41,711678,100.21 75.55 94
3651,845,10 0 3,41,711519,100.21 73.96 96
3652,848,10 3 0,41,711519,100.21 76.35 93
3653,813,0 3 10,41,711397,92.25 76.35 101
3654,810,0 3 9,41,711397,92.25 76.35 101
3655,811,0 8 3,41,711397,92.25 80.33 96
3656,861,14 0 0,41,711166,103.39 73.96 93
3657,831,6 3 3,41,711154,97.03 76.35 96
3658,834,6 2 5,41,711077,97.03 75.55 97
3659,830,6 2 4,41,711077,97.03 75.55 97
3660,832,6 4 2,41,711077,97.03 77.14 95
3661,812,0 2 11,41,710957,92.25 75.55 102
3662,811,0 9 2,41,710957,92.25 81.12 95
3663,833,6 1 6,41,710846,97.03 74.76 98
3664,833,6 5 1,41,710846,97.03 77.94 94
3665,815,1 5 6,41,710722,93.05 77.94 98
3666,814,1 4 7,41,710648,93.05 77.14 99
3667,816,1 6 5,41,710648,93.05 78.73 97
3668,813,1 6 4,41,710648,93.05 78.73 97
3669,831,6 0 7,41,710460,97.03 73.96 99
3670,834,6 6 0,41,710460,97.03 78.73 93
3671,813,1 3 8,41,710426,93.05 76.35 100
3672,814,1 7 3,41,710426,93.05 79.53 96
3673,811,0 1 12,41,710370,92.25 74.76 103
3674,812,0 10 1,41,710370,92.25 81.92 94
3675,816,1 2 10,41,710056,93.05 75.55 101
3676,812,1 2 9,41,710056,93.05 75.55 101
3677,814,1 8 2,41,710056,93.05 80.33 95
3678,849,11 1 1,41,709776,101 74.76 94
3679,848,11 0 2,41,709695,101 73.96 95
3680,850,11 2 0,41,709695,101 75.55 93
3681,812,0 0 14,41,709636,92.25 73.96 104
3682,809,0 0 13,41,709636,92.25 73.96 104
3683,812,0 11 0,41,709636,92.25 82.71 93
3684,814,1 1 11,41,709538,93.05 74.76 102
3685,815,1 9 1,41,709538,93.05 81.12 94
3686,834,7 2 3,41,709515,97.82 75.55 96
3687,835,7 3 2,41,709515,97.82 76.35 95
3688,818,2 4 6,41,709482,93.85 77.14 98
3689,819,2 5 5,41,709482,93.85 77.94 97
3690,816,2 5 4,41,709482,93.85 77.94 97
3691,836,7 1 5,41,709359,97.82 74.76 97
3692,833,7 1 4,41,709359,97.82 74.76 97
3693,835,7 4 1,41,709359,97.82 77.14 94
3694,817,2 3 7,41,709333,93.85 76.35 99
3695,816,2 6 3,41,709333,93.85 78.73 96
3696,835,7 0 6,41,709048,97.82 73.96 98
3697,836,7 5 0,41,709048,97.82 77.94 93
3698,816,2 2 8,41,709034,93.85 75.55 100
3699,817,2 7 2,41,709034,93.85 79.53 95
3700,813,1 0 12,41,708872,93.05 73.96 103
3701,815,1 10 0,41,708872,93.05 81.92 93
3702,818,2 1 10,41,708587,93.85 74.76 101
3703,815,2 1 9,41,708587,93.85 74.76 101
3704,818,2 8 1,41,708587,93.85 80.33 94
3705,822,3 4 5,41,708194,94.64 77.14 97
3706,818,3 4 4,41,708194,94.64 77.14 97
3707,821,3 3 6,41,708118,94.64 76.35 98
3708,819,3 5 3,41,708118,94.64 77.94 96
3709,817,2 0 11,41,707989,93.85 73.96 102
3710,818,2 9 0,41,707989,93.85 81.12 93
3711,820,3 2 7,41,707893,94.64 75.55 99
3712,820,3 6 2,41,707893,94.64 78.73 95
3713,837,8 2 2,41,707833,98.62 75.55 95
3714,836,8 1 3,41,707754,98.62 74.76 96
3715,851,12 0 1,41,707754,101.8 73.96 94
3716,838,8 3 1,41,707754,98.62 76.35 94
3717,852,12 1 0,41,707754,101.8 74.76 93
3718,838,8 0 5,41,707519,98.62 73.96 97
3719,835,8 0 4,41,707519,98.62 73.96 97
3720,839,8 4 0,41,707519,98.62 77.14 93
3721,819,3 1 8,41,707516,94.64 74.76 100
3722,821,3 7 1,41,707516,94.64 79.53 94
3723,821,3 0 10,41,706989,94.64 73.96 101
3724,817,3 0 9,41,706989,94.64 73.96 101
3725,821,3 8 0,41,706989,94.64 80.33 93
3726,824,4 3 5,41,706783,95.44 76.35 97
3727,821,4 3 4,41,706783,95.44 76.35 97
3728,822,4 4 3,41,706783,95.44 77.14 96
3729,823,4 2 6,41,706631,95.44 75.55 98
3730,823,4 5 2,41,706631,95.44 77.94 95
3731,822,4 1 7,41,706327,95.44 74.76 99
3732,823,4 6 1,41,706327,95.44 78.73 94
3733,839,9 1 2,41,706030,99.41 74.76 95
3734,840,9 2 1,41,706030,99.41 75.55 94
3735,821,4 0 8,41,705872,95.44 73.96 100
3736,838,9 0 3,41,705872,99.41 73.96 96
3737,841,9 3 0,41,705872,99.41 76.35 93
3738,824,4 7 0,41,705872,95.44 79.53 93
3739,854,13 0 0,41,705695,102.59 73.96 93
3740,824,5 3 3,41,705325,96.23 76.35 96
3741,827,5 2 5,41,705249,96.23 75.55 97
3742,823,5 2 4,41,705249,96.23 75.55 97
3743,825,5 4 2,41,705249,96.23 77.14 95
3744,826,5 1 6,41,705019,96.23 74.76 98
3745,826,5 5 1,41,705019,96.23 77.94 94
3746,808,0 5 6,41,704647,92.25 77.94 98
3747,825,5 0 7,41,704637,96.23 73.96 99
3748,827,5 6 0,41,704637,96.23 78.73 93
3749,807,0 4 7,41,704574,92.25 77.14 99
3750,809,0 6 5,41,704574,92.25 78.73 97
3751,806,0 6 4,41,704574,92.25 78.73 97
3752,806,0 3 8,41,704354,92.25 76.35 100
3753,807,0 7 3,41,704354,92.25 79.53 96
3754,842,10 1 1,41,704187,100.21 74.76 94
3755,841,10 0 2,41,704107,100.21 73.96 95
3756,843,10 2 0,41,704107,100.21 75.55 93
3757,809,0 2 10,41,703987,92.25 75.55 101
3758,805,0 2 9,41,703987,92.25 75.55 101
3759,807,0 8 2,41,703987,92.25 80.33 95
3760,827,6 2 3,41,703747,97.03 75.55 96
3761,828,6 3 2,41,703747,97.03 76.35 95
3762,829,6 1 5,41,703592,97.03 74.76 97
3763,826,6 1 4,41,703592,97.03 74.76 97
3764,829,6 4 1,41,703592,97.03 77.14 94
3765,807,0 1 11,41,703473,92.25 74.76 102
3766,808,0 9 1,41,703473,92.25 81.12 94
3767,811,1 4 6,41,703470,93.05 77.14 98
3768,812,1 5 5,41,703470,93.05 77.94 97
3769,809,1 5 4,41,703470,93.05 77.94 97
3770,810,1 3 7,41,703322,93.05 76.35 99
3771,809,1 6 3,41,703322,93.05 78.73 96
3772,828,6 0 6,41,703284,97.03 73.96 98
3773,829,6 5 0,41,703284,97.03 77.94 93
3774,809,1 2 8,41,703026,93.05 75.55 100
3775,810,1 7 2,41,703026,93.05 79.53 95
3776,806,0 0 12,41,702813,92.25 73.96 103
3777,808,0 10 0,41,702813,92.25 81.92 93
3778,811,1 1 10,41,702582,93.05 74.76 101
3779,808,1 1 9,41,702582,93.05 74.76 101
3780,811,1 8 1,41,702582,93.05 80.33 94
3781,815,2 4 5,41,702243,93.85 77.14 97
3782,811,2 4 4,41,702243,93.85 77.14 97
3783,845,11 0 1,41,702225,101 73.96 94
3784,846,11 1 0,41,702225,101 74.76 93
3785,814,2 3 6,41,702168,93.85 76.35 98
3786,812,2 5 3,41,702168,93.85 77.94 96
3787,830,7 2 2,41,702124,97.82 75.55 95
3788,829,7 1 3,41,702046,97.82 74.76 96
3789,831,7 3 1,41,702046,97.82 76.35 94
3790,810,1 0 11,41,701990,93.05 73.96 102
3791,811,1 9 0,41,701990,93.05 81.12 93
3792,813,2 2 7,41,701944,93.85 75.55 99
3793,813,2 6 2,41,701944,93.85 78.73 95
3794,832,7 0 5,41,701813,97.82 73.96 97
3795,828,7 0 4,41,701813,97.82 73.96 97
3796,832,7 4 0,41,701813,97.82 77.14 93
3797,812,2 1 8,41,701571,93.85 74.76 100
3798,814,2 7 1,41,701571,93.85 79.53 94
3799,814,2 0 10,41,701048,93.85 73.96 101
3800,811,2 0 9,41,701048,93.85 73.96 101
3801,814,2 8 0,41,701048,93.85 80.33 93
3802,817,3 3 5,41,700893,94.64 76.35 97
3803,814,3 3 4,41,700893,94.64 76.35 97
3804,815,3 4 3,41,700893,94.64 77.14 96
3805,816,3 2 6,41,700742,94.64 75.55 98
3806,816,3 5 2,41,700742,94.64 77.94 95
3807,815,3 1 7,41,700441,94.64 74.76 99
3808,816,3 6 1,41,700441,94.64 78.73 94
3809,832,8 1 2,41,700382,98.62 74.76 95
3810,833,8 2 1,41,700382,98.62 75.55 94
3811,831,8 0 3,41,700225,98.62 73.96 96
3812,848,12 0 0,41,700225,101.8 73.96 93
3813,834,8 3 0,41,700225,98.62 76.35 93
3814,814,3 0 8,41,699990,94.64 73.96 100
3815,817,3 7 0,41,699990,94.64 79.53 93
3816,818,4 3 3,41,699496,95.44 76.35 96
3817,820,4 2 5,41,699420,95.44 75.55 97
3818,817,4 2 4,41,699420,95.44 75.55 97
3819,818,4 4 2,41,699420,95.44 77.14 95
3820,819,4 1 6,41,699193,95.44 74.76 98
3821,819,4 5 1,41,699193,95.44 77.94 94
3822,818,4 0 7,41,698813,95.44 73.96 99
3823,820,4 6 0,41,698813,95.44 78.73 93
3824,836,9 1 1,41,698598,99.41 74.76 94
3825,835,9 0 2,41,698519,99.41 73.96 95
3826,837,9 2 0,41,698519,99.41 75.55 93
3827,820,5 2 3,41,697978,96.23 75.55 96
3828,821,5 3 2,41,697978,96.23 76.35 95
3829,822,5 1 5,41,697825,96.23 74.76 97
3830,819,5 1 4,41,697825,96.23 74.76 97
3831,822,5 4 1,41,697825,96.23 77.14 94
3832,821,5 0 6,41,697519,96.23 73.96 98
3833,823,5 5 0,41,697519,96.23 77.94 93
3834,804,0 4 6,41,697457,92.25 77.14 98
3835,805,0 5 5,41,697457,92.25 77.94 97
3836,802,0 5 4,41,697457,92.25 77.94 97
3837,803,0 3 7,41,697310,92.25 76.35 99
3838,803,0 6 3,41,697310,92.25 78.73 96
3839,802,0 2 8,41,697017,92.25 75.55 100
3840,803,0 7 2,41,697017,92.25 79.53 95
3841,838,10 0 1,41,696695,100.21 73.96 94
3842,839,10 1 0,41,696695,100.21 74.76 93
3843,804,0 1 10,41,696577,92.25 74.76 101
3844,801,0 1 9,41,696577,92.25 74.76 101
3845,804,0 8 1,41,696577,92.25 80.33 94
3846,823,6 2 2,41,696416,97.03 75.55 95
3847,822,6 1 3,41,696339,97.03 74.76 96
3848,824,6 3 1,41,696339,97.03 76.35 94
3849,808,1 4 5,41,696291,93.05 77.14 97
3850,805,1 4 4,41,696291,93.05 77.14 97
3851,807,1 3 6,41,696217,93.05 76.35 98
3852,805,1 5 3,41,696217,93.05 77.94 96
3853,825,6 0 5,41,696107,97.03 73.96 97
3854,821,6 0 4,41,696107,97.03 73.96 97
3855,825,6 4 0,41,696107,97.03 77.14 93
3856,806,1 2 7,41,695995,93.05 75.55 99
3857,806,1 6 2,41,695995,93.05 78.73 95
3858,803,0 0 11,41,695990,92.25 73.96 102
3859,804,0 9 0,41,695990,92.25 81.12 93
3860,805,1 1 8,41,695625,93.05 74.76 100
3861,807,1 7 1,41,695625,93.05 79.53 94
3862,807,1 0 10,41,695107,93.05 73.96 101
3863,804,1 0 9,41,695107,93.05 73.96 101
3864,807,1 8 0,41,695107,93.05 80.33 93
3865,811,2 3 5,41,695003,93.85 76.35 97
3866,807,2 3 4,41,695003,93.85 76.35 97
3867,808,2 4 3,41,695003,93.85 77.14 96
3868,810,2 2 6,41,694854,93.85 75.55 98
3869,809,2 5 2,41,694854,93.85 77.94 95
3870,841,11 0 0,41,694754,101 73.96 93
3871,826,7 1 2,41,694733,97.82 74.76 95
3872,827,7 2 1,41,694733,97.82 75.55 94
3873,825,7 0 3,41,694578,97.82 73.96 96
3874,828,7 3 0,41,694578,97.82 76.35 93
3875,809,2 1 7,41,694555,93.85 74.76 99
3876,810,2 6 1,41,694555,93.85 78.73 94
3877,807,2 0 8,41,694107,93.85 73.96 100
3878,810,2 7 0,41,694107,93.85 79.53 93
3879,811,3 3 3,41,693667,94.64 76.35 96
3880,813,3 2 5,41,693592,94.64 75.55 97
3881,810,3 2 4,41,693592,94.64 75.55 97
3882,812,3 4 2,41,693592,94.64 77.14 95
3883,812,3 1 6,41,693366,94.64 74.76 98
3884,812,3 5 1,41,693366,94.64 77.94 94
3885,829,8 1 1,41,693009,98.62 74.76 94
3886,811,3 0 7,41,692990,94.64 73.96 99
3887,813,3 6 0,41,692990,94.64 78.73 93
3888,828,8 0 2,41,692931,98.62 73.96 95
3889,830,8 2 0,41,692931,98.62 75.55 93
3890,813,4 2 3,41,692210,95.44 75.55 96
3891,814,4 3 2,41,692210,95.44 76.35 95
3892,816,4 1 5,41,692058,95.44 74.76 97
3893,812,4 1 4,41,692058,95.44 74.76 97
3894,815,4 4 1,41,692058,95.44 77.14 94
3895,815,4 0 6,41,691754,95.44 73.96 98
3896,816,4 5 0,41,691754,95.44 77.94 93
3897,831,9 0 1,41,691166,99.41 73.96 94
3898,832,9 1 0,41,691166,99.41 74.76 93
3899,817,5 2 2,41,690708,96.23 75.55 95
3900,816,5 1 3,41,690631,96.23 74.76 96
3901,818,5 3 1,41,690631,96.23 76.35 94
3902,818,5 0 5,41,690401,96.23 73.96 97
3903,815,5 0 4,41,690401,96.23 73.96 97
3904,818,5 4 0,41,690401,96.23 77.14 93
3905,801,0 4 5,41,690340,92.25 77.14 97
3906,798,0 4 4,41,690340,92.25 77.14 97
3907,800,0 3 6,41,690267,92.25 76.35 98
3908,798,0 5 3,41,690267,92.25 77.94 96
3909,799,0 2 7,41,690047,92.25 75.55 99
3910,799,0 6 2,41,690047,92.25 78.73 95
3911,798,0 1 8,41,689680,92.25 74.76 100
3912,800,0 7 1,41,689680,92.25 79.53 94
3913,834,10 0 0,41,689284,100.21 73.96 93
3914,800,0 0 10,41,689166,92.25 73.96 101
3915,797,0 0 9,41,689166,92.25 73.96 101
3916,800,0 8 0,41,689166,92.25 80.33 93
3917,804,1 3 5,41,689113,93.05 76.35 97
3918,800,1 3 4,41,689113,93.05 76.35 97
3919,801,1 4 3,41,689113,93.05 77.14 96
3920,819,6 1 2,41,689085,97.03 74.76 95
3921,820,6 2 1,41,689085,97.03 75.55 94
3922,803,1 2 6,41,688965,93.05 75.55 98
3923,802,1 5 2,41,688965,93.05 77.94 95
3924,818,6 0 3,41,688931,97.03 73.96 96
3925,821,6 3 0,41,688931,97.03 76.35 93
3926,802,1 1 7,41,688669,93.05 74.76 99
3927,803,1 6 1,41,688669,93.05 78.73 94
3928,801,1 0 8,41,688225,93.05 73.96 100
3929,803,1 7 0,41,688225,93.05 79.53 93
3930,804,2 3 3,41,687838,93.85 76.35 96
3931,806,2 2 5,41,687763,93.85 75.55 97
3932,803,2 2 4,41,687763,93.85 75.55 97
3933,805,2 4 2,41,687763,93.85 77.14 95
3934,805,2 1 6,41,687539,93.85 74.76 98
3935,805,2 5 1,41,687539,93.85 77.94 94
3936,822,7 1 1,41,687420,97.82 74.76 94
3937,821,7 0 2,41,687343,97.82 73.96 95
3938,823,7 2 0,41,687343,97.82 75.55 93
3939,804,2 0 7,41,687166,93.85 73.96 99
3940,806,2 6 0,41,687166,93.85 78.73 93
3941,806,3 2 3,41,686441,94.64 75.55 96
3942,807,3 3 2,41,686441,94.64 76.35 95
3943,809,3 1 5,41,686291,94.64 74.76 97
3944,806,3 1 4,41,686291,94.64 74.76 97
3945,808,3 4 1,41,686291,94.64 77.14 94
3946,808,3 0 6,41,685990,94.64 73.96 98
3947,809,3 5 0,41,685990,94.64 77.94 93
3948,825,8 0 1,41,685637,98.62 73.96 94
3949,826,8 1 0,41,685637,98.62 74.76 93
3950,810,4 2 2,41,684999,95.44 75.55 95
3951,809,4 1 3,41,684923,95.44 74.76 96
3952,811,4 3 1,41,684923,95.44 76.35 94
3953,811,4 0 5,41,684696,95.44 73.96 97
3954,808,4 0 4,41,684696,95.44 73.96 97
3955,812,4 4 0,41,684696,95.44 77.14 93
3956,828,9 0 0,41,683813,99.41 73.96 93
3957,812,5 1 2,41,683437,96.23 74.76 95
3958,813,5 2 1,41,683437,96.23 75.55 94
3959,811,5 0 3,41,683284,96.23 73.96 96
3960,814,5 3 0,41,683284,96.23 76.35 93
3961,797,0 3 5,41,683223,92.25 76.35 97
3962,794,0 3 4,41,683223,92.25 76.35 97
3963,794,0 4 3,41,683223,92.25 77.14 96
3964,796,0 2 6,41,683076,92.25 75.55 98
3965,795,0 5 2,41,683076,92.25 77.94 95
3966,795,0 1 7,41,682783,92.25 74.76 99
3967,796,0 6 1,41,682783,92.25 78.73 94
3968,794,0 0 8,41,682343,92.25 73.96 100
3969,797,0 7 0,41,682343,92.25 79.53 93
3970,797,1 3 3,41,682009,93.05 76.35 96
3971,799,1 2 5,41,681935,93.05 75.55 97
3972,796,1 2 4,41,681935,93.05 75.55 97
3973,798,1 4 2,41,681935,93.05 77.14 95
3974,816,6 1 1,41,681832,97.03 74.76 94
3975,815,6 0 2,41,681755,97.03 73.96 95
3976,817,6 2 0,41,681755,97.03 75.55 93
3977,798,1 1 6,41,681713,93.05 74.76 98
3978,799,1 5 1,41,681713,93.05 77.94 94
3979,797,1 0 7,41,681343,93.05 73.96 99
3980,799,1 6 0,41,681343,93.05 78.73 93
3981,800,2 2 3,41,680673,93.85 75.55 96
3982,801,2 3 2,41,680673,93.85 76.35 95
3983,802,2 1 5,41,680524,93.85 74.76 97
3984,799,2 1 4,41,680524,93.85 74.76 97
3985,801,2 4 1,41,680524,93.85 77.14 94
3986,801,2 0 6,41,680225,93.85 73.96 98
3987,802,2 5 0,41,680225,93.85 77.94 93
3988,818,7 0 1,41,680107,97.82 73.96 94
3989,819,7 1 0,41,680107,97.82 74.76 93
3990,803,3 2 2,41,679291,94.64 75.55 95
3991,802,3 1 3,41,679216,94.64 74.76 96
3992,804,3 3 1,41,679216,94.64 76.35 94
3993,805,3 0 5,41,678990,94.64 73.96 97
3994,801,3 0 4,41,678990,94.64 73.96 97
3995,805,3 4 0,41,678990,94.64 77.14 93
3996,821,8 0 0,41,678343,98.62 73.96 93
3997,806,4 1 2,41,677789,95.44 74.76 95
3998,807,4 2 1,41,677789,95.44 75.55 94
3999,805,4 0 3,41,677637,95.44 73.96 96
4000,807,4 3 0,41,677637,95.44 76.35 93
4001,809,5 1 1,41,676243,96.23 74.76 94
4002,790,0 3 3,41,676180,92.25 76.35 96
4003,808,5 0 2,41,676166,96.23 73.96 95
4004,810,5 2 0,41,676166,96.23 75.55 93
4005,793,0 2 5,41,676106,92.25 75.55 97
4006,789,0 2 4,41,676106,92.25 75.55 97
4007,791,0 4 2,41,676106,92.25 77.14 95
4008,792,0 1 6,41,675886,92.25 74.76 98
4009,792,0 5 1,41,675886,92.25 77.94 94
4010,791,0 0 7,41,675519,92.25 73.96 99
4011,793,0 6 0,41,675519,92.25 78.73 93
4012,793,1 2 3,41,674905,93.05 75.55 96
4013,794,1 3 2,41,674905,93.05 76.35 95
4014,795,1 1 5,41,674757,93.05 74.76 97
4015,792,1 1 4,41,674757,93.05 74.76 97
4016,795,1 4 1,41,674757,93.05 77.14 94
4017,811,6 0 1,41,674578,97.03 73.96 94
4018,812,6 1 0,41,674578,97.03 74.76 93
4019,794,1 0 6,41,674461,93.05 73.96 98
4020,795,1 5 0,41,674461,93.05 77.94 93
4021,796,2 2 2,41,673583,93.85 75.55 95
4022,795,2 1 3,41,673508,93.85 74.76 96
4023,797,2 3 1,41,673508,93.85 76.35 94
4024,798,2 0 5,41,673284,93.85 73.96 97
4025,794,2 0 4,41,673284,93.85 73.96 97
4026,798,2 4 0,41,673284,93.85 77.14 93
4027,814,7 0 0,41,672872,97.82 73.96 93
4028,799,3 1 2,41,672140,94.64 74.76 95
4029,800,3 2 1,41,672140,94.64 75.55 94
4030,798,3 0 3,41,671990,94.64 73.96 96
4031,801,3 3 0,41,671990,94.64 76.35 93
4032,802,4 1 1,41,670654,95.44 74.76 94
4033,801,4 0 2,41,670578,95.44 73.96 95
4034,803,4 2 0,41,670578,95.44 75.55 93
4035,786,0 2 3,41,669136,92.25 75.55 96
4036,787,0 3 2,41,669136,92.25 76.35 95
4037,805,5 0 1,41,669049,96.23 73.96 94
4038,806,5 1 0,41,669049,96.23 74.76 93
4039,788,0 1 5,41,668989,92.25 74.76 97
4040,785,0 1 4,41,668989,92.25 74.76 97
4041,788,0 4 1,41,668989,92.25 77.14 94
4042,787,0 0 6,41,668696,92.25 73.96 98
4043,788,0 5 0,41,668696,92.25 77.94 93
4044,790,1 2 2,41,667874,93.05 75.55 95
4045,789,1 1 3,41,667800,93.05 74.76 96
4046,790,1 3 1,41,667800,93.05 76.35 94
4047,791,1 0 5,41,667578,93.05 73.96 97
4048,788,1 0 4,41,667578,93.05 73.96 97
4049,791,1 4 0,41,667578,93.05 77.14 93
4050,808,6 0 0,41,667402,97.03 73.96 93
4051,792,2 1 2,41,666492,93.85 74.76 95
4052,793,2 2 1,41,666492,93.85 75.55 94
4053,791,2 0 3,41,666343,93.85 73.96 96
4054,794,2 3 0,41,666343,93.85 76.35 93
4055,796,3 1 1,41,665065,94.64 74.76 94
4056,795,3 0 2,41,664990,94.64 73.96 95
4057,796,3 2 0,41,664990,94.64 75.55 93
4058,798,4 0 1,41,663519,95.44 73.96 94
4059,799,4 1 0,41,663519,95.44 74.76 93
4060,783,0 2 2,41,662166,92.25 75.55 95
4061,782,0 1 3,41,662093,92.25 74.76 96
4062,784,0 3 1,41,662093,92.25 76.35 94
4063,801,5 0 0,41,661931,96.23 73.96 93
4064,784,0 0 5,41,661872,92.25 73.96 97
4065,781,0 0 4,41,661872,92.25 73.96 97
4066,784,0 4 0,41,661872,92.25 77.14 93
4067,785,1 1 2,41,660844,93.05 74.76 95
4068,786,1 2 1,41,660844,93.05 75.55 94
4069,785,1 0 3,41,660696,93.05 73.96 96
4070,787,1 3 0,41,660696,93.05 76.35 93
4071,789,2 1 1,41,659477,93.85 74.76 94
4072,788,2 0 2,41,659402,93.85 73.96 95
4073,790,2 2 0,41,659402,93.85 75.55 93
4074,791,3 0 1,41,657990,94.64 73.96 94
4075,792,3 1 0,41,657990,94.64 74.76 93
4076,795,4 0 0,41,656461,95.44 73.96 93
4077,779,0 1 2,41,655196,92.25 74.76 95
4078,780,0 2 1,41,655196,92.25 75.55 94
4079,778,0 0 3,41,655049,92.25 73.96 96
4080,780,0 3 0,41,655049,92.25 76.35 93
4081,782,1 1 1,41,653888,93.05 74.76 94
4082,781,1 0 2,41,653814,93.05 73.96 95
4083,783,1 2 0,41,653814,93.05 75.55 93
4084,785,2 0 1,41,652461,93.85 73.96 94
4085,786,2 1 0,41,652461,93.85 74.76 93
4086,788,3 0 0,41,650990,94.64 73.96 93
4087,775,0 1 1,41,648299,92.25 74.76 94
4088,775,0 0 2,41,648226,92.25 73.96 95
4089,776,0 2 0,41,648226,92.25 75.55 93
4090,778,1 0 1,41,646931,93.05 73.96 94
4091,779,1 1 0,41,646931,93.05 74.76 93
4092,781,2 0 0,41,645520,93.85 73.96 93
4093,771,0 0 1,41,641402,92.25 73.96 94
4094,772,0 1 0,41,641402,92.25 74.76 93
4095,775,1 0 0,41,640049,93.05 73.96 93
4096,768,0 0 0,41,634579,92.25 73.96 93
