rank,cp,ivs,maxlevel,stat-product
1,1499,1 15 15,21,1674942
2,1495,1 15 14,21,1674942
3,1498,2 14 14,21,1674337
4,1500,0 15 9,21.5,1673166
5,1492,0 15 15,21,1667259
6,1488,0 15 14,21,1667259
7,1495,1 14 15,21,1666691
8,1491,1 14 14,21,1666691
9,1499,2 13 15,21,1666048
10,1494,2 13 14,21,1666048
11,1497,2 15 13,21,1665966
12,1497,3 12 14,21,1665329
13,1500,3 14 13,21,1665329
14,1498,0 12 11,21.5,1665090
15,1500,0 10 13,21.5,1664924
16,1496,0 14 9,21.5,1664924
17,1500,4 11 14,21,1664534
18,1497,0 8 14,21.5,1664424
19,1499,1 13 9,21.5,1664316
20,1500,1 7 14,21.5,1663563
21,1489,0 14 15,21,1659046
22,1484,0 14 14,21,1659046
23,1492,1 13 15,21,1658440
24,1487,1 13 14,21,1658440
25,1490,1 15 13,21,1658359
26,1495,2 12 15,21,1657759
27,1490,2 12 14,21,1657759
28,1493,2 14 13,21,1657759
29,1496,3 13 13,21,1657085
30,1498,3 11 15,21,1657002
31,1493,3 11 14,21,1657002
32,1499,3 15 12,21,1656837
33,1495,3 15 11,21,1656837
34,1499,0 11 12,21.5,1656765
35,1494,0 11 11,21.5,1656765
36,1497,0 13 10,21.5,1656682
37,1493,0 13 9,21.5,1656682
38,1496,0 9 13,21.5,1656515
39,1499,4 12 13,21,1656335
40,1495,0 15 8,21.5,1656265
41,1496,4 10 14,21,1656169
42,1498,4 14 11,21,1656169
43,1497,1 10 11,21.5,1656036
44,1500,1 12 10,21.5,1656036
45,1496,1 12 9,21.5,1656036
46,1497,6 15 15,20.5,1655992
47,1497,0 7 15,21.5,1655932
48,1493,0 7 14,21.5,1655932
49,1499,1 8 13,21.5,1655701
50,1498,1 14 8,21.5,1655701
51,1499,2 11 9,21.5,1655314
52,1499,5 9 14,21,1655261
53,1500,7 14 15,20.5,1655224
54,1500,1 6 15,21.5,1655032
55,1496,1 6 14,21.5,1655032
56,1499,2 15 6,21.5,1654474
57,1499,2 5 14,21.5,1654054
58,1500,0 6 9,22,1652709
59,1499,0 12 4,22,1652709
60,1499,0 2 12,22,1651006
61,1485,0 13 15,21,1650833
62,1480,0 13 14,21,1650833
63,1483,0 15 13,21,1650752
64,1488,1 12 15,21,1650189
65,1484,1 12 14,21,1650189
66,1486,1 14 13,21,1650189
67,1500,0 0 14,22,1649643
68,1490,2 13 13,21,1649552
69,1491,2 11 15,21,1649470
70,1487,2 11 14,21,1649470
71,1492,2 15 12,21,1649306
72,1488,2 15 11,21,1649306
73,1493,3 12 13,21,1648840
74,1494,3 10 15,21,1648675
75,1490,3 10 14,21,1648675
76,1495,3 14 12,21,1648675
77,1491,3 14 11,21,1648675
78,1490,5 15 15,20.5,1648566
79,1495,0 10 12,21.5,1648439
80,1491,0 10 11,21.5,1648439
81,1493,0 12 10,21.5,1648439
82,1489,0 12 9,21.5,1648439
83,1492,0 8 13,21.5,1648106
84,1492,0 14 8,21.5,1648106
85,1496,4 11 13,21,1648053
86,1499,4 13 12,21,1647971
87,1494,4 13 11,21,1647971
88,1493,6 14 15,20.5,1647835
89,1497,4 9 15,21,1647805
90,1493,4 9 14,21,1647805
91,1497,1 11 10,21.5,1647756
92,1492,1 11 9,21.5,1647756
93,1498,1 9 12,21.5,1647672
94,1494,1 9 11,21.5,1647672
95,1497,4 15 10,21,1647557
96,1495,1 13 8,21.5,1647505
97,1494,0 6 15,21.5,1647440
98,1489,0 6 14,21.5,1647440
99,1495,1 7 13,21.5,1647254
100,1499,5 10 13,21,1647192
101,1497,5 12 11,21,1647192
102,1496,7 13 15,20.5,1647030
103,1500,2 10 10,21.5,1646996
104,1495,2 10 9,21.5,1646996
105,1497,1 15 7,21.5,1646919
106,1493,1 15 6,21.5,1646919
107,1500,5 8 15,21,1646859
108,1496,5 8 14,21,1646859
109,1500,5 14 10,21,1646859
110,1497,2 8 11,21.5,1646828
111,1498,2 12 8,21.5,1646828
112,1499,7 15 14,20.5,1646784
113,1495,7 15 13,20.5,1646784
114,1497,1 5 15,21.5,1646501
115,1492,1 5 14,21.5,1646501
116,1500,6 11 11,21,1646338
117,1498,2 6 13,21.5,1646324
118,1496,2 14 6,21.5,1646324
119,1498,3 9 9,21.5,1646160
120,1499,8 12 15,20.5,1646152
121,1498,8 14 13,20.5,1645987
122,1500,3 7 11,21.5,1645907
123,1498,6 7 14,21,1645837
124,1499,3 13 6,21.5,1645654
125,1500,2 4 15,21.5,1645484
126,1495,2 4 14,21.5,1645484
127,1497,3 15 4,21.5,1644894
128,1498,0 9 6,22,1644701
129,1500,0 7 8,22,1644616
130,1496,0 11 4,22,1644446
131,1498,3 3 14,21.5,1644388
132,1500,4 14 4,21.5,1644231
133,1497,0 5 9,22,1644190
134,1498,0 13 3,22,1643850
135,1499,1 10 4,22,1643722
136,1498,0 3 11,22,1643424
137,1500,1 4 9,22,1643209
138,1496,0 15 1,22,1642912
139,1481,0 12 15,21,1642620
140,1477,0 12 14,21,1642620
141,1480,0 14 13,21,1642620
142,1500,12 15 15,20,1642468
143,1499,1 14 1,22,1642353
144,1499,0 1 13,22,1642316
145,1495,0 1 12,22,1642316
146,1483,1 13 13,21,1642020
147,1484,1 11 15,21,1641938
148,1480,1 11 14,21,1641938
149,1486,1 15 12,21,1641775
150,1481,1 15 11,21,1641775
151,1486,2 12 13,21,1641346
152,1487,2 10 15,21,1641181
153,1483,2 10 14,21,1641181
154,1489,2 14 12,21,1641181
155,1484,2 14 11,21,1641181
156,1498,1 0 12,22,1641155
157,1484,4 15 15,20.5,1641140
158,1489,3 11 13,21,1640596
159,1492,3 13 12,21,1640514
160,1487,3 13 11,21,1640514
161,1487,5 14 15,20.5,1640445
162,1490,3 9 15,21,1640349
163,1486,3 9 14,21,1640349
164,1490,0 11 10,21.5,1640197
165,1485,0 11 9,21.5,1640197
166,1491,0 9 12,21.5,1640114
167,1487,0 9 11,21.5,1640114
168,1490,3 15 10,21,1640102
169,1488,0 13 8,21.5,1639947
170,1492,4 10 13,21,1639772
171,1495,4 12 12,21,1639772
172,1490,4 12 11,21,1639772
173,1488,0 7 13,21.5,1639698
174,1490,6 13 15,20.5,1639677
175,1493,1 10 10,21.5,1639475
176,1488,1 10 9,21.5,1639475
177,1493,4 8 15,21,1639440
178,1489,4 8 14,21,1639440
179,1493,4 14 10,21,1639440
180,1492,6 15 14,20.5,1639432
181,1488,6 15 13,20.5,1639432
182,1491,0 15 7,21.5,1639365
183,1486,0 15 6,21.5,1639365
184,1494,1 8 12,21.5,1639308
185,1490,1 8 11,21.5,1639308
186,1491,1 12 8,21.5,1639308
187,1498,5 11 12,21,1638956
188,1493,5 11 11,21,1638956
189,1490,0 5 15,21.5,1638948
190,1485,0 5 14,21.5,1638948
191,1495,5 9 13,21,1638872
192,1493,7 12 15,20.5,1638836
193,1491,1 6 13,21.5,1638806
194,1494,1 14 7,21.5,1638806
195,1489,1 14 6,21.5,1638806
196,1496,5 13 10,21,1638706
197,1496,2 9 10,21.5,1638678
198,1491,2 9 9,21.5,1638678
199,1495,7 14 14,20.5,1638672
200,1491,7 14 13,20.5,1638672
201,1494,2 11 8,21.5,1638594
202,1496,5 7 15,21,1638456
203,1492,5 7 14,21,1638456
204,1497,2 7 12,21.5,1638426
205,1493,2 7 11,21.5,1638426
206,1497,2 13 7,21.5,1638174
207,1492,2 13 6,21.5,1638174
208,1499,5 15 9,21,1638124
209,1494,5 15 8,21,1638124
210,1496,6 10 11,21,1638065
211,1493,1 4 15,21.5,1637970
212,1488,1 4 14,21.5,1637970
213,1495,8 11 15,20.5,1637921
214,1498,6 8 13,21,1637898
215,1499,6 12 10,21,1637898
216,1498,8 13 14,20.5,1637839
217,1494,8 13 13,20.5,1637839
218,1494,2 5 13,21.5,1637838
219,1499,3 8 10,21.5,1637804
220,1494,3 8 9,21.5,1637804
221,1497,3 10 8,21.5,1637804
222,1500,3 6 12,21.5,1637467
223,1496,3 6 11,21.5,1637467
224,1500,3 12 7,21.5,1637467
225,1495,3 12 6,21.5,1637467
226,1497,8 15 12,20.5,1637427
227,1495,2 15 5,21.5,1637418
228,1490,2 15 4,21.5,1637418
229,1499,6 6 15,21,1637397
230,1495,6 6 14,21,1637397
231,1497,6 14 8,21,1637397
232,1499,7 9 11,21,1637101
233,1500,4 9 8,21.5,1636939
234,1498,9 10 15,20.5,1636934
235,1497,9 12 13,20.5,1636934
236,1496,2 3 15,21.5,1636913
237,1491,2 3 14,21.5,1636913
238,1497,4 7 9,21.5,1636855
239,1497,3 4 13,21.5,1636791
240,1498,3 14 5,21.5,1636791
241,1493,3 14 4,21.5,1636791
242,1498,4 11 6,21.5,1636685
243,1500,9 14 12,20.5,1636603
244,1500,7 13 8,21,1636597
245,1499,4 5 11,21.5,1636431
246,1499,0 8 7,22,1636353
247,1494,0 8 6,22,1636353
248,1497,7 5 14,21,1636261
249,1496,0 6 8,22,1636182
250,1497,0 10 5,22,1636182
251,1492,0 10 4,22,1636182
252,1496,4 13 4,21.5,1636092
253,1500,10 11 13,20.5,1635956
254,1498,7 15 6,21,1635842
255,1500,5 6 9,21.5,1635829
256,1499,3 2 15,21.5,1635779
257,1494,3 2 14,21.5,1635779
258,1497,0 4 10,22,1635671
259,1493,0 4 9,22,1635671
260,1495,0 12 3,22,1635671
261,1500,4 3 13,21.5,1635668
262,1497,1 7 6,22,1635506
263,1500,1 9 5,22,1635421
264,1495,1 9 4,22,1635421
265,1499,5 12 4,21.5,1635318
266,1493,11 15 15,20,1635296
267,1499,1 5 8,22,1635250
268,1499,4 15 3,21.5,1635159
269,1500,8 4 14,21,1635050
270,1498,1 11 3,22,1634993
271,1494,0 2 11,22,1634819
272,1497,0 14 2,22,1634819
273,1492,0 14 1,22,1634819
274,1500,1 3 10,22,1634650
275,1496,1 3 9,22,1634650
276,1500,2 6 6,22,1634583
277,1498,2 8 4,22,1634583
278,1497,4 1 14,21.5,1634565
279,1476,0 13 13,21,1634488
280,1477,0 11 15,21,1634407
281,1473,0 11 14,21,1634407
282,1496,12 14 15,20,1634377
283,1479,0 15 12,21,1634244
284,1474,0 15 11,21,1634244
285,1500,1 13 2,22,1634223
286,1495,1 13 1,22,1634223
287,1479,1 12 13,21,1633851
288,1477,3 15 15,20.5,1633714
289,1497,1 1 11,22,1633709
290,1481,1 10 15,21,1633688
291,1476,1 10 14,21,1633688
292,1482,1 14 12,21,1633688
293,1477,1 14 11,21,1633688
294,1495,0 0 13,22,1633627
295,1491,0 0 12,22,1633627
296,1499,2 2 9,22,1633551
297,1499,2 12 1,22,1633551
298,1499,13 13 15,20,1633388
299,1500,5 0 14,21.5,1633274
300,1482,2 11 13,21,1633139
301,1498,1 15 0,22,1633110
302,1485,2 13 12,21,1633057
303,1480,2 13 11,21,1633057
304,1480,4 14 15,20.5,1633056
305,1484,2 9 15,21,1632893
306,1479,2 9 14,21,1632893
307,1483,2 15 10,21,1632646
308,1500,2 0 11,22,1632520
309,1485,3 10 13,21,1632352
310,1488,3 12 12,21,1632352
311,1483,3 12 11,21,1632352
312,1483,5 13 15,20.5,1632324
313,1486,5 15 14,20.5,1632081
314,1481,5 15 13,20.5,1632081
315,1487,3 8 15,21,1632022
316,1482,3 8 14,21,1632022
317,1486,3 14 10,21,1632022
318,1486,0 10 10,21.5,1631955
319,1481,0 10 9,21.5,1631955
320,1488,0 8 12,21.5,1631788
321,1483,0 8 11,21.5,1631788
322,1484,0 12 8,21.5,1631788
323,1491,4 11 12,21,1631573
324,1486,4 11 11,21,1631573
325,1486,6 12 15,20.5,1631520
326,1488,4 9 13,21,1631490
327,1489,6 14 14,20.5,1631356
328,1484,6 14 13,20.5,1631356
329,1489,4 13 10,21,1631324
330,1485,0 6 13,21.5,1631289
331,1487,0 14 7,21.5,1631289
332,1482,0 14 6,21.5,1631289
333,1489,1 9 10,21.5,1631195
334,1484,1 9 9,21.5,1631195
335,1487,1 11 8,21.5,1631112
336,1490,4 7 15,21,1631076
337,1485,4 7 14,21,1631076
338,1500,0 7 1,22.5,1631035
339,1491,1 7 12,21.5,1630944
340,1486,1 7 11,21.5,1630944
341,1499,0 3 4,22.5,1630860
342,1492,4 15 9,21,1630745
343,1487,4 15 8,21,1630745
344,1494,5 10 12,21,1630720
345,1489,5 10 11,21,1630720
346,1490,1 13 7,21.5,1630693
347,1485,1 13 6,21.5,1630693
348,1489,7 11 15,20.5,1630642
349,1492,7 13 14,20.5,1630560
350,1487,7 13 13,20.5,1630560
351,1491,5 8 13,21,1630553
352,1492,5 12 10,21,1630553
353,1486,0 4 15,21.5,1630456
354,1481,0 4 14,21.5,1630456
355,1492,2 8 10,21.5,1630360
356,1487,2 8 9,21.5,1630360
357,1490,2 10 8,21.5,1630360
358,1488,1 5 13,21.5,1630359
359,1500,0 1 6,22.5,1630250
360,1490,7 15 12,20.5,1630150
361,1492,5 6 15,21,1630054
362,1488,5 6 14,21,1630054
363,1495,5 14 9,21,1630054
364,1490,5 14 8,21,1630054
365,1494,2 6 12,21.5,1630024
366,1489,2 6 11,21.5,1630024
367,1493,2 12 7,21.5,1630024
368,1488,2 12 6,21.5,1630024
369,1488,1 15 5,21.5,1629941
370,1483,1 15 4,21.5,1629941
371,1497,6 9 12,21,1629792
372,1492,6 9 11,21,1629792
373,1495,6 11 10,21,1629709
374,1492,8 10 15,20.5,1629690
375,1495,8 12 14,20.5,1629690
376,1490,8 12 13,20.5,1629690
377,1494,6 7 13,21,1629541
378,1493,3 9 8,21.5,1629533
379,1495,3 7 10,21.5,1629448
380,1490,3 7 9,21.5,1629448
381,1489,1 3 15,21.5,1629439
382,1484,1 3 14,21.5,1629439
383,1493,8 14 12,20.5,1629361
384,1490,2 4 13,21.5,1629351
385,1491,2 14 5,21.5,1629351
386,1486,2 14 4,21.5,1629351
387,1498,6 13 9,21,1629291
388,1493,6 13 8,21,1629291
389,1496,3 11 7,21.5,1629279
390,1491,3 11 6,21.5,1629279
391,1497,3 5 12,21.5,1629026
392,1492,3 5 11,21.5,1629026
393,1495,6 5 15,21,1628956
394,1491,6 5 14,21,1628956
395,1500,7 8 12,21,1628790
396,1495,7 8 11,21,1628790
397,1498,7 10 10,21,1628790
398,1498,9 11 14,20.5,1628749
399,1493,9 11 13,20.5,1628749
400,1494,3 13 5,21.5,1628688
401,1489,3 13 4,21.5,1628688
402,1495,9 9 15,20.5,1628666
403,1496,4 8 8,21.5,1628630
404,1496,6 15 7,21,1628539
405,1491,6 15 6,21,1628539
406,1496,9 13 12,20.5,1628501
407,1498,4 6 10,21.5,1628461
408,1493,4 6 9,21.5,1628461
409,1499,4 10 7,21.5,1628461
410,1494,4 10 6,21.5,1628461
411,1497,7 6 13,21,1628455
412,1496,7 12 8,21,1628455
413,1492,2 2 15,21.5,1628343
414,1487,2 2 14,21.5,1628343
415,1493,3 3 13,21.5,1628266
416,1487,10 15 15,20,1628124
417,1495,0 7 7,22,1628004
418,1490,0 7 6,22,1628004
419,1499,4 4 12,21.5,1627952
420,1495,4 4 11,21.5,1627952
421,1497,4 12 5,21.5,1627952
422,1492,4 12 4,21.5,1627952
423,1499,9 15 11,20.5,1627922
424,1494,9 15 10,20.5,1627922
425,1493,0 9 5,22,1627919
426,1488,0 9 4,22,1627919
427,1498,7 4 15,21,1627783
428,1494,7 4 14,21,1627783
429,1499,7 14 7,21,1627783
430,1494,7 14 6,21,1627783
431,1492,3 15 3,21.5,1627760
432,1492,0 5 8,22,1627748
433,1500,10 10 14,20.5,1627735
434,1496,10 10 13,20.5,1627735
435,1498,8 7 11,21,1627715
436,1499,5 7 8,21.5,1627653
437,1497,10 8 15,20.5,1627569
438,1499,10 12 12,20.5,1627569
439,1497,5 9 6,21.5,1627567
440,1499,8 11 8,21,1627546
441,1491,0 11 3,22,1627493
442,1496,5 5 9,21.5,1627397
443,1500,8 5 13,21,1627293
444,1490,11 14 15,20,1627240
445,1495,3 1 15,21.5,1627169
446,1490,3 1 14,21.5,1627169
447,1493,0 3 10,22,1627152
448,1489,0 3 9,22,1627152
449,1500,5 11 5,21.5,1627142
450,1495,5 11 4,21.5,1627142
451,1498,1 6 7,22,1627119
452,1493,1 6 6,22,1627119
453,1496,1 8 5,22,1627119
454,1491,1 8 4,22,1627119
455,1496,4 2 13,21.5,1627104
456,1495,4 14 3,21.5,1627104
457,1497,10 14 10,20.5,1627071
458,1497,8 13 6,21,1626956
459,1498,5 3 11,21.5,1626801
460,1495,1 4 8,22,1626777
461,1494,1 10 3,22,1626777
462,1493,0 13 2,22,1626726
463,1489,0 13 1,22,1626726
464,1499,11 9 13,20.5,1626648
465,1500,6 8 6,21.5,1626600
466,1496,8 3 14,21,1626534
467,1500,11 7 15,20.5,1626398
468,1498,5 13 3,21.5,1626375
469,1472,0 12 13,21,1626356
470,1470,2 15 15,20.5,1626288
471,1492,12 13 15,20,1626286
472,1499,6 4 9,21.5,1626258
473,1498,6 10 4,21.5,1626258
474,1499,2 7 5,22,1626243
475,1494,2 7 4,22,1626243
476,1490,0 1 11,22,1626215
477,1474,0 10 15,21,1626194
478,1469,0 10 14,21,1626194
479,1475,0 14 12,21,1626194
480,1471,0 14 11,21,1626194
481,1496,2 5 6,22,1626157
482,1500,11 13 10,20.5,1626148
483,1496,1 2 10,22,1626092
484,1492,1 2 9,22,1626092
485,1497,1 12 2,22,1626092
486,1492,1 12 1,22,1626092
487,1500,9 12 6,21,1626056
488,1500,8 15 5,21,1626028
489,1497,2 9 3,22,1625985
490,1497,4 0 15,21.5,1625917
491,1493,4 0 14,21.5,1625917
492,1495,12 15 14,20,1625878
493,1499,5 1 13,21.5,1625864
494,1498,2 3 8,22,1625727
495,1475,1 11 13,21,1625682
496,1473,3 14 15,20.5,1625667
497,1491,0 15 0,22,1625619
498,1478,1 13 12,21,1625600
499,1474,1 13 11,21,1625600
500,1477,1 9 15,21,1625437
501,1472,1 9 14,21,1625437
502,1498,11 15 8,20.5,1625397
503,1500,2 11 2,22,1625383
504,1495,2 11 1,22,1625383
505,1497,3 6 4,22,1625291
506,1496,5 15 1,21.5,1625268
507,1495,13 12 15,20,1625262
508,1499,9 2 14,21,1625209
509,1476,1 15 10,21,1625191
510,1499,3 4 6,22,1625118
511,1500,3 8 3,22,1625118
512,1493,1 0 11,22,1625065
513,1494,1 14 0,22,1625065
514,1476,4 13 15,20.5,1624972
515,1499,2 1 10,22,1624954
516,1495,2 1 9,22,1624954
517,1498,13 14 14,20,1624933
518,1478,2 10 13,21,1624932
519,1481,2 12 12,21,1624932
520,1477,2 12 11,21,1624932
521,1479,4 15 14,20.5,1624729
522,1475,4 15 13,20.5,1624729
523,1480,2 8 15,21,1624604
524,1475,2 8 14,21,1624604
525,1479,2 14 10,21,1624604
526,1498,3 10 1,22,1624600
527,1499,6 14 1,21.5,1624546
528,1497,2 13 0,22,1624438
529,1500,4 5 4,22,1624263
530,1479,5 12 15,20.5,1624203
531,1484,3 11 12,21,1624190
532,1480,3 11 11,21,1624190
533,1498,14 11 15,20,1624167
534,1481,3 9 13,21,1624108
535,1482,5 14 14,20.5,1624041
536,1478,5 14 13,20.5,1624041
537,1483,3 13 10,21,1623943
538,1497,3 0 9,22,1623737
539,1500,3 12 0,22,1623737
540,1482,0 9 10,21.5,1623713
541,1478,0 9 9,21.5,1623713
542,1483,3 7 15,21,1623696
543,1478,3 7 14,21,1623696
544,1480,0 11 8,21.5,1623630
545,1484,0 7 12,21.5,1623463
546,1479,0 7 11,21.5,1623463
547,1487,4 10 12,21,1623374
548,1483,4 10 11,21,1623374
549,1485,3 15 9,21,1623366
550,1481,3 15 8,21,1623366
551,1482,6 11 15,20.5,1623362
552,1499,14 15 12,20,1623342
553,1485,6 13 14,20.5,1623280
554,1481,6 13 13,20.5,1623280
555,1483,0 13 7,21.5,1623213
556,1478,0 13 6,21.5,1623213
557,1484,4 8 13,21,1623208
558,1486,4 12 10,21,1623208
559,1485,1 8 10,21.5,1622915
560,1481,1 8 9,21.5,1622915
561,1484,1 10 8,21.5,1622915
562,1481,0 5 13,21.5,1622880
563,1483,6 15 12,20.5,1622872
564,1486,4 6 15,21,1622711
565,1481,4 6 14,21,1622711
566,1488,4 14 9,21,1622711
567,1484,4 14 8,21,1622711
568,1498,0 4 3,22.5,1622670
569,1496,0 6 1,22.5,1622670
570,1487,1 6 12,21.5,1622581
571,1482,1 6 11,21.5,1622581
572,1486,1 12 7,21.5,1622581
573,1482,1 12 6,21.5,1622581
574,1490,5 9 12,21,1622484
575,1486,5 9 11,21,1622484
576,1481,0 15 5,21.5,1622464
577,1476,0 15 4,21.5,1622464
578,1485,7 10 15,20.5,1622447
579,1488,7 12 14,20.5,1622447
580,1484,7 12 13,20.5,1622447
581,1489,5 11 10,21,1622400
582,1500,0 2 5,22.5,1622322
583,1495,0 2 4,22.5,1622322
584,1498,0 8 0,22.5,1622322
585,1487,5 7 13,21,1622234
586,1487,2 9 8,21.5,1622126
587,1486,7 14 12,20.5,1622120
588,1488,2 7 10,21.5,1622042
589,1484,2 7 9,21.5,1622042
590,1491,5 13 9,21,1621984
591,1487,5 13 8,21,1621984
592,1482,0 3 15,21.5,1621964
593,1477,0 3 14,21.5,1621964
594,1484,1 4 13,21.5,1621911
595,1484,1 14 5,21.5,1621911
596,1479,1 14 4,21.5,1621911
597,1489,2 11 7,21.5,1621873
598,1485,2 11 6,21.5,1621873
599,1499,1 5 1,22.5,1621745
600,1489,5 5 15,21,1621652
601,1484,5 5 14,21,1621652
602,1496,0 0 6,22.5,1621625
603,1490,2 5 12,21.5,1621621
604,1485,2 5 11,21.5,1621621
605,1491,8 11 14,20.5,1621542
606,1486,8 11 13,20.5,1621542
607,1493,6 8 12,21,1621519
608,1489,6 8 11,21,1621519
609,1492,6 10 10,21,1621519
610,1488,8 9 15,20.5,1621460
611,1489,8 13 12,20.5,1621295
612,1487,2 13 5,21.5,1621285
613,1483,2 13 4,21.5,1621285
614,1490,3 8 8,21.5,1621261
615,1489,5 15 7,21,1621236
616,1485,5 15 6,21,1621236
617,1498,1 1 4,22.5,1621220
618,1490,6 6 13,21,1621185
619,1494,6 12 9,21,1621185
620,1490,6 12 8,21,1621185
621,1491,3 6 10,21.5,1621092
622,1487,3 6 9,21.5,1621092
623,1492,3 10 7,21.5,1621092
624,1488,3 10 6,21.5,1621092
625,1480,9 15 15,20,1620951
626,1485,1 2 15,21.5,1620908
627,1480,1 2 14,21.5,1620908
628,1487,2 3 13,21.5,1620865
629,1492,8 15 11,20.5,1620719
630,1487,8 15 10,20.5,1620719
631,1493,3 4 12,21.5,1620586
632,1488,3 4 11,21.5,1620586
633,1490,3 12 5,21.5,1620586
634,1486,3 12 4,21.5,1620586
635,1494,9 10 14,20.5,1620564
636,1489,9 10 13,20.5,1620564
637,1494,7 9 10,21,1620564
638,1491,6 4 15,21,1620516
639,1487,6 4 14,21,1620516
640,1492,6 14 7,21,1620516
641,1488,6 14 6,21,1620516
642,1496,7 7 12,21,1620480
643,1491,7 7 11,21,1620480
644,1491,9 8 15,20.5,1620399
645,1492,9 12 12,20.5,1620399
646,1485,2 15 3,21.5,1620361
647,1492,4 7 8,21.5,1620321
648,1497,7 11 9,21,1620312
649,1493,7 11 8,21,1620312
650,1495,4 9 7,21.5,1620236
651,1491,4 9 6,21.5,1620236
652,1483,10 14 15,20,1620103
653,1494,4 5 10,21.5,1620066
654,1489,4 5 9,21.5,1620066
655,1493,7 5 13,21,1620061
656,1495,9 14 11,20.5,1619903
657,1490,9 14 10,20.5,1619903
658,1493,4 11 5,21.5,1619812
659,1489,4 11 4,21.5,1619812
660,1488,2 1 15,21.5,1619773
661,1483,2 1 14,21.5,1619773
662,1489,3 2 13,21.5,1619741
663,1488,3 14 3,21.5,1619741
664,1495,7 13 7,21,1619725
665,1491,7 13 6,21,1619725
666,1491,0 6 7,22,1619655
667,1486,0 6 6,22,1619655
668,1489,0 8 5,22,1619655
669,1484,0 8 4,22,1619655
670,1497,8 8 10,21,1619536
671,1497,10 9 14,20.5,1619514
672,1492,10 9 13,20.5,1619514
673,1496,4 3 12,21.5,1619473
674,1491,4 3 11,21.5,1619473
675,1495,10 11 12,20.5,1619431
676,1499,8 6 12,21,1619367
677,1494,8 6 11,21,1619367
678,1500,8 10 9,21,1619367
679,1496,8 10 8,21,1619367
680,1488,0 4 8,22,1619314
681,1487,0 10 3,22,1619314
682,1495,5 6 8,21.5,1619306
683,1498,5 8 7,21.5,1619306
684,1494,5 8 6,21.5,1619306
685,1494,7 3 15,21,1619305
686,1490,7 3 14,21,1619305
687,1494,10 7 15,20.5,1619265
688,1486,11 13 15,20,1619185
689,1491,4 13 3,21.5,1619049
690,1498,10 13 11,20.5,1619016
691,1493,10 13 10,20.5,1619016
692,1497,5 4 10,21.5,1618965
693,1492,5 4 9,21.5,1618965
694,1496,5 10 5,21.5,1618965
695,1492,5 10 4,21.5,1618965
696,1496,8 4 13,21,1618861
697,1498,8 12 7,21,1618861
698,1494,8 12 6,21,1618861
699,1492,1 7 5,22,1618817
700,1487,1 7 4,22,1618817
701,1493,7 15 5,21,1618801
702,1489,11 15 14,20,1618778
703,1494,1 5 7,22,1618732
704,1489,1 5 6,22,1618732
705,1489,0 2 10,22,1618633
706,1485,0 2 9,22,1618633
707,1490,0 12 2,22,1618633
708,1485,0 12 1,22,1618633
709,1490,1 9 3,22,1618561
710,1491,3 0 15,21.5,1618560
711,1486,3 0 14,21.5,1618560
712,1492,4 1 13,21.5,1618540
713,1500,9 7 10,21,1618434
714,1499,11 8 14,20.5,1618391
715,1495,11 8 13,20.5,1618391
716,1498,11 10 12,20.5,1618391
717,1498,9 9 8,21,1618350
718,1491,1 3 8,22,1618304
719,1496,6 7 6,21.5,1618301
720,1498,5 2 12,21.5,1618284
721,1494,5 2 11,21.5,1618284
722,1494,5 12 3,21.5,1618284
723,1467,2 14 15,20.5,1618277
724,1496,10 15 9,20.5,1618268
725,1491,10 15 8,20.5,1618268
726,1469,0 11 13,21,1618224
727,1498,6 5 8,21.5,1618215
728,1489,12 12 15,20,1618195
729,1497,9 5 11,21,1618180
730,1471,0 13 12,21,1618143
731,1467,0 13 11,21,1618143
732,1496,11 6 15,20.5,1618058
733,1496,11 12 10,20.5,1618058
734,1499,6 9 5,21.5,1618044
735,1495,6 9 4,21.5,1618044
736,1497,8 2 15,21,1618018
737,1492,8 2 14,21,1618018
738,1496,8 14 5,21,1618018
739,1470,0 9 15,21,1617980
740,1466,0 9 14,21,1617980
741,1493,1 11 2,22,1617962
742,1488,1 11 1,22,1617962
743,1494,4 15 2,21.5,1617947
744,1489,4 15 1,21.5,1617947
745,1496,9 11 6,21,1617926
746,1495,2 6 5,22,1617904
747,1490,2 6 4,22,1617904
748,1492,12 14 14,20,1617869
749,1500,6 3 10,21.5,1617787
750,1495,6 3 9,21.5,1617787
751,1470,0 15 10,21,1617736
752,1497,2 4 7,22,1617732
753,1492,2 4 6,22,1617732
754,1493,2 8 3,22,1617732
755,1470,3 13 15,20.5,1617619
756,1486,0 0 11,22,1617611
757,1487,0 14 0,22,1617611
758,1498,9 3 13,21,1617587
759,1492,1 1 10,22,1617534
760,1488,1 1 9,22,1617534
761,1472,1 10 13,21,1617512
762,1474,1 12 12,21,1617512
763,1470,1 12 11,21,1617512
764,1497,6 11 3,21.5,1617445
765,1499,11 14 9,20.5,1617390
766,1494,11 14 8,20.5,1617390
767,1472,3 15 14,20.5,1617377
768,1468,3 15 13,20.5,1617377
769,1495,5 0 13,21.5,1617261
770,1497,5 14 2,21.5,1617261
771,1492,5 14 1,21.5,1617261
772,1499,7 6 6,21.5,1617222
773,1494,2 2 8,22,1617216
774,1496,2 10 2,22,1617216
775,1491,2 10 1,22,1617216
776,1498,12 7 13,20.5,1617196
777,1473,1 8 15,21,1617186
778,1469,1 8 14,21,1617186
779,1473,1 14 10,21,1617186
780,1499,9 13 5,21,1617164
781,1491,13 11 15,20,1617135
782,1497,7 8 4,21.5,1617050
783,1499,12 11 10,20.5,1617029
784,1491,1 13 0,22,1617020
785,1497,6 1 11,21.5,1617017
786,1500,10 4 11,21,1616919
787,1499,10 10 6,21,1616919
788,1498,3 5 5,22,1616913
789,1493,3 5 4,22,1616913
790,1494,13 13 14,20,1616889
791,1473,4 12 15,20.5,1616887
792,1496,3 7 3,22,1616827
793,1478,2 11 12,21,1616808
794,1473,2 11 11,21,1616808
795,1499,12 5 15,20.5,1616777
796,1475,2 9 13,21,1616725
797,1475,4 14 14,20.5,1616725
798,1471,4 14 13,20.5,1616725
799,1500,9 1 15,21,1616656
800,1495,9 1 14,21,1616656
801,1500,3 3 7,22,1616654
802,1495,3 3 6,22,1616654
803,1476,2 13 10,21,1616561
804,1498,7 2 9,21.5,1616534
805,1500,7 10 3,21.5,1616534
806,1500,6 13 2,21.5,1616504
807,1495,6 13 1,21.5,1616504
808,1497,12 13 8,20.5,1616442
809,1499,3 9 2,22,1616395
810,1494,3 9 1,22,1616395
811,1495,2 0 10,22,1616356
812,1491,2 0 9,22,1616356
813,1494,2 12 0,22,1616356
814,1476,2 7 15,21,1616315
815,1472,2 7 14,21,1616315
816,1497,13 15 13,20,1616315
817,1493,13 15 12,20,1616315
818,1476,5 11 15,20.5,1616082
819,1497,9 15 3,21,1616063
820,1497,3 1 8,22,1616050
821,1481,3 10 12,21,1616028
822,1476,3 10 11,21,1616028
823,1494,14 10 15,20,1616005
824,1478,5 13 14,20.5,1616001
825,1474,5 13 13,20.5,1616001
826,1479,2 15 9,21,1615987
827,1474,2 15 8,21,1615987
828,1500,8 7 4,21.5,1615982
829,1500,13 6 13,20.5,1615929
830,1478,3 8 13,21,1615864
831,1479,3 12 10,21,1615864
832,1496,4 4 4,22,1615847
833,1499,4 6 3,22,1615847
834,1497,14 12 14,20,1615840
835,1499,7 0 11,21.5,1615675
836,1498,7 12 1,21.5,1615675
837,1497,3 11 0,22,1615618
838,1477,5 15 12,20.5,1615595
839,1500,12 15 7,20.5,1615521
840,1498,4 2 6,22,1615500
841,1497,4 8 1,22,1615500
842,1478,0 8 10,21.5,1615471
843,1474,0 8 9,21.5,1615471
844,1477,0 10 8,21.5,1615471
845,1500,13 12 8,20.5,1615424
846,1479,3 6 15,21,1615369
847,1474,3 6 14,21,1615369
848,1482,3 14 9,21,1615369
849,1477,3 14 8,21,1615369
850,1500,14 14 13,20,1615345
851,1495,14 14 12,20,1615345
852,1497,6 15 0,21.5,1615221
853,1498,10 0 14,21,1615218
854,1500,10 14 3,21,1615218
855,1478,6 10 15,20.5,1615204
856,1481,6 12 14,20.5,1615204
857,1477,6 12 13,20.5,1615204
858,1484,4 9 12,21,1615175
859,1479,4 9 11,21,1615175
860,1480,0 6 12,21.5,1615138
861,1475,0 6 11,21.5,1615138
862,1479,0 12 7,21.5,1615138
863,1475,0 12 6,21.5,1615138
864,1482,4 11 10,21,1615092
865,1481,4 7 13,21,1614927
866,1480,6 14 12,20.5,1614878
867,1500,4 0 8,22,1614806
868,1500,4 10 0,22,1614806
869,1497,15 9 15,20,1614804
870,1500,15 11 14,20,1614721
871,1480,1 9 8,21.5,1614719
872,1499,5 3 4,22,1614705
873,1485,4 13 9,21,1614678
874,1480,4 13 8,21,1614678
875,1481,1 7 10,21.5,1614635
876,1477,1 7 9,21.5,1614635
877,1500,5 7 1,22,1614530
878,1477,0 4 13,21.5,1614472
879,1477,0 14 5,21.5,1614472
880,1473,0 14 4,21.5,1614472
881,1500,7 14 0,21.5,1614472
882,1483,1 11 7,21.5,1614468
883,1478,1 11 6,21.5,1614468
884,1482,4 5 15,21,1614347
885,1477,4 5 14,21,1614347
886,1484,7 11 14,20.5,1614335
887,1480,7 11 13,20.5,1614335
888,1498,15 13 12,20,1614307
889,1497,0 5 2,22.5,1614306
890,1492,0 5 1,22.5,1614306
891,1481,7 9 15,20.5,1614253
892,1486,5 8 12,21,1614248
893,1482,5 8 11,21,1614248
894,1485,5 10 10,21,1614248
895,1494,0 3 3,22.5,1614219
896,1483,1 5 12,21.5,1614217
897,1478,1 5 11,21.5,1614217
898,1483,7 13 12,20.5,1614089
899,1495,0 7 0,22.5,1614045
900,1483,4 15 7,21,1613933
901,1478,4 15 6,21,1613933
902,1483,5 6 13,21,1613915
903,1488,5 12 9,21,1613915
904,1483,5 12 8,21,1613915
905,1483,2 8 8,21.5,1613891
906,1481,1 13 5,21.5,1613882
907,1476,1 13 4,21.5,1613882
908,1496,0 1 5,22.5,1613783
909,1491,0 1 4,22.5,1613783
910,1474,8 15 15,20,1613779
911,1484,2 6 10,21.5,1613723
912,1480,2 6 9,21.5,1613723
913,1486,2 10 7,21.5,1613723
914,1481,2 10 6,21.5,1613723
915,1496,15 15 10,20,1613562
916,1485,7 15 11,20.5,1613516
917,1481,7 15 10,20.5,1613516
918,1478,0 2 15,21.5,1613472
919,1474,0 2 14,21.5,1613472
920,1480,1 3 13,21.5,1613464
921,1487,8 10 14,20.5,1613394
922,1483,8 10 13,20.5,1613394
923,1500,1 4 2,22.5,1613342
924,1495,1 4 1,22.5,1613342
925,1488,6 9 10,21,1613330
926,1485,5 4 15,21,1613249
927,1480,5 4 14,21,1613249
928,1486,5 14 7,21,1613249
929,1481,5 14 6,21,1613249
930,1489,6 7 12,21,1613246
931,1485,6 7 11,21,1613246
932,1484,8 8 15,20.5,1613229
933,1486,8 12 12,20.5,1613229
934,1486,2 4 12,21.5,1613219
935,1481,2 4 11,21.5,1613219
936,1484,2 12 5,21.5,1613219
937,1479,2 12 4,21.5,1613219
938,1497,1 2 3,22.5,1613167
939,1498,1 6 0,22.5,1613167
940,1491,6 11 9,21,1613079
941,1486,6 11 8,21,1613079
942,1500,11 15 1,21,1613020
943,1486,3 7 8,21.5,1612989
944,1476,9 14 15,20,1612966
945,1478,1 15 3,21.5,1612962
946,1489,3 9 7,21.5,1612905
947,1484,3 9 6,21.5,1612905
948,1486,6 5 13,21,1612828
949,1487,3 5 10,21.5,1612736
950,1483,3 5 9,21.5,1612736
951,1488,8 14 11,20.5,1612735
952,1484,8 14 10,20.5,1612735
953,1498,1 0 5,22.5,1612642
954,1494,1 0 4,22.5,1612642
955,1489,6 13 7,21,1612494
956,1484,6 13 6,21,1612494
957,1487,3 11 5,21.5,1612483
958,1482,3 11 4,21.5,1612483
959,1490,9 9 14,20.5,1612380
960,1486,9 9 13,20.5,1612380
961,1483,2 2 13,21.5,1612379
962,1481,2 14 3,21.5,1612379
963,1481,1 1 15,21.5,1612377
964,1476,1 1 14,21.5,1612377
965,1491,7 8 10,21,1612338
966,1498,2 3 1,22.5,1612302
967,1488,9 11 12,20.5,1612297
968,1492,7 6 12,21,1612170
969,1488,7 6 11,21,1612170
970,1494,7 10 9,21,1612170
971,1489,7 10 8,21,1612170
972,1489,3 3 12,21.5,1612145
973,1484,3 3 11,21.5,1612145
974,1487,9 7 15,20.5,1612132
975,1479,10 13 15,20,1612083
976,1487,6 3 15,21,1612076
977,1483,6 3 14,21,1612076
978,1500,2 1 3,22.5,1612038
979,1489,4 6 8,21.5,1612011
980,1492,4 8 7,21.5,1612011
981,1487,4 8 6,21.5,1612011
982,1491,9 13 11,20.5,1611883
983,1487,9 13 10,20.5,1611883
984,1485,3 13 3,21.5,1611723
985,1482,10 15 14,20,1611678
986,1490,4 4 10,21.5,1611672
987,1486,4 4 9,21.5,1611672
988,1490,4 10 5,21.5,1611672
989,1485,4 10 4,21.5,1611672
990,1489,7 4 13,21,1611666
991,1492,7 12 7,21,1611666
992,1487,7 12 6,21,1611666
993,1487,6 15 5,21,1611575
994,1485,0 7 5,22,1611392
995,1481,0 7 4,22,1611392
996,1487,0 5 7,22,1611306
997,1482,0 5 6,22,1611306
998,1493,10 8 14,20.5,1611293
999,1488,10 8 13,20.5,1611293
1000,1491,10 10 12,20.5,1611293
1001,1493,8 7 10,21,1611273
1002,1486,3 1 13,21.5,1611217
1003,1484,2 0 15,21.5,1611203
1004,1479,2 0 14,21.5,1611203
1005,1496,8 9 9,21,1611189
1006,1492,8 9 8,21,1611189
1007,1489,9 15 9,20.5,1611139
1008,1485,9 15 8,20.5,1611139
1009,1483,0 9 3,22,1611136
1010,1482,11 12 15,20,1611129
1011,1495,5 7 7,21.5,1611044
1012,1490,5 7 6,21.5,1611044
1013,1495,8 5 12,21,1611020
1014,1490,8 5 11,21,1611020
1015,1492,4 2 12,21.5,1610994
1016,1487,4 2 11,21.5,1610994
1017,1488,4 12 3,21.5,1610994
1018,1490,10 6 15,20.5,1610961
1019,1494,10 12 11,20.5,1610961
1020,1490,10 12 10,20.5,1610961
1021,1492,5 5 8,21.5,1610959
1022,1484,0 3 8,22,1610881
1023,1490,7 2 15,21,1610827
1024,1486,7 2 14,21,1610827
1025,1490,7 14 5,21,1610827
1026,1485,11 14 14,20,1610804
1027,1493,5 9 5,21.5,1610788
1028,1488,5 9 4,21.5,1610788
1029,1495,8 11 7,21,1610767
1030,1490,8 11 6,21,1610767
1031,1487,3 15 2,21.5,1610626
1032,1482,3 15 1,21.5,1610626
1033,1486,0 11 2,22,1610540
1034,1481,0 11 1,22,1610540
1035,1493,5 3 10,21.5,1610533
1036,1488,5 3 9,21.5,1610533
1037,1488,1 6 5,22,1610516
1038,1484,1 6 4,22,1610516
1039,1492,8 3 13,21,1610430
1040,1490,1 4 7,22,1610345
1041,1485,1 4 6,22,1610345
1042,1486,1 8 3,22,1610345
1043,1492,10 14 9,20.5,1610297
1044,1488,10 14 8,20.5,1610297
1045,1494,11 9 12,20.5,1610218
1046,1491,5 11 3,21.5,1610192
1047,1496,9 6 10,21,1610135
1048,1499,9 8 9,21,1610135
1049,1495,9 8 8,21,1610135
1050,1496,11 7 14,20.5,1610134
1051,1491,11 7 13,20.5,1610134
1052,1486,0 1 10,22,1610114
1053,1481,0 1 9,22,1610114
1054,1485,12 11 15,20,1610104
1055,1468,0 12 12,21,1610093
1056,1466,2 15 14,20.5,1610026
1057,1493,8 13 5,21,1610008
1058,1497,6 6 7,21.5,1610002
1059,1493,6 6 6,21.5,1610002
1060,1488,4 0 13,21.5,1609977
1061,1490,4 14 2,21.5,1609977
1062,1485,4 14 1,21.5,1609977
1063,1497,11 11 11,20.5,1609967
1064,1492,11 11 10,20.5,1609967
1065,1488,12 13 14,20,1609859
1066,1487,1 2 8,22,1609831
1067,1494,6 4 8,21.5,1609831
1068,1496,6 8 5,21.5,1609831
1069,1491,6 8 4,21.5,1609831
1070,1489,1 10 2,22,1609831
1071,1484,1 10 1,22,1609831
1072,1498,9 4 12,21,1609796
1073,1493,9 4 11,21,1609796
1074,1497,9 10 7,21,1609796
1075,1493,9 10 6,21,1609796
1076,1466,0 8 15,21,1609767
1077,1466,0 14 10,21,1609767
1078,1494,5 1 12,21.5,1609766
1079,1490,5 1 11,21.5,1609766
1080,1492,11 5 15,20.5,1609717
1081,1484,0 13 0,22,1609603
1082,1466,3 12 15,20.5,1609571
1083,1491,2 5 5,22,1609564
1084,1487,2 5 4,22,1609564
1085,1493,8 1 15,21,1609502
1086,1488,8 1 14,21,1609502
1087,1489,2 7 3,22,1609478
1088,1471,1 11 12,21,1609425
1089,1466,1 11 11,21,1609425
1090,1469,3 14 14,20.5,1609410
1091,1495,11 13 9,20.5,1609384
1092,1491,11 13 8,20.5,1609384
1093,1468,1 9 13,21,1609343
1094,1496,6 2 10,21.5,1609317
1095,1491,6 2 9,21.5,1609317
1096,1493,6 10 3,21.5,1609317
1097,1493,2 3 7,22,1609306
1098,1488,2 3 6,22,1609306
1099,1491,12 15 13,20,1609287
1100,1486,12 15 12,20,1609287
1101,1493,5 13 2,21.5,1609255
1102,1488,5 13 1,21.5,1609255
1103,1469,1 13 10,21,1609180
1104,1494,9 2 13,21,1609118
1105,1495,9 12 5,21,1609118
1106,1497,12 8 12,20.5,1609070
1107,1492,2 9 2,22,1609048
1108,1487,2 9 1,22,1609048
1109,1488,13 10 15,20,1609009
1110,1497,10 7 8,21,1609008
1111,1488,1 0 10,22,1608975
1112,1484,1 0 9,22,1608975
1113,1487,1 12 0,22,1608975
1114,1469,1 7 15,21,1608935
1115,1499,10 5 10,21,1608923
1116,1495,8 15 4,21,1608912
1117,1490,8 15 3,21,1608912
1118,1498,12 6 14,20.5,1608903
1119,1494,12 6 13,20.5,1608903
1120,1500,12 10 11,20.5,1608903
1121,1495,12 10 10,20.5,1608903
1122,1500,7 5 7,21.5,1608885
1123,1495,7 5 6,21.5,1608885
1124,1491,13 12 14,20,1608845
1125,1469,4 11 15,20.5,1608803
1126,1498,7 7 5,21.5,1608799
1127,1494,7 7 4,21.5,1608799
1128,1500,10 9 7,21,1608753
1129,1496,10 9 6,21,1608753
1130,1472,4 13 14,20.5,1608722
1131,1467,4 13 13,20.5,1608722
1132,1490,2 1 8,22,1608704
1133,1474,2 10 12,21,1608683
1134,1469,2 10 11,21,1608683
1135,1497,7 3 8,21.5,1608628
1136,1472,1 15 9,21,1608608
1137,1467,1 15 8,21,1608608
1138,1494,3 4 5,22,1608536
1139,1489,3 4 4,22,1608536
1140,1492,3 6 3,22,1608536
1141,1471,2 8 13,21,1608519
1142,1472,2 12 10,21,1608519
1143,1500,10 3 12,21,1608497
1144,1496,10 3 11,21,1608497
1145,1493,11 15 7,20.5,1608466
1146,1497,6 0 12,21.5,1608462
1147,1493,6 0 11,21.5,1608462
1148,1496,6 12 2,21.5,1608462
1149,1491,6 12 1,21.5,1608462
1150,1495,12 4 15,20.5,1608400
1151,1498,12 12 9,20.5,1608400
1152,1493,12 12 8,20.5,1608400
1153,1496,7 9 3,21.5,1608370
1154,1494,13 14 13,20,1608353
1155,1489,13 14 12,20,1608353
1156,1470,4 15 12,20.5,1608318
1157,1490,2 11 0,22,1608274
1158,1496,3 2 7,22,1608190
1159,1491,3 2 6,22,1608190
1160,1495,3 8 2,22,1608190
1161,1490,3 8 1,22,1608190
1162,1498,10 11 5,21,1608157
1163,1496,9 0 15,21,1608102
1164,1491,9 0 14,21,1608102
1165,1498,9 14 4,21,1608102
1166,1493,9 14 3,21,1608102
1167,1472,2 6 15,21,1608026
1168,1468,2 6 14,21,1608026
1169,1499,7 1 10,21.5,1608026
1170,1494,7 1 9,21.5,1608026
1171,1475,2 14 9,21,1608026
1172,1470,2 14 8,21,1608026
1173,1491,5 15 0,21.5,1607978
1174,1472,5 10 15,20.5,1607961
1175,1475,5 12 14,20.5,1607961
1176,1470,5 12 13,20.5,1607961
1177,1477,3 9 12,21,1607867
1178,1472,3 9 11,21,1607867
1179,1500,13 7 12,20.5,1607852
1180,1490,14 9 15,20,1607843
1181,1500,11 6 8,21,1607808
1182,1475,3 11 10,21,1607784
1183,1498,13 9 10,20.5,1607767
1184,1493,14 11 14,20,1607761
1185,1497,10 1 13,21,1607732
1186,1498,8 4 6,21.5,1607695
1187,1496,8 6 4,21.5,1607695
1188,1498,11 8 6,21,1607637
1189,1473,5 14 12,20.5,1607636
1190,1474,3 7 13,21,1607619
1191,1496,13 5 13,20.5,1607599
1192,1499,7 11 2,21.5,1607596
1193,1494,7 11 1,21.5,1607596
1194,1496,12 14 7,20.5,1607563
1195,1495,4 5 3,22,1607518
1196,1493,3 0 8,22,1607499
1197,1493,3 10 0,22,1607499
1198,1500,0 0 0,23,1607438
1199,1497,4 3 5,22,1607431
1200,1492,4 3 4,22,1607431
1201,1478,3 13 9,21,1607372
1202,1473,3 13 8,21,1607372
1203,1500,8 2 8,21.5,1607349
1204,1496,14 13 13,20,1607349
1205,1492,14 13 12,20,1607349
1206,1499,8 8 3,21.5,1607349
1207,1496,13 11 8,20.5,1607347
1208,1473,0 9 8,21.5,1607312
1209,1494,6 14 0,21.5,1607264
1210,1498,4 7 2,22,1607258
1211,1493,4 7 1,22,1607258
1212,1475,0 7 10,21.5,1607228
1213,1470,0 7 9,21.5,1607228
1214,1496,10 13 3,21,1607221
1215,1478,6 11 14,20.5,1607128
1216,1473,6 11 13,20.5,1607128
1217,1498,11 2 11,21,1607125
1218,1476,0 11 7,21.5,1607062
1219,1471,0 11 6,21.5,1607062
1220,1475,6 9 15,20.5,1607047
1221,1475,3 5 15,21,1607042
1222,1471,3 5 14,21,1607042
1223,1498,13 3 15,20.5,1607010
1224,1499,4 1 7,22,1606997
1225,1494,4 1 6,22,1606997
1226,1480,4 8 12,21,1606976
1227,1475,4 8 11,21,1606976
1228,1478,4 10 10,21,1606976
1229,1476,6 13 12,20.5,1606884
1230,1476,0 5 12,21.5,1606812
1231,1472,0 5 11,21.5,1606812
1232,1497,8 0 9,21.5,1606659
1233,1497,8 10 1,21.5,1606659
1234,1496,4 9 0,22,1606650
1235,1477,4 6 13,21,1606645
1236,1481,4 12 9,21,1606645
1237,1476,4 12 8,21,1606645
1238,1476,3 15 7,21,1606630
1239,1471,3 15 6,21,1606630
1240,1493,15 8 15,20,1606607
1241,1467,7 15 15,20,1606607
1242,1496,15 10 14,20,1606607
1243,1495,14 15 11,20,1606607
1244,1490,14 15 10,20,1606607
1245,1499,13 13 7,20.5,1606589
1246,1476,1 8 8,21.5,1606522
1247,1499,9 5 4,21.5,1606516
1248,1474,0 13 5,21.5,1606479
1249,1469,0 13 4,21.5,1606479
1250,1497,7 13 0,21.5,1606479
1251,1498,5 4 3,22,1606425
1252,1478,1 6 10,21.5,1606355
1253,1473,1 6 9,21.5,1606355
1254,1479,1 10 7,21.5,1606355
1255,1474,1 10 6,21.5,1606355
1256,1479,6 15 11,20.5,1606313
1257,1474,6 15 10,20.5,1606313
1258,1499,15 12 13,20,1606275
1259,1494,15 12 12,20,1606275
1260,1500,11 0 13,21,1606270
1261,1499,11 12 3,21,1606270
1262,1500,5 2 5,22,1606251
1263,1495,5 2 4,22,1606251
1264,1496,5 6 1,22,1606251
1265,1499,14 4 13,20.5,1606223
1266,1481,7 10 14,20.5,1606223
1267,1476,7 10 13,20.5,1606223
1268,1499,14 10 8,20.5,1606223
1269,1481,5 9 10,21,1606095
1270,1473,0 3 13,21.5,1606063
1271,1478,7 8 15,20.5,1606059
1272,1479,7 12 12,20.5,1606059
1273,1483,5 7 12,21,1606012
1274,1478,5 7 11,21,1606012
1275,1478,4 4 15,21,1605982
1276,1474,4 4 14,21,1605982
1277,1479,4 14 7,21,1605982
1278,1474,4 14 6,21,1605982
1279,1499,10 15 2,21,1605945
1280,1494,10 15 1,21,1605945
1281,1493,0 4 2,22.5,1605942
1282,1488,0 4 1,22.5,1605942
1283,1479,1 4 12,21.5,1605853
1284,1475,1 4 11,21.5,1605853
1285,1477,1 12 5,21.5,1605853
1286,1472,1 12 4,21.5,1605853
1287,1484,5 11 9,21,1605845
1288,1479,5 11 8,21,1605845
1289,1470,8 14 15,20,1605829
1290,1490,0 2 3,22.5,1605767
1291,1491,0 6 0,22.5,1605767
1292,1497,5 0 6,22,1605728
1293,1499,5 8 0,22,1605728
1294,1479,2 7 8,21.5,1605657
1295,1500,9 9 1,21.5,1605649
1296,1500,8 12 0,21.5,1605623
1297,1497,15 14 11,20,1605613
1298,1493,15 14 10,20,1605613
1299,1480,5 5 13,21,1605596
1300,1482,2 9 7,21.5,1605573
1301,1477,2 9 6,21.5,1605573
1302,1482,7 14 11,20.5,1605567
1303,1477,7 14 10,20.5,1605567
1304,1472,0 15 3,21.5,1605563
1305,1500,14 2 15,20.5,1605547
1306,1497,13 15 5,20.5,1605496
1307,1481,2 5 10,21.5,1605405
1308,1476,2 5 9,21.5,1605405
1309,1482,5 13 7,21,1605263
1310,1477,5 13 6,21,1605263
1311,1483,8 9 14,20.5,1605245
1312,1479,8 9 13,20.5,1605245
1313,1492,0 0 5,22.5,1605245
1314,1487,0 0 4,22.5,1605245
1315,1499,6 5 1,22,1605169
1316,1482,8 11 12,20.5,1605163
1317,1480,2 11 5,21.5,1605153
1318,1475,2 11 4,21.5,1605153
1319,1484,6 8 10,21,1605140
1320,1497,11 14 1,21,1605074
1321,1476,1 2 13,21.5,1605017
1322,1475,1 14 3,21.5,1605017
1323,1480,8 7 15,20.5,1604998
1324,1498,6 1 4,22,1604994
1325,1473,9 13 15,20,1604981
1326,1474,0 1 15,21.5,1604980
1327,1470,0 1 14,21.5,1604980
1328,1486,6 6 12,21,1604973
1329,1481,6 6 11,21,1604973
1330,1487,6 10 9,21,1604973
1331,1482,6 10 8,21,1604973
1332,1496,1 3 2,22.5,1604939
1333,1491,1 3 1,22.5,1604939
1334,1494,1 5 0,22.5,1604852
1335,1481,5 3 15,21,1604847
1336,1476,5 3 14,21,1604847
1337,1482,2 3 12,21.5,1604817
1338,1477,2 3 11,21.5,1604817
1339,1485,8 13 11,20.5,1604751
1340,1480,8 13 10,20.5,1604751
1341,1482,3 6 8,21.5,1604717
1342,1485,3 8 7,21.5,1604717
1343,1480,3 8 6,21.5,1604717
1344,1493,1 1 3,22.5,1604677
1345,1476,9 15 14,20,1604578
1346,1500,14 14 5,20.5,1604533
1347,1482,6 4 13,21,1604472
1348,1485,6 12 7,21,1604472
1349,1480,6 12 6,21,1604472
1350,1478,2 13 3,21.5,1604397
1351,1484,3 4 10,21.5,1604380
1352,1479,3 4 9,21.5,1604380
1353,1483,3 10 5,21.5,1604380
1354,1478,3 10 4,21.5,1604380
1355,1480,5 15 5,21,1604348
1356,1486,9 8 14,20.5,1604195
1357,1482,9 8 13,20.5,1604195
1358,1485,9 10 12,20.5,1604195
1359,1499,12 13 1,21,1604133
1360,1487,7 7 10,21,1604112
1361,1476,10 12 15,20,1604063
1362,1490,7 9 9,21,1604028
1363,1485,7 9 8,21,1604028
1364,1483,8 15 9,20.5,1604010
1365,1478,8 15 8,20.5,1604010
1366,1479,2 1 13,21.5,1603893
1367,1483,9 6 15,20.5,1603864
1368,1488,9 12 11,20.5,1603864
1369,1483,9 12 10,20.5,1603864
1370,1488,7 5 12,21,1603860
1371,1484,7 5 11,21,1603860
1372,1499,2 2 2,22.5,1603860
1373,1494,2 2 1,22.5,1603860
1374,1497,2 4 0,22.5,1603860
1375,1477,1 0 15,21.5,1603846
1376,1473,1 0 14,21.5,1603846
1377,1488,4 7 7,21.5,1603787
1378,1483,4 7 6,21.5,1603787
1379,1479,10 14 14,20,1603739
1380,1485,3 2 12,21.5,1603704
1381,1480,3 2 11,21.5,1603704
1382,1481,3 12 3,21.5,1603704
1383,1485,4 5 8,21.5,1603702
1384,1484,6 2 15,21,1603636
1385,1479,6 2 14,21,1603636
1386,1483,6 14 5,21,1603636
1387,1488,7 11 7,21,1603608
1388,1483,7 11 6,21,1603608
1389,1486,4 9 5,21.5,1603533
1390,1481,4 9 4,21.5,1603533
1391,1496,2 0 3,22.5,1603509
1392,1480,2 15 2,21.5,1603305
1393,1475,2 15 1,21.5,1603305
1394,1486,4 3 10,21.5,1603278
1395,1482,4 3 9,21.5,1603278
1396,1485,7 3 13,21,1603272
1397,1486,9 14 9,20.5,1603203
1398,1481,9 14 8,20.5,1603203
1399,1488,10 9 12,20.5,1603155
1400,1482,0 6 5,22,1603128
1401,1477,0 6 4,22,1603128
1402,1478,11 11 15,20,1603073
1403,1489,10 7 14,20.5,1603072
1404,1484,10 7 13,20.5,1603072
1405,1490,8 6 10,21,1603010
1406,1493,8 8 9,21,1603010
1407,1488,8 8 8,21,1603010
1408,1483,0 4 7,22,1602958
1409,1479,0 4 6,22,1602958
1410,1480,0 8 3,22,1602958
1411,1484,4 11 3,21.5,1602939
1412,1490,10 11 11,20.5,1602906
1413,1486,10 11 10,20.5,1602906
1414,1486,7 13 5,21,1602853
1415,1481,11 13 14,20,1602829
1416,1500,3 3 0,22.5,1602792
1417,1491,5 6 7,21.5,1602782
1418,1486,5 6 6,21.5,1602782
1419,1497,3 1 1,22.5,1602704
1420,1482,3 0 13,21.5,1602692
1421,1483,3 14 2,21.5,1602692
1422,1479,3 14 1,21.5,1602692
1423,1491,8 4 12,21,1602673
1424,1487,8 4 11,21,1602673
1425,1491,8 10 7,21,1602673
1426,1486,8 10 6,21,1602673
1427,1486,10 5 15,20.5,1602657
1428,1488,5 4 8,21.5,1602612
1429,1489,5 8 5,21.5,1602612
1430,1484,5 8 4,21.5,1602612
1431,1488,4 1 12,21.5,1602515
1432,1483,4 1 11,21.5,1602515
1433,1480,0 2 8,22,1602447
1434,1482,0 10 2,22,1602447
1435,1477,0 10 1,22,1602447
1436,1486,7 1 15,21,1602349
1437,1482,7 1 14,21,1602349
1438,1489,10 13 9,20.5,1602325
1439,1484,10 13 8,20.5,1602325
1440,1484,11 15 13,20,1602260
1441,1480,11 15 12,20,1602260
1442,1500,15 15 3,20.5,1602228
1443,1485,1 5 5,22,1602214
1444,1480,1 5 4,22,1602214
1445,1483,1 7 3,22,1602129
1446,1489,5 2 10,21.5,1602101
1447,1485,5 2 9,21.5,1602101
1448,1487,5 10 3,21.5,1602101
1449,1490,11 8 12,20.5,1602044
1450,1481,12 10 15,20,1602013
1451,1486,4 13 2,21.5,1602006
1452,1482,4 13 1,21.5,1602006
1453,1488,8 2 13,21,1601998
1454,1489,8 12 5,21,1601998
1455,1486,1 3 7,22,1601957
1456,1482,1 3 6,22,1601957
1457,1495,9 7 9,21,1601920
1458,1491,9 7 8,21,1601920
1459,1492,11 6 14,20.5,1601877
1460,1487,11 6 13,20.5,1601877
1461,1493,11 10 11,20.5,1601877
1462,1489,11 10 10,20.5,1601877
1463,1484,12 12 14,20,1601850
1464,1492,9 5 10,21,1601835
1465,1488,7 15 4,21,1601761
1466,1484,7 15 3,21,1601761
1467,1494,6 5 7,21.5,1601703
1468,1489,6 5 6,21.5,1601703
1469,1485,1 9 2,22,1601701
1470,1480,1 9 1,22,1601701
1471,1494,9 9 7,21,1601666
1472,1489,9 9 6,21,1601666
1473,1492,6 7 5,21.5,1601617
1474,1487,6 7 4,21.5,1601617
1475,1482,0 0 10,22,1601595
1476,1477,0 0 9,22,1601595
1477,1480,0 12 0,22,1601595
1478,1499,4 0 1,22.5,1601470
1479,1490,6 3 8,21.5,1601446
1480,1465,3 13 14,20.5,1601442
1481,1494,9 3 12,21,1601411
1482,1489,9 3 11,21,1601411
1483,1487,10 15 7,20.5,1601411
1484,1489,11 4 15,20.5,1601377
1485,1491,11 12 9,20.5,1601377
1486,1487,11 12 8,20.5,1601377
1487,1487,12 14 13,20,1601360
1488,1482,12 14 12,20,1601360
1489,1483,1 1 8,22,1601358
1490,1467,1 10 12,21,1601337
1491,1490,5 0 12,21.5,1601249
1492,1486,5 0 11,21.5,1601249
1493,1489,5 12 2,21.5,1601249
1494,1485,5 12 1,21.5,1601249
1495,1487,2 4 5,22,1601224
1496,1483,2 4 4,22,1601224
1497,1486,2 6 3,22,1601224
1498,1490,6 9 3,21.5,1601190
1499,1492,9 11 5,21,1601073
1500,1489,8 0 15,21,1600987
1501,1485,8 0 14,21,1600987
1502,1491,8 14 4,21,1600987
1503,1487,8 14 3,21,1600987
1504,1483,1 11 0,22,1600930
1505,1484,13 9 15,20,1600883
1506,1489,2 2 7,22,1600880
1507,1484,2 2 6,22,1600880
1508,1488,2 8 2,22,1600880
1509,1483,2 8 1,22,1600880
1510,1493,12 7 12,20.5,1600861
1511,1492,6 1 10,21.5,1600847
1512,1487,6 1 9,21.5,1600847
1513,1487,13 11 14,20,1600801
1514,1496,12 9 11,20.5,1600777
1515,1491,12 9 10,20.5,1600777
1516,1498,10 6 9,21,1600756
1517,1494,10 6 8,21,1600756
1518,1484,4 15 0,21.5,1600735
1519,1465,4 10 15,20.5,1600718
1520,1468,4 12 14,20.5,1600718
1521,1468,1 14 9,21,1600684
1522,1491,9 1 13,21,1600649
1523,1494,12 5 14,20.5,1600610
1524,1490,12 5 13,20.5,1600610
1525,1495,10 4 10,21,1600586
1526,1496,10 8 7,21,1600586
1527,1492,10 8 6,21,1600586
1528,1470,2 9 12,21,1600558
1529,1466,2 9 11,21,1600558
1530,1496,7 4 7,21.5,1600549
1531,1492,7 4 6,21.5,1600549
1532,1495,7 6 5,21.5,1600549
1533,1490,7 6 4,21.5,1600549
1534,1490,11 14 7,20.5,1600543
1535,1468,2 11 10,21,1600476
1536,1492,6 11 2,21.5,1600420
1537,1487,6 11 1,21.5,1600420
1538,1466,4 14 12,20.5,1600395
1539,1490,13 13 13,20,1600390
1540,1485,13 13 12,20,1600390
1541,1494,12 11 9,20.5,1600358
1542,1490,12 11 8,20.5,1600358
1543,1467,2 7 13,21,1600312
1544,1489,3 5 3,22,1600244
1545,1493,7 2 8,21.5,1600205
1546,1493,7 8 3,21.5,1600205
1547,1486,2 0 8,22,1600192
1548,1486,2 10 0,22,1600192
1549,1490,3 3 5,22,1600158
1550,1486,3 3 4,22,1600158
1551,1494,9 13 4,21,1600141
1552,1490,9 13 3,21,1600141
1553,1497,10 2 12,21,1600076
1554,1492,10 2 11,21,1600076
1555,1495,10 10 5,21,1600076
1556,1471,2 13 9,21,1600066
1557,1467,2 13 8,21,1600066
1558,1487,5 14 0,21.5,1600057
1559,1491,12 3 15,20.5,1600023
1560,1491,3 7 2,22,1599985
1561,1486,3 7 1,22,1599985
1562,1471,5 11 14,20.5,1599921
1563,1467,5 11 13,20.5,1599921
1564,1468,5 9 15,20.5,1599840
1565,1468,2 5 15,21,1599738
1566,1492,3 1 7,22,1599726
1567,1487,3 1 6,22,1599726
1568,1473,3 8 12,21,1599705
1569,1469,3 8 11,21,1599705
1570,1471,3 10 10,21,1599705
1571,1487,14 8 15,20,1599682
1572,1490,14 10 14,20,1599682
1573,1469,5 13 12,20.5,1599678
1574,1488,13 15 11,20,1599652
1575,1483,13 15 10,20,1599652
1576,1496,13 6 12,20.5,1599606
1577,1499,13 8 11,20.5,1599606
1578,1494,13 8 10,20.5,1599606
1579,1492,12 13 7,20.5,1599604
1580,1496,11 5 8,21,1599521
1581,1495,7 0 10,21.5,1599518
1582,1490,7 0 9,21.5,1599518
1583,1495,7 10 2,21.5,1599518
1584,1490,7 10 1,21.5,1599518
1585,1499,11 7 7,21,1599435
1586,1494,11 7 6,21,1599435
1587,1497,8 5 5,21.5,1599407
1588,1493,8 5 4,21.5,1599407
1589,1489,3 9 0,22,1599381
1590,1470,3 6 13,21,1599375
1591,1474,3 12 9,21,1599375
1592,1470,3 12 8,21,1599375
1593,1493,14 12 13,20,1599352
1594,1488,14 12 12,20,1599352
1595,1469,2 15 7,21,1599327
1596,1499,8 3 7,21.5,1599321
1597,1494,8 3 6,21.5,1599321
1598,1490,6 13 0,21.5,1599307
1599,1497,13 4 14,20.5,1599270
1600,1492,13 4 13,20.5,1599270
1601,1497,13 10 9,20.5,1599270
1602,1492,13 10 8,20.5,1599270
1603,1498,11 3 10,21,1599264
1604,1493,10 0 13,21,1599225
1605,1497,10 12 4,21,1599225
1606,1492,10 12 3,21,1599225
1607,1491,4 4 3,22,1599189
1608,1469,0 8 8,21.5,1599153
1609,1495,8 7 3,21.5,1599148
1610,1472,5 15 11,20.5,1599109
1611,1468,5 15 10,20.5,1599109
1612,1474,6 10 14,20.5,1599052
1613,1469,6 10 13,20.5,1599052
1614,1493,4 2 5,22,1599015
1615,1488,4 2 4,22,1599015
1616,1494,4 6 2,22,1599015
1617,1489,4 6 1,22,1599015
1618,1497,11 9 5,21,1599008
1619,1471,0 6 10,21.5,1598986
1620,1472,0 10 7,21.5,1598986
1621,1467,0 10 6,21.5,1598986
1622,1471,6 8 15,20.5,1598889
1623,1496,8 1 8,21.5,1598889
1624,1472,6 12 12,20.5,1598889
1625,1492,9 15 2,21,1598871
1626,1487,9 15 1,21,1598871
1627,1474,4 9 10,21,1598860
1628,1476,4 7 12,21,1598777
1629,1471,4 7 11,21,1598777
1630,1471,3 4 15,21,1598716
1631,1467,3 4 14,21,1598716
1632,1472,3 14 7,21,1598716
1633,1468,3 14 6,21,1598716
1634,1491,14 14 11,20,1598692
1635,1486,14 14 10,20,1598692
1636,1499,11 1 12,21,1598666
1637,1495,11 1 11,21,1598666
1638,1477,4 11 9,21,1598612
1639,1473,4 11 8,21,1598612
1640,1494,13 2 15,20.5,1598596
1641,1495,13 12 7,20.5,1598596
1642,1498,8 9 2,21.5,1598544
1643,1493,8 9 1,21.5,1598544
1644,1495,12 15 6,20.5,1598515
1645,1490,12 15 5,20.5,1598515
1646,1495,4 0 7,22,1598495
1647,1490,4 0 6,22,1598495
1648,1492,4 8 0,22,1598495
1649,1492,15 9 14,20,1598492
1650,1472,0 4 12,21.5,1598487
1651,1468,0 4 11,21.5,1598487
1652,1470,0 12 5,21.5,1598487
1653,1493,7 12 0,21.5,1598487
1654,1489,15 7 15,20,1598410
1655,1475,6 14 11,20.5,1598400
1656,1471,6 14 10,20.5,1598400
1657,1497,14 7 10,20.5,1598364
1658,1473,4 5 13,21,1598363
1659,1472,1 7 8,21.5,1598325
1660,1498,14 5 12,20.5,1598280
1661,1495,15 11 13,20,1598244
1662,1491,15 11 12,20,1598244
1663,1475,1 9 7,21.5,1598242
1664,1470,1 9 6,21.5,1598242
1665,1500,11 11 4,21,1598239
1666,1495,11 11 3,21,1598239
1667,1499,12 4 8,21,1598212
1668,1497,12 6 6,21,1598212
1669,1500,9 4 5,21.5,1598192
1670,1495,9 4 4,21.5,1598192
1671,1477,7 9 14,20.5,1598111
1672,1472,7 9 13,20.5,1598111
1673,1500,14 9 9,20.5,1598111
1674,1495,14 9 8,20.5,1598111
1675,1474,1 5 10,21.5,1598075
1676,1469,1 5 9,21.5,1598075
1677,1494,5 3 3,22,1598058
1678,1495,10 14 2,21,1598034
1679,1490,10 14 1,21,1598034
1680,1475,4 13 7,21,1598032
1681,1471,4 13 6,21,1598032
1682,1475,7 11 12,20.5,1598029
1683,1497,9 2 6,21.5,1598019
1684,1498,9 6 3,21.5,1598019
1685,1497,5 5 2,22,1597971
1686,1492,5 5 1,22,1597971
1687,1477,5 8 10,21,1597942
1688,1466,8 13 15,20,1597880
1689,1500,12 2 10,21,1597869
1690,1500,12 8 5,21,1597869
1691,1474,7 7 15,20.5,1597865
1692,1500,14 3 14,20.5,1597857
1693,1495,14 3 13,20.5,1597857
1694,1473,1 11 5,21.5,1597824
1695,1468,1 11 4,21.5,1597824
1696,1496,5 1 5,22,1597797
1697,1491,5 1 4,22,1597797
1698,1479,5 6 12,21,1597776
1699,1474,5 6 11,21,1597776
1700,1480,5 10 9,21,1597776
1701,1476,5 10 8,21,1597776
1702,1494,15 13 11,20,1597664
1703,1489,15 13 10,20,1597664
1704,1469,0 2 13,21.5,1597654
1705,1468,0 14 3,21.5,1597654
1706,1478,7 13 11,20.5,1597619
1707,1474,7 13 10,20.5,1597619
1708,1474,4 3 15,21,1597618
1709,1470,4 3 14,21,1597618
1710,1496,8 11 0,21.5,1597595
1711,1498,13 14 6,20.5,1597587
1712,1493,13 14 5,20.5,1597587
1713,1489,0 3 2,22.5,1597577
1714,1484,0 3 1,22.5,1597577
1715,1495,5 7 0,22,1597535
1716,1498,14 11 7,20.5,1597519
1717,1499,9 0 8,21.5,1597498
1718,1496,9 8 1,21.5,1597498
1719,1487,0 5 0,22.5,1597490
1720,1475,1 3 12,21.5,1597489
1721,1471,1 3 11,21.5,1597489
1722,1469,8 15 14,20,1597478
1723,1475,2 6 8,21.5,1597423
1724,1478,2 8 7,21.5,1597423
1725,1473,2 8 6,21.5,1597423
1726,1486,0 1 3,22.5,1597316
1727,1476,5 4 13,21,1597277
1728,1478,5 12 7,21,1597277
1729,1474,5 12 6,21,1597277
1730,1497,12 0 11,21,1597182
1731,1498,12 10 3,21,1597182
1732,1498,11 13 2,21,1597128
1733,1493,11 13 1,21,1597128
1734,1473,4 15 5,21,1597121
1735,1496,14 1 15,20.5,1597097
1736,1480,8 8 14,20.5,1597097
1737,1475,8 8 13,20.5,1597097
1738,1478,8 10 12,20.5,1597097
1739,1477,2 4 10,21.5,1597087
1740,1472,2 4 9,21.5,1597087
1741,1476,2 10 5,21.5,1597087
1742,1471,2 10 4,21.5,1597087
1743,1471,1 13 3,21.5,1597071
1744,1499,15 6 10,20.5,1597051
1745,1469,9 12 15,20,1596996
1746,1480,6 7 10,21,1596951
1747,1500,13 5 6,21,1596917
1748,1498,10 3 4,21.5,1596903
1749,1498,15 8 8,20.5,1596882
1750,1476,7 15 9,20.5,1596882
1751,1472,7 15 8,20.5,1596882
1752,1483,6 9 9,21,1596867
1753,1478,6 9 8,21,1596867
1754,1497,6 2 3,22,1596852
1755,1500,6 4 2,22,1596852
1756,1495,6 4 1,22,1596852
1757,1477,8 6 15,20.5,1596767
1758,1481,8 12 11,20.5,1596767
1759,1476,8 12 10,20.5,1596767
1760,1492,15 15 9,20,1596754
1761,1482,6 5 12,21,1596700
1762,1477,6 5 11,21,1596700
1763,1472,9 14 14,20,1596674
1764,1500,10 1 6,21.5,1596642
1765,1499,9 10 0,21.5,1596631
1766,1496,14 13 5,20.5,1596590
1767,1472,1 1 13,21.5,1596569
1768,1492,1 2 2,22.5,1596537
1769,1487,1 2 1,22.5,1596537
1770,1490,1 4 0,22.5,1596537
1771,1481,3 7 7,21.5,1596530
1772,1476,3 7 6,21.5,1596530
1773,1499,6 0 5,22,1596502
1774,1494,6 0 4,22,1596502
1775,1498,6 6 0,22,1596502
1776,1470,0 0 15,21.5,1596489
1777,1481,6 11 7,21,1596449
1778,1477,6 11 6,21,1596449
1779,1478,3 5 8,21.5,1596446
1780,1477,5 2 15,21,1596445
1781,1472,5 2 14,21,1596445
1782,1476,5 14 5,21,1596445
1783,1478,2 2 12,21.5,1596415
1784,1474,2 2 11,21.5,1596415
1785,1474,2 12 3,21.5,1596415
1786,1499,10 7 1,21.5,1596380
1787,1498,15 2 13,20.5,1596372
1788,1479,3 9 5,21.5,1596277
1789,1474,3 9 4,21.5,1596277
1790,1489,1 0 3,22.5,1596187
1791,1496,12 12 1,21,1596152
1792,1479,6 3 13,21,1596115
1793,1479,8 14 9,20.5,1596109
1794,1475,8 14 8,20.5,1596109
1795,1481,9 9 12,20.5,1596093
1796,1472,10 11 15,20,1596042
1797,1480,3 3 10,21.5,1596024
1798,1475,3 3 9,21.5,1596024
1799,1482,9 7 14,20.5,1596010
1800,1478,9 7 13,20.5,1596010
1801,1474,1 15 2,21.5,1595984
1802,1469,1 15 1,21.5,1595984
1803,1483,7 6 10,21,1595886
1804,1486,7 8 9,21,1595886
1805,1481,7 8 8,21,1595886
1806,1484,9 11 11,20.5,1595845
1807,1479,9 11 10,20.5,1595845
1808,1475,10 13 14,20,1595799
1809,1479,6 13 5,21,1595697
1810,1477,3 11 3,21.5,1595686
1811,1495,11 15 0,21,1595676
1812,1498,7 3 1,22,1595659
1813,1479,9 5 15,20.5,1595597
1814,1500,7 1 3,22,1595571
1815,1484,4 6 7,21.5,1595562
1816,1479,4 6 6,21.5,1595562
1817,1484,7 4 12,21,1595550
1818,1480,7 4 11,21,1595550
1819,1484,7 10 7,21,1595550
1820,1479,7 10 6,21,1595550
1821,1499,15 0 15,20.5,1595524
1822,1499,15 12 5,20.5,1595524
1823,1493,2 3 0,22.5,1595507
1824,1495,2 1 2,22.5,1595419
1825,1490,2 1 1,22.5,1595419
1826,1475,2 0 13,21.5,1595407
1827,1477,2 14 2,21.5,1595407
1828,1472,2 14 1,21.5,1595407
1829,1481,4 4 8,21.5,1595393
1830,1482,4 8 5,21.5,1595393
1831,1477,4 8 4,21.5,1595393
1832,1498,14 15 4,20.5,1595322
1833,1494,14 15 3,20.5,1595322
1834,1482,9 13 9,20.5,1595266
1835,1477,9 13 8,20.5,1595266
1836,1481,3 1 12,21.5,1595264
1837,1476,3 1 11,21.5,1595264
1838,1478,10 15 13,20,1595232
1839,1473,10 15 12,20,1595232
1840,1480,6 1 15,21,1595196
1841,1475,6 1 14,21,1595196
1842,1499,13 11 1,21,1595107
1843,1475,11 10 15,20,1595018
1844,1484,10 8 12,20.5,1595017
1845,1482,4 2 10,21.5,1594884
1846,1478,4 2 9,21.5,1594884
1847,1480,4 10 3,21.5,1594884
1848,1481,7 2 13,21,1594878
1849,1482,7 12 5,21,1594878
1850,1478,0 5 5,22,1594865
1851,1473,0 5 4,22,1594865
1852,1478,11 12 14,20,1594855
1853,1485,10 6 14,20.5,1594851
1854,1481,10 6 13,20.5,1594851
1855,1487,10 10 11,20.5,1594851
1856,1482,10 10 10,20.5,1594851
1857,1489,8 7 9,21,1594831
1858,1484,8 7 8,21,1594831
1859,1476,0 7 3,22,1594779
1860,1498,12 14 0,21,1594779
1861,1480,3 13 2,21.5,1594757
1862,1475,3 13 1,21.5,1594757
1863,1486,8 5 10,21,1594747
1864,1482,6 15 4,21,1594611
1865,1477,6 15 3,21,1594611
1866,1479,0 3 7,22,1594609
1867,1475,0 3 6,22,1594609
1868,1487,8 9 7,21,1594579
1869,1482,8 9 6,21,1594579
1870,1487,5 5 7,21.5,1594520
1871,1482,5 5 6,21.5,1594520
1872,1485,5 7 5,21.5,1594435
1873,1480,5 7 4,21.5,1594435
1874,1496,3 2 0,22.5,1594401
1875,1481,11 14 13,20,1594367
1876,1476,11 14 12,20,1594367
1877,1480,9 15 7,20.5,1594357
1878,1482,10 4 15,20.5,1594353
1879,1485,10 12 9,20.5,1594353
1880,1480,10 12 8,20.5,1594353
1881,1479,0 9 2,22,1594353
1882,1474,0 9 1,22,1594353
1883,1496,15 14 3,20.5,1594336
1884,1487,8 3 12,21,1594326
1885,1483,8 3 11,21,1594326
1886,1484,5 3 8,21.5,1594265
1887,1498,3 0 2,22.5,1594224
1888,1493,3 0 1,22.5,1594224
1889,1484,4 0 12,21.5,1594036
1890,1479,4 0 11,21.5,1594036
1891,1483,4 12 2,21.5,1594036
1892,1478,4 12 1,21.5,1594036
1893,1476,0 1 8,22,1594013
1894,1483,5 9 3,21.5,1594009
1895,1485,8 11 5,21,1593988
1896,1477,12 9 15,20,1593923
1897,1481,1 4 5,22,1593913
1898,1476,1 4 4,22,1593913
1899,1479,1 6 3,22,1593913
1900,1482,7 0 15,21,1593871
1901,1478,7 0 14,21,1593871
1902,1485,7 14 4,21,1593871
1903,1480,7 14 3,21,1593871
1904,1486,11 7 12,20.5,1593870
1905,1480,12 11 14,20,1593841
1906,1489,11 9 11,20.5,1593787
1907,1485,11 9 10,20.5,1593787
1908,1492,9 6 9,21,1593705
1909,1487,9 6 8,21,1593705
1910,1485,5 1 10,21.5,1593669
1911,1481,5 1 9,21.5,1593669
1912,1488,11 5 14,20.5,1593620
1913,1483,11 5 13,20.5,1593620
1914,1476,0 11 0,22,1593587
1915,1482,1 2 7,22,1593570
1916,1478,1 2 6,22,1593570
1917,1482,1 8 2,22,1593570
1918,1477,1 8 1,22,1593570
1919,1484,8 1 13,21,1593567
1920,1489,9 4 10,21,1593535
1921,1490,9 8 7,21,1593535
1922,1485,9 8 6,21,1593535
1923,1483,10 14 7,20.5,1593523
1924,1477,3 15 0,21.5,1593491
1925,1483,12 13 13,20,1593432
1926,1479,12 13 12,20,1593432
1927,1490,6 4 7,21.5,1593404
1928,1485,6 4 6,21.5,1593404
1929,1488,6 6 5,21.5,1593404
1930,1483,6 6 4,21.5,1593404
1931,1488,11 11 9,20.5,1593370
1932,1483,11 11 8,20.5,1593370
1933,1486,5 11 2,21.5,1593243
1934,1481,5 11 1,21.5,1593243
1935,1499,4 1 0,22.5,1593218
1936,1487,6 2 8,21.5,1593062
1937,1486,6 8 3,21.5,1593062
1938,1488,8 13 4,21,1593061
1939,1483,8 13 3,21,1593061
1940,1485,11 3 15,20.5,1593036
1941,1490,9 2 12,21,1593027
1942,1485,9 2 11,21,1593027
1943,1488,9 10 5,21,1593027
1944,1482,2 5 3,22,1592970
1945,1479,1 0 8,22,1592886
1946,1479,1 10 0,22,1592886
1947,1484,2 3 5,22,1592884
1948,1479,2 3 4,22,1592884
1949,1480,4 14 0,21.5,1592849
1950,1480,13 8 15,20,1592757
1951,1483,13 10 14,20,1592757
1952,1485,2 7 2,22,1592712
1953,1480,2 7 1,22,1592712
1954,1482,12 15 11,20,1592697
1955,1477,12 15 10,20,1592697
1956,1489,12 6 12,20.5,1592651
1957,1492,12 8 11,20.5,1592651
1958,1488,12 8 10,20.5,1592651
1959,1486,11 13 7,20.5,1592619
1960,1494,10 5 9,21,1592505
1961,1490,10 5 8,21,1592505
1962,1485,2 1 7,22,1592455
1963,1481,2 1 6,22,1592455
1964,1466,2 8 12,21,1592434
1965,1486,13 12 13,20,1592428
1966,1482,13 12 12,20,1592428
1967,1493,10 7 7,21,1592420
1968,1488,10 7 6,21,1592420
1969,1488,6 0 10,21.5,1592377
1970,1483,6 0 9,21.5,1592377
1971,1489,6 10 2,21.5,1592377
1972,1484,6 10 1,21.5,1592377
1973,1491,12 4 14,20.5,1592316
1974,1486,12 4 13,20.5,1592316
1975,1491,12 10 9,20.5,1592316
1976,1486,12 10 8,20.5,1592316
1977,1491,7 5 5,21.5,1592299
1978,1486,7 5 4,21.5,1592299
1979,1491,10 3 10,21,1592250
1980,1492,7 3 7,21.5,1592213
1981,1488,7 3 6,21.5,1592213
1982,1487,9 0 13,21,1592180
1983,1491,9 12 4,21,1592180
1984,1486,9 12 3,21,1592180
1985,1483,5 13 0,21.5,1592135
1986,1482,2 9 0,22,1592111
1987,1468,2 12 9,21,1592105
1988,1489,7 7 3,21.5,1592041
1989,1491,10 9 5,21,1591995
1990,1485,3 4 3,22,1591953
1991,1466,4 15 11,20.5,1591906
1992,1467,5 10 14,20.5,1591882
1993,1485,8 15 2,21,1591796
1994,1481,8 15 1,21,1591796
1995,1489,7 1 8,21.5,1591783
1996,1486,3 2 5,22,1591780
1997,1482,3 2 4,22,1591780
1998,1488,3 6 2,22,1591780
1999,1483,3 6 1,22,1591780
2000,1484,13 14 11,20,1591772
2001,1480,13 14 10,20,1591772
2002,1466,5 12 12,20.5,1591719
2003,1493,10 1 12,21,1591654
2004,1488,10 1 11,21,1591654
2005,1487,12 2 15,20.5,1591646
2006,1489,12 12 7,20.5,1591646
2007,1468,3 9 10,21,1591626
2008,1486,14 9 14,20,1591602
2009,1469,3 7 12,21,1591543
2010,1488,11 15 6,20.5,1591535
2011,1484,11 15 5,20.5,1591535
2012,1483,14 7 15,20,1591520
2013,1466,2 14 7,21,1591449
2014,1495,13 7 11,20.5,1591445
2015,1490,13 7 10,20.5,1591445
2016,1492,7 9 2,21.5,1591440
2017,1487,7 9 1,21.5,1591440
2018,1471,3 11 9,21,1591378
2019,1466,3 11 8,21,1591378
2020,1492,13 5 12,20.5,1591361
2021,1489,14 11 13,20,1591355
2022,1484,14 11 12,20,1591355
2023,1486,6 12 0,21.5,1591351
2024,1488,3 0 7,22,1591262
2025,1483,3 0 6,22,1591262
2026,1485,3 8 0,22,1591262
2027,1497,11 4 9,21,1591233
2028,1492,11 4 8,21,1591233
2029,1495,11 6 7,21,1591233
2030,1491,11 6 6,21,1591233
2031,1469,5 14 11,20.5,1591232
2032,1493,10 11 4,21,1591229
2033,1489,10 11 3,21,1591229
2034,1493,13 9 9,20.5,1591192
2035,1489,13 9 8,20.5,1591192
2036,1466,3 5 13,21,1591131
2037,1493,8 4 5,21.5,1591120
2038,1489,8 4 4,21.5,1591120
2039,1488,9 14 2,21,1590995
2040,1483,9 14 1,21,1590995
2041,1470,6 9 14,20.5,1590976
2042,1466,6 9 13,20.5,1590976
2043,1495,8 2 7,21.5,1590948
2044,1490,8 2 6,21.5,1590948
2045,1492,8 6 3,21.5,1590948
2046,1493,13 3 14,20.5,1590940
2047,1489,13 3 13,20.5,1590940
2048,1468,0 9 7,21.5,1590910
2049,1469,6 11 12,20.5,1590895
2050,1494,11 2 10,21,1590891
2051,1494,11 8 5,21,1590891
2052,1488,4 3 3,22,1590860
2053,1469,3 13 7,21,1590801
2054,1487,14 13 11,20,1590778
2055,1483,14 13 10,20,1590778
2056,1490,4 5 2,22,1590773
2057,1486,4 5 1,22,1590773
2058,1467,0 5 10,21.5,1590744
2059,1471,4 8 10,21,1590744
2060,1467,6 7 15,20.5,1590732
2061,1491,12 14 6,20.5,1590641
2062,1487,12 14 5,20.5,1590641
2063,1491,13 11 7,20.5,1590603
2064,1489,4 1 5,22,1590600
2065,1484,4 1 4,22,1590600
2066,1472,4 6 12,21,1590579
2067,1468,4 6 11,21,1590579
2068,1474,4 10 9,21,1590579
2069,1469,4 10 8,21,1590579
2070,1466,0 11 5,21.5,1590494
2071,1489,7 11 0,21.5,1590494
2072,1472,6 13 11,20.5,1590487
2073,1467,6 13 10,20.5,1590487
2074,1492,8 0 8,21.5,1590430
2075,1494,8 8 2,21.5,1590430
2076,1489,8 8 1,21.5,1590430
2077,1467,3 3 15,21,1590389
2078,1488,15 8 14,20,1590378
2079,1488,4 7 0,22,1590339
2080,1485,15 6 15,20,1590213
2081,1492,15 10 13,20,1590213
2082,1487,15 10 12,20,1590213
2083,1495,11 0 12,21,1590208
2084,1491,11 0 11,21,1590208
2085,1496,11 10 4,21,1590208
2086,1491,11 10 3,21,1590208
2087,1490,13 1 15,20.5,1590183
2088,1498,14 6 11,20.5,1590167
2089,1493,14 6 10,20.5,1590167
2090,1468,0 3 12,21.5,1590161
2091,1468,1 6 8,21.5,1590129
2092,1471,1 8 7,21.5,1590129
2093,1467,1 8 6,21.5,1590129
2094,1491,10 13 2,21,1590123
2095,1486,10 13 1,21,1590123
2096,1469,4 4 13,21,1590082
2097,1472,4 12 7,21,1590082
2098,1467,4 12 6,21,1590082
2099,1473,7 8 14,20.5,1589998
2100,1469,7 8 13,20.5,1589998
2101,1494,14 4 12,20.5,1589998
2102,1472,7 10 12,20.5,1589998
2103,1496,14 8 9,20.5,1589998
2104,1491,14 8 8,20.5,1589998
2105,1498,12 5 7,21,1589974
2106,1493,12 5 6,21,1589974
2107,1467,3 15 5,21,1589894
2108,1500,12 3 9,21,1589888
2109,1495,12 3 8,21,1589888
2110,1485,14 15 9,20,1589871
2111,1496,9 3 5,21.5,1589868
2112,1491,9 3 4,21.5,1589868
2113,1470,1 4 10,21.5,1589794
2114,1469,1 10 5,21.5,1589794
2115,1474,5 7 10,21,1589789
2116,1494,9 5 3,21.5,1589781
2117,1470,6 15 9,20.5,1589753
2118,1465,6 15 8,20.5,1589753
2119,1490,15 12 11,20,1589716
2120,1485,15 12 10,20,1589716
2121,1496,12 7 5,21,1589716
2122,1476,5 9 9,21,1589706
2123,1472,5 9 8,21,1589706
2124,1490,5 2 3,22,1589691
2125,1493,5 4 2,22,1589691
2126,1488,5 4 1,22,1589691
2127,1494,13 13 6,20.5,1589678
2128,1489,13 13 5,20.5,1589678
2129,1470,7 6 15,20.5,1589671
2130,1474,7 12 11,20.5,1589671
2131,1470,7 12 10,20.5,1589671
2132,1481,15 15 15,19.5,1589625
2133,1477,15 15 14,19.5,1589625
2134,1465,8 14 14,20,1589609
2135,1498,9 1 7,21.5,1589608
2136,1493,9 1 6,21.5,1589608
2137,1492,8 10 0,21.5,1589567
2138,1475,5 5 12,21,1589540
2139,1471,5 5 11,21,1589540
2140,1496,14 2 14,20.5,1589491
2141,1491,14 2 13,20.5,1589491
2142,1494,14 10 7,20.5,1589491
2143,1496,12 1 10,21,1589459
2144,1497,9 7 2,21.5,1589348
2145,1492,9 7 1,21.5,1589348
2146,1492,5 0 5,22,1589343
2147,1487,5 0 4,22,1589343
2148,1491,5 6 0,22,1589343
2149,1475,5 11 7,21,1589290
2150,1470,5 11 6,21,1589290
2151,1474,2 7 7,21.5,1589273
2152,1470,2 7 6,21.5,1589273
2153,1470,4 2 15,21,1589254
2154,1466,4 2 14,21,1589254
2155,1470,4 14 5,21,1589254
2156,1485,0 2 2,22.5,1589213
2157,1480,0 2 1,22.5,1589213
2158,1483,0 4 0,22.5,1589213
2159,1471,2 5 8,21.5,1589189
2160,1494,11 12 2,21,1589182
2161,1489,11 12 1,21,1589182
2162,1471,1 2 12,21.5,1589125
2163,1467,1 2 11,21.5,1589125
2164,1467,1 12 3,21.5,1589125
2165,1499,12 9 4,21,1589116
2166,1494,12 9 3,21,1589116
2167,1474,8 9 12,20.5,1589031
2168,1472,2 9 5,21.5,1589021
2169,1468,2 9 4,21.5,1589021
2170,1473,7 14 9,20.5,1589015
2171,1468,7 14 8,20.5,1589015
2172,1465,9 11 15,20,1589011
2173,1472,5 3 13,21,1588957
2174,1476,8 7 14,20.5,1588948
2175,1471,8 7 13,20.5,1588948
2176,1488,15 14 9,20,1588888
2177,1482,0 0 3,22.5,1588865
2178,1500,15 5 11,20.5,1588819
2179,1496,15 5 10,20.5,1588819
2180,1477,8 11 11,20.5,1588784
2181,1473,8 11 10,20.5,1588784
2182,1473,2 3 10,21.5,1588769
2183,1468,2 3 9,21.5,1588769
2184,1468,9 13 14,20,1588769
2185,1476,6 6 10,21,1588761
2186,1479,6 8 9,21,1588761
2187,1475,6 8 8,21,1588761
2188,1499,15 7 9,20.5,1588734
2189,1494,15 7 8,20.5,1588734
2190,1489,10 15 0,21,1588677
2191,1467,0 15 2,21.5,1588663
2192,1492,14 0 15,20.5,1588646
2193,1497,14 12 6,20.5,1588646
2194,1492,14 12 5,20.5,1588646
2195,1496,13 4 6,21,1588643
2196,1495,9 9 0,21.5,1588567
2197,1497,15 3 12,20.5,1588564
2198,1499,10 2 5,21.5,1588542
2199,1494,10 2 4,21.5,1588542
2200,1497,10 4 3,21.5,1588542
2201,1473,5 13 5,21,1588542
2202,1473,8 5 15,20.5,1588537
2203,1496,6 3 2,22,1588535
2204,1491,6 3 1,22,1588535
2205,1498,13 2 8,21,1588470
2206,1499,13 6 5,21,1588470
2207,1493,6 1 3,22,1588448
2208,1470,2 11 3,21.5,1588433
2209,1478,6 4 12,21,1588427
2210,1473,6 4 11,21,1588427
2211,1478,6 10 7,21,1588427
2212,1473,6 10 6,21,1588427
2213,1492,13 15 4,20.5,1588416
2214,1487,13 15 3,20.5,1588416
2215,1477,3 6 7,21.5,1588343
2216,1473,3 6 6,21.5,1588343
2217,1497,15 9 7,20.5,1588310
2218,1494,6 5 0,22,1588273
2219,1486,1 3 0,22.5,1588221
2220,1476,8 13 9,20.5,1588207
2221,1471,8 13 8,20.5,1588207
2222,1471,9 15 13,20,1588205
2223,1467,9 15 12,20,1588205
2224,1496,10 0 6,21.5,1588194
2225,1500,10 6 2,21.5,1588194
2226,1495,10 6 1,21.5,1588194
2227,1474,3 4 8,21.5,1588174
2228,1475,3 8 5,21.5,1588174
2229,1471,3 8 4,21.5,1588174
2230,1497,12 11 2,21,1588172
2231,1492,12 11 1,21,1588172
2232,1488,1 1 2,22.5,1588134
2233,1483,1 1 1,22.5,1588134
2234,1468,1 0 13,21.5,1588122
2235,1470,1 14 2,21.5,1588122
2236,1473,5 1 15,21,1588042
2237,1469,5 1 14,21,1588042
2238,1468,10 10 15,20,1588022
2239,1474,2 1 12,21.5,1588013
2240,1470,2 1 11,21.5,1588013
2241,1477,9 8 12,20.5,1587991
2242,1498,15 1 14,20.5,1587970
2243,1494,15 1 13,20.5,1587970
2244,1499,13 0 10,21,1587953
2245,1497,13 8 3,21,1587953
2246,1471,10 12 14,20,1587860
2247,1479,9 6 14,20.5,1587826
2248,1474,9 6 13,20.5,1587826
2249,1480,9 10 11,20.5,1587826
2250,1476,9 10 10,20.5,1587826
2251,1492,11 14 0,21,1587815
2252,1475,6 2 13,21,1587758
2253,1476,6 12 5,21,1587758
2254,1482,7 7 9,21,1587743
2255,1478,7 7 8,21,1587743
2256,1476,3 2 10,21.5,1587667
2257,1471,3 2 9,21.5,1587667
2258,1473,3 10 3,21.5,1587667
2259,1479,7 5 10,21,1587659
2260,1500,15 11 6,20.5,1587546
2261,1495,15 11 5,20.5,1587546
2262,1473,2 13 2,21.5,1587509
2263,1468,2 13 1,21.5,1587509
2264,1498,10 8 0,21.5,1587497
2265,1480,7 9 7,21,1587491
2266,1476,7 9 6,21,1587491
2267,1495,14 14 4,20.5,1587463
2268,1490,14 14 3,20.5,1587463
2269,1475,5 15 4,21,1587460
2270,1470,5 15 3,21,1587460
2271,1474,10 14 13,20,1587374
2272,1470,10 14 12,20,1587374
2273,1480,4 5 7,21.5,1587338
2274,1475,4 5 6,21.5,1587338
2275,1475,9 4 15,20.5,1587329
2276,1478,9 12 9,20.5,1587329
2277,1474,9 12 8,20.5,1587329
2278,1499,7 2 2,22,1587305
2279,1494,7 2 1,22,1587305
2280,1474,8 15 7,20.5,1587302
2281,1478,4 7 5,21.5,1587253
2282,1474,4 7 4,21.5,1587253
2283,1481,7 3 12,21,1587240
2284,1476,7 3 11,21,1587240
2285,1499,14 3 6,21,1587240
2286,1500,11 3 3,21.5,1587230
2287,1489,2 2 0,22.5,1587153
2288,1497,11 1 4,21.5,1587143
2289,1496,7 0 3,22,1587129
2290,1497,7 4 0,22,1587129
2291,1500,13 10 2,21,1587091
2292,1495,13 10 1,21,1587091
2293,1477,4 3 8,21.5,1587083
2294,1500,14 1 8,21,1586980
2295,1491,2 0 2,22.5,1586977
2296,1486,2 0 1,22.5,1586977
2297,1498,11 5 1,21.5,1586968
2298,1471,11 9 15,20,1586962
2299,1478,7 11 5,21,1586904
2300,1495,12 13 0,21,1586884
2301,1474,11 11 14,20,1586881
2302,1480,10 7 12,20.5,1586880
2303,1476,4 9 3,21.5,1586829
2304,1477,3 0 12,21.5,1586823
2305,1473,3 0 11,21.5,1586823
2306,1476,3 12 2,21.5,1586823
2307,1471,3 12 1,21.5,1586823
2308,1483,10 9 11,20.5,1586796
2309,1478,10 9 10,20.5,1586796
2310,1476,6 0 15,21,1586756
2311,1471,6 0 14,21,1586756
2312,1478,6 14 4,21,1586756
2313,1473,6 14 3,21,1586756
2314,1500,14 7 3,21,1586720
2315,1485,8 6 9,21,1586653
2316,1480,8 6 8,21,1586653
2317,1481,10 5 14,20.5,1586630
2318,1477,10 5 13,20.5,1586630
2319,1474,0 4 5,22,1586601
2320,1469,0 4 4,22,1586601
2321,1472,0 6 3,22,1586601
2322,1476,9 14 7,20.5,1586503
2323,1479,4 1 10,21.5,1586490
2324,1474,4 1 9,21.5,1586490
2325,1477,7 1 13,21,1586484
2326,1482,8 4 10,21,1586484
2327,1483,8 8 7,21,1586484
2328,1479,8 8 6,21,1586484
2329,1477,11 13 13,20,1586474
2330,1472,11 13 12,20,1586474
2331,1497,15 13 4,20.5,1586443
2332,1493,15 13 3,20.5,1586443
2333,1481,10 11 9,20.5,1586381
2334,1477,10 11 8,20.5,1586381
2335,1476,0 2 7,22,1586260
2336,1471,0 2 6,22,1586260
2337,1475,0 8 2,22,1586260
2338,1470,0 8 1,22,1586260
2339,1483,5 4 7,21.5,1586259
2340,1478,5 4 6,21.5,1586259
2341,1481,5 6 5,21.5,1586259
2342,1476,5 6 4,21.5,1586259
2343,1471,2 15 0,21.5,1586248
2344,1479,4 11 2,21.5,1586066
2345,1474,4 11 1,21.5,1586066
2346,1478,10 3 15,20.5,1586049
2347,1492,3 1 0,22.5,1586009
2348,1497,8 1 1,22,1585999
2349,1481,7 13 4,21,1585981
2350,1476,7 13 3,21,1585981
2351,1483,8 2 12,21,1585978
2352,1479,8 2 11,21,1585978
2353,1481,8 10 5,21,1585978
2354,1497,14 9 1,21,1585941
2355,1480,5 2 8,21.5,1585918
2356,1479,5 8 3,21.5,1585918
2357,1500,8 3 0,22,1585911
2358,1497,13 12 0,21,1585885
2359,1474,12 8 15,20,1585832
2360,1477,12 10 14,20,1585832
2361,1475,11 15 11,20,1585742
2362,1471,11 15 10,20,1585742
2363,1475,1 5 3,22,1585697
2364,1483,11 6 12,20.5,1585696
2365,1486,11 8 11,20.5,1585696
2366,1481,11 8 10,20.5,1585696
2367,1499,12 0 4,21.5,1585669
2368,1500,12 4 1,21.5,1585669
2369,1474,3 14 0,21.5,1585642
2370,1479,10 13 7,20.5,1585634
2371,1477,1 3 5,22,1585611
2372,1472,1 3 4,22,1585611
2373,1472,0 0 8,22,1585579
2374,1473,0 10 0,22,1585579
2375,1480,12 12 13,20,1585505
2376,1475,12 12 12,20,1585505
2377,1488,9 5 9,21,1585490
2378,1483,9 5 8,21,1585490
2379,1478,1 7 2,22,1585440
2380,1473,1 7 1,22,1585440
2381,1486,9 7 7,21,1585405
2382,1481,9 7 6,21,1585405
2383,1484,11 4 14,20.5,1585363
2384,1480,11 4 13,20.5,1585363
2385,1484,11 10 9,20.5,1585363
2386,1479,11 10 8,20.5,1585363
2387,1481,5 0 10,21.5,1585236
2388,1477,5 0 9,21.5,1585236
2389,1485,9 3 10,21,1585236
2390,1482,5 10 2,21.5,1585236
2391,1477,5 10 1,21.5,1585236
2392,1484,6 5 5,21.5,1585190
2393,1479,6 5 4,21.5,1585190
2394,1478,1 1 7,22,1585183
2395,1474,1 1 6,22,1585183
2396,1480,8 0 13,21,1585135
2397,1484,8 12 4,21,1585135
2398,1479,8 12 3,21,1585135
2399,1486,6 3 7,21.5,1585105
2400,1481,6 3 6,21.5,1585105
2401,1495,15 15 2,20.5,1585000
2402,1484,9 9 5,21,1584982
2403,1477,4 13 0,21.5,1584964
2404,1482,6 7 3,21.5,1584934
2405,1478,12 14 11,20,1584851
2406,1473,12 14 10,20,1584851
2407,1476,1 9 0,22,1584841
2408,1500,14 11 0,21,1584816
2409,1495,4 0 0,22.5,1584788
2410,1500,15 8 1,21,1584721
2411,1479,7 15 2,21,1584721
2412,1474,7 15 1,21,1584721
2413,1478,2 4 3,22,1584717
2414,1479,13 9 14,20,1584712
2415,1481,11 2 15,20.5,1584696
2416,1482,11 12 7,20.5,1584696
2417,1483,6 1 8,21.5,1584677
2418,1486,9 1 12,21,1584643
2419,1481,9 1 11,21,1584643
2420,1476,13 7 15,20,1584630
2421,1499,9 0 1,22,1584619
2422,1482,10 15 6,20.5,1584554
2423,1477,10 15 5,20.5,1584554
2424,1480,2 2 5,22,1584545
2425,1475,2 2 4,22,1584545
2426,1481,2 6 2,22,1584545
2427,1476,2 6 1,22,1584545
2428,1488,12 7 11,20.5,1584526
2429,1484,12 7 10,20.5,1584526
2430,1482,13 11 13,20,1584466
2431,1478,13 11 12,20,1584466
2432,1485,12 5 12,20.5,1584442
2433,1485,6 9 2,21.5,1584335
2434,1480,6 9 1,21.5,1584335
2435,1487,12 9 9,20.5,1584274
2436,1482,12 9 8,20.5,1584274
2437,1490,10 4 9,21,1584254
2438,1486,10 4 8,21,1584254
2439,1489,10 6 7,21,1584254
2440,1484,10 6 6,21,1584254
2441,1487,9 11 4,21,1584219
2442,1482,9 11 3,21,1584219
2443,1480,5 12 0,21.5,1584214
2444,1487,7 4 5,21.5,1584049
2445,1482,7 4 4,21.5,1584049
2446,1481,2 0 7,22,1584029
2447,1477,2 0 6,22,1584029
2448,1479,2 8 0,22,1584029
2449,1487,12 3 14,20.5,1584023
2450,1482,12 3 13,20.5,1584023
2451,1482,8 14 2,21,1583955
2452,1477,8 14 1,21,1583955
2453,1487,10 2 10,21,1583914
2454,1487,10 8 5,21,1583914
2455,1481,13 13 11,20,1583891
2456,1476,13 13 10,20,1583891
2457,1489,7 2 7,21.5,1583877
2458,1484,7 2 6,21.5,1583877
2459,1485,7 6 3,21.5,1583877
2460,1485,11 14 6,20.5,1583695
2461,1480,11 14 5,20.5,1583695
2462,1485,12 11 7,20.5,1583688
2463,1481,3 3 3,22,1583661
2464,1484,3 5 2,22,1583575
2465,1479,3 5 1,22,1583575
2466,1482,14 8 14,20,1583523
2467,1483,3 1 5,22,1583402
2468,1478,3 1 4,22,1583402
2469,1483,6 11 0,21.5,1583394
2470,1467,3 10 9,21,1583381
2471,1485,7 0 8,21.5,1583361
2472,1488,7 8 2,21.5,1583361
2473,1483,7 8 1,21.5,1583361
2474,1479,14 6 15,20,1583358
2475,1485,14 10 13,20,1583358
2476,1481,14 10 12,20,1583358
2477,1465,5 13 11,20.5,1583355
2478,1491,13 6 11,20.5,1583284
2479,1486,13 6 10,20.5,1583284
2480,1483,12 1 15,20.5,1583269
2481,1489,10 0 12,21,1583233
2482,1484,10 0 11,21,1583233
2483,1490,10 10 4,21,1583233
2484,1485,10 10 3,21,1583233
2485,1482,3 7 0,22,1583143
2486,1485,9 13 2,21,1583118
2487,1480,9 13 1,21,1583118
2488,1488,13 4 12,20.5,1583115
2489,1489,13 8 9,20.5,1583115
2490,1485,13 8 8,20.5,1583115
2491,1491,11 5 7,21,1583031
2492,1487,11 5 6,21,1583031
2493,1479,13 15 9,20,1582989
2494,1493,11 3 9,21,1582945
2495,1488,11 3 8,21,1582945
2496,1467,6 8 14,20.5,1582900
2497,1465,6 10 12,20.5,1582900
2498,1483,14 12 11,20,1582864
2499,1479,14 12 10,20,1582864
2500,1490,8 3 5,21.5,1582833
2501,1485,8 3 4,21.5,1582833
2502,1490,11 7 5,21,1582774
2503,1475,14 15 15,19.5,1582773
2504,1471,14 15 14,19.5,1582773
2505,1488,12 13 6,20.5,1582766
2506,1483,12 13 5,20.5,1582766
2507,1488,8 5 3,21.5,1582747
2508,1467,4 7 10,21,1582628
2509,1489,13 2 14,20.5,1582611
2510,1485,13 2 13,20.5,1582611
2511,1488,13 10 7,20.5,1582611
2512,1491,8 1 7,21.5,1582574
2513,1487,8 1 6,21.5,1582574
2514,1468,6 12 11,20.5,1582574
2515,1470,4 9 9,21,1582545
2516,1484,4 2 3,22,1582531
2517,1487,4 4 2,22,1582531
2518,1482,4 4 1,22,1582531
2519,1490,11 1 10,21,1582518
2520,1485,7 10 0,21.5,1582502
2521,1468,4 5 12,21,1582380
2522,1491,8 7 2,21.5,1582315
2523,1486,8 7 1,21.5,1582315
2524,1485,15 7 14,20,1582264
2525,1488,10 12 2,21,1582212
2526,1483,10 12 1,21,1582212
2527,1485,4 0 5,22,1582184
2528,1481,4 0 4,22,1582184
2529,1484,4 6 0,22,1582184
2530,1488,15 9 13,20,1582181
2531,1483,15 9 12,20,1582181
2532,1493,11 9 4,21,1582176
2533,1488,11 9 3,21,1582176
2534,1468,4 11 7,21,1582131
2535,1482,14 14 9,20,1582039
2536,1482,15 5 15,20,1582016
2537,1468,1 7 7,21.5,1582016
2538,1494,14 5 11,20.5,1581971
2539,1489,14 5 10,20.5,1581971
2540,1468,7 9 12,20.5,1581968
2541,1466,6 14 9,20.5,1581921
2542,1469,7 7 14,20.5,1581886
2543,1465,7 7 13,20.5,1581886
2544,1492,14 7 9,20.5,1581886
2545,1487,14 7 8,20.5,1581886
2546,1478,15 14 15,19.5,1581794
2547,1473,15 14 14,19.5,1581794
2548,1486,13 0 15,20.5,1581769
2549,1490,13 12 6,20.5,1581769
2550,1486,13 12 5,20.5,1581769
2551,1486,15 11 11,20,1581767
2552,1482,15 11 10,20,1581767
2553,1494,12 4 7,21,1581736
2554,1489,12 4 6,21,1581736
2555,1471,7 11 11,20.5,1581722
2556,1466,7 11 10,20.5,1581722
2557,1491,14 3 12,20.5,1581717
2558,1482,9 15 0,21,1581679
2559,1470,5 6 10,21,1581637
2560,1473,5 8 9,21,1581637
2561,1468,5 8 8,21,1581637
2562,1496,12 2 9,21,1581564
2563,1491,12 2 8,21,1581564
2564,1492,12 6 5,21,1581564
2565,1492,9 2 5,21.5,1581544
2566,1487,9 2 4,21.5,1581544
2567,1490,9 4 3,21.5,1581544
2568,1488,8 9 0,21.5,1581538
2569,1485,12 15 4,20.5,1581510
2570,1481,12 15 3,20.5,1581510
2571,1466,7 5 15,20.5,1581476
2572,1490,14 9 7,20.5,1581464
2573,1489,5 3 2,22,1581412
2574,1485,5 3 1,22,1581412
2575,1466,4 13 5,21,1581386
2576,1486,5 1 3,22,1581325
2577,1471,5 4 12,21,1581304
2578,1467,5 4 11,21,1581304
2579,1471,5 10 7,21,1581304
2580,1466,5 10 6,21,1581304
2581,1490,11 11 2,21,1581236
2582,1485,11 11 1,21,1581236
2583,1494,9 0 7,21.5,1581197
2584,1489,9 0 6,21.5,1581197
2585,1493,9 6 2,21.5,1581197
2586,1488,9 6 1,21.5,1581197
2587,1465,8 15 13,20,1581177
2588,1487,5 5 0,22,1581150
2589,1469,7 13 9,20.5,1581149
2590,1492,14 1 14,20.5,1581126
2591,1487,14 1 13,20.5,1581126
2592,1471,2 6 7,21.5,1581123
2593,1492,12 0 10,21,1581049
2594,1495,12 8 4,21,1581049
2595,1490,12 8 3,21,1581049
2596,1484,15 13 9,20,1581022
2597,1471,8 8 12,20.5,1580964
2598,1468,2 4 8,21.5,1580955
2599,1469,2 8 5,21.5,1580955
2600,1479,0 3 0,22.5,1580936
2601,1466,4 1 15,21,1580889
2602,1465,9 12 14,20,1580865
2603,1485,10 14 0,21,1580851
2604,1481,0 1 2,22.5,1580849
2605,1476,0 1 1,22.5,1580849
2606,1472,8 6 14,20.5,1580800
2607,1468,8 6 13,20.5,1580800
2608,1474,8 10 11,20.5,1580800
2609,1469,8 10 10,20.5,1580800
2610,1468,1 1 12,21.5,1580761
2611,1493,14 11 6,20.5,1580703
2612,1488,14 11 5,20.5,1580703
2613,1476,6 7 9,21,1580655
2614,1471,6 7 8,21,1580655
2615,1468,5 2 13,21,1580638
2616,1469,5 12 5,21,1580638
2617,1488,13 14 4,20.5,1580591
2618,1483,13 14 3,20.5,1580591
2619,1496,15 4 11,20.5,1580587
2620,1492,15 4 10,20.5,1580587
2621,1495,15 6 9,20.5,1580587
2622,1490,15 6 8,20.5,1580587
2623,1473,6 5 10,21,1580572
2624,1491,9 8 0,21.5,1580504
2625,1469,2 2 10,21.5,1580451
2626,1467,2 10 3,21.5,1580451
2627,1474,6 9 7,21,1580404
2628,1469,6 9 6,21,1580404
2629,1468,9 14 13,20,1580381
2630,1497,13 3 7,21,1580368
2631,1492,13 3 6,21,1580368
2632,1469,4 15 4,21,1580309
2633,1469,8 4 15,20.5,1580306
2634,1472,8 12 9,20.5,1580306
2635,1467,8 12 8,20.5,1580306
2636,1495,13 5 5,21,1580282
2637,1493,10 3 3,21.5,1580268
2638,1493,15 2 12,20.5,1580247
2639,1493,15 8 7,20.5,1580247
2640,1467,7 15 7,20.5,1580247
2641,1492,6 2 2,22,1580218
2642,1487,6 2 1,22,1580218
2643,1493,12 10 2,21,1580191
2644,1488,12 10 1,21,1580191
2645,1495,10 1 5,21.5,1580181
2646,1490,10 1 4,21.5,1580181
2647,1473,3 5 7,21.5,1580155
2648,1469,3 5 6,21.5,1580155
2649,1474,6 3 12,21,1580154
2650,1469,6 3 11,21,1580154
2651,1498,13 1 9,21,1580110
2652,1494,13 1 8,21,1580110
2653,1472,3 7 5,21.5,1580071
2654,1467,3 7 4,21.5,1580071
2655,1489,6 0 3,22,1580043
2656,1490,6 4 0,22,1580043
2657,1496,10 5 2,21.5,1580007
2658,1491,10 5 1,21.5,1580007
2659,1465,10 9 15,20,1580002
2660,1488,11 13 0,21,1579955
2661,1487,15 15 8,20,1579946
2662,1482,15 15 7,20,1579946
2663,1467,10 11 14,20,1579921
2664,1482,1 2 0,22.5,1579906
2665,1470,3 3 8,21.5,1579902
2666,1473,9 7 12,20.5,1579889
2667,1498,13 7 4,21,1579851
2668,1493,13 7 3,21,1579851
2669,1472,6 11 5,21,1579820
2670,1476,9 9 11,20.5,1579806
2671,1472,9 9 10,20.5,1579806
2672,1484,1 0 2,22.5,1579731
2673,1479,1 0 1,22.5,1579731
2674,1470,3 9 3,21.5,1579649
2675,1475,9 5 14,20.5,1579641
2676,1470,9 5 13,20.5,1579641
2677,1469,5 0 15,21,1579640
2678,1472,5 14 4,21,1579640
2679,1467,5 14 3,21,1579640
2680,1470,2 0 12,21.5,1579610
2681,1469,2 12 2,21.5,1579610
2682,1491,14 13 4,20.5,1579605
2683,1486,14 13 3,20.5,1579605
2684,1478,7 6 9,21,1579601
2685,1474,7 6 8,21,1579601
2686,1494,15 0 14,20.5,1579568
2687,1490,15 0 13,20.5,1579568
2688,1496,15 10 6,20.5,1579568
2689,1491,15 10 5,20.5,1579568
2690,1470,10 13 13,20,1579516
2691,1466,10 13 12,20,1579516
2692,1470,8 14 7,20.5,1579483
2693,1475,7 4 10,21,1579433
2694,1477,7 8 7,21,1579433
2695,1472,7 8 6,21,1579433
2696,1471,6 1 13,21,1579402
2697,1494,10 7 0,21.5,1579398
2698,1475,9 11 9,20.5,1579393
2699,1470,9 11 8,20.5,1579393
2700,1472,3 1 10,21.5,1579311
2701,1467,3 1 9,21.5,1579311
2702,1476,4 4 7,21.5,1579113
2703,1472,4 4 6,21.5,1579113
2704,1475,4 6 5,21.5,1579113
2705,1470,4 6 4,21.5,1579113
2706,1496,13 9 2,21,1579076
2707,1491,13 9 1,21,1579076
2708,1472,9 3 15,20.5,1579062
2709,1491,12 12 0,21,1578989
2710,1495,7 1 2,22,1578950
2711,1490,7 1 1,22,1578950
2712,1477,7 2 12,21,1578930
2713,1472,7 2 11,21,1578930
2714,1499,14 2 7,21,1578930
2715,1495,14 2 6,21,1578930
2716,1498,14 4 5,21,1578930
2717,1475,7 10 5,21,1578930
2718,1496,11 2 3,21.5,1578920
2719,1467,11 8 15,20,1578906
2720,1470,11 10 14,20,1578906
2721,1475,6 13 4,21,1578900
2722,1470,6 13 3,21,1578900
2723,1472,3 11 2,21.5,1578889
2724,1467,3 11 1,21.5,1578889
2725,1493,7 3 0,22,1578862
2726,1485,2 1 0,22.5,1578800
2727,1469,10 15 11,20,1578787
2728,1464,10 15 10,20,1578787
2729,1473,4 2 8,21.5,1578774
2730,1473,4 8 3,21.5,1578774
2731,1498,11 0 5,21.5,1578745
2732,1493,11 0 4,21.5,1578745
2733,1499,11 4 2,21.5,1578745
2734,1494,11 4 1,21.5,1578745
2735,1476,10 6 12,20.5,1578742
2736,1479,10 8 11,20.5,1578742
2737,1475,10 8 10,20.5,1578742
2738,1473,9 13 7,20.5,1578649
2739,1496,14 0 8,21,1578583
2740,1496,14 6 3,21,1578583
2741,1473,11 12 13,20,1578581
2742,1469,11 12 12,20,1578581
2743,1494,15 12 4,20.5,1578550
2744,1489,15 12 3,20.5,1578550
2745,1481,8 5 9,21,1578474
2746,1477,8 5 8,21,1578474
2747,1467,2 14 0,21.5,1578434
2748,1468,0 5 3,22,1578423
2749,1478,10 4 14,20.5,1578410
2750,1473,10 4 13,20.5,1578410
2751,1478,10 10 9,20.5,1578410
2752,1473,10 10 8,20.5,1578410
2753,1479,8 7 7,21,1578390
2754,1475,8 7 6,21,1578390
2755,1470,0 3 5,22,1578337
2756,1478,8 3 10,21,1578221
2757,1497,11 6 0,21.5,1578220
2758,1489,14 15 2,20.5,1578168
2759,1471,0 7 2,22,1578167
2760,1475,4 0 10,21.5,1578096
2761,1470,4 0 9,21.5,1578096
2762,1475,4 10 2,21.5,1578096
2763,1470,4 10 1,21.5,1578096
2764,1473,7 0 13,21,1578090
2765,1477,7 12 4,21,1578090
2766,1473,7 12 3,21,1578090
2767,1477,5 5 5,21.5,1578082
2768,1473,5 5 4,21.5,1578082
2769,1479,5 3 7,21.5,1577997
2770,1474,5 3 6,21.5,1577997
2771,1478,8 9 5,21,1577968
2772,1494,13 11 0,21,1577955
2773,1471,11 14 11,20,1577930
2774,1467,11 14 10,20,1577930
2775,1472,0 1 7,22,1577912
2776,1499,14 8 2,21,1577891
2777,1494,14 8 1,21,1577891
2778,1475,5 7 3,21.5,1577826
2779,1473,12 9 14,20,1577822
2780,1470,3 13 0,21.5,1577792
2781,1474,10 2 15,20.5,1577745
2782,1476,10 12 7,20.5,1577745
2783,1470,12 7 15,20,1577741
2784,1472,6 15 2,21,1577647
2785,1467,6 15 1,21,1577647
2786,1479,8 1 12,21,1577631
2787,1475,8 1 11,21,1577631
2788,1488,3 0 0,22.5,1577617
2789,1498,8 0 2,22,1577608
2790,1493,8 0 1,22,1577608
2791,1496,8 2 0,22,1577608
2792,1482,11 7 11,20.5,1577606
2793,1477,11 7 10,20.5,1577606
2794,1476,12 11 13,20,1577577
2795,1471,12 11 12,20,1577577
2796,1475,9 15 6,20.5,1577574
2797,1471,9 15 5,20.5,1577574
2798,1476,5 1 8,21.5,1577571
2799,1469,0 9 0,22,1577571
2800,1479,11 5 12,20.5,1577523
2801,1500,15 3 5,21,1577506
2802,1498,12 1 3,21.5,1577498
2803,1471,1 4 3,22,1577480
2804,1497,15 1 6,21,1577419
2805,1497,12 3 1,21.5,1577411
2806,1480,11 9 9,20.5,1577356
2807,1476,11 9 8,20.5,1577356
2808,1473,1 2 5,22,1577309
2809,1468,1 2 4,22,1577309
2810,1474,1 6 2,22,1577309
2811,1469,1 6 1,22,1577309
2812,1484,9 4 9,21,1577275
2813,1479,9 4 8,21,1577275
2814,1482,9 6 7,21,1577275
2815,1478,9 6 6,21,1577275
2816,1498,15 5 3,21,1577245
2817,1478,5 9 2,21.5,1577230
2818,1473,5 9 1,21.5,1577230
2819,1480,8 11 4,21,1577209
2820,1476,8 11 3,21,1577209
2821,1491,15 14 2,20.5,1577192
2822,1480,11 3 14,20.5,1577106
2823,1476,11 3 13,20.5,1577106
2824,1473,4 12 0,21.5,1577078
2825,1474,12 13 11,20,1577005
2826,1470,12 13 10,20,1577005
2827,1480,6 4 5,21.5,1576977
2828,1475,6 4 4,21.5,1576977
2829,1499,12 5 0,21.5,1576971
2830,1481,9 2 10,21,1576936
2831,1480,9 8 5,21,1576936
2832,1475,7 14 2,21,1576915
2833,1470,7 14 1,21,1576915
2834,1496,14 10 0,21,1576852
2835,1482,6 2 7,21.5,1576806
2836,1477,6 2 6,21.5,1576806
2837,1478,6 6 3,21.5,1576806
2838,1475,1 0 7,22,1576796
2839,1470,1 0 6,22,1576796
2840,1472,1 8 0,22,1576796
2841,1478,11 11 7,20.5,1576772
2842,1478,10 14 6,20.5,1576749
2843,1474,10 14 5,20.5,1576749
2844,1476,13 8 14,20,1576668
2845,1496,15 7 1,21,1576636
2846,1473,13 6 15,20,1576504
2847,1479,13 10 13,20,1576504
2848,1474,13 10 12,20,1576504
2849,1474,2 3 3,22,1576463
2850,1485,12 6 11,20.5,1576400
2851,1480,12 6 10,20.5,1576400
2852,1477,2 5 2,22,1576377
2853,1472,2 5 1,22,1576377
2854,1477,11 1 15,20.5,1576355
2855,1479,6 0 8,21.5,1576293
2856,1481,6 8 2,21.5,1576293
2857,1476,6 8 1,21.5,1576293
2858,1476,5 11 0,21.5,1576293
2859,1498,9 1 0,22,1576279
2860,1482,9 0 12,21,1576258
2861,1477,9 0 11,21,1576258
2862,1483,9 10 4,21,1576258
2863,1478,9 10 3,21,1576258
2864,1481,12 4 12,20.5,1576232
2865,1483,12 8 9,20.5,1576232
2866,1478,12 8 8,20.5,1576232
2867,1476,2 1 5,22,1576205
2868,1471,2 1 4,22,1576205
2869,1478,8 13 2,21,1576113
2870,1473,8 13 1,21,1576113
2871,1472,12 15 9,20,1576106
2872,1485,10 5 7,21,1576088
2873,1480,10 5 6,21,1576088
2874,1477,13 12 11,20,1576011
2875,1472,13 12 10,20,1576011
2876,1499,13 2 1,21.5,1576004
2877,1487,10 3 9,21,1576002
2878,1482,10 3 8,21,1576002
2879,1475,2 7 0,22,1575947
2880,1469,13 15 15,19.5,1575921
2881,1464,13 15 14,19.5,1575921
2882,1481,11 13 6,20.5,1575855
2883,1476,11 13 5,20.5,1575855
2884,1483,10 7 5,21,1575832
2885,1483,7 3 5,21.5,1575798
2886,1478,7 3 4,21.5,1575798
2887,1483,12 2 14,20.5,1575730
2888,1478,12 2 13,20.5,1575730
2889,1481,12 10 7,20.5,1575730
2890,1481,7 5 3,21.5,1575712
2891,1499,15 9 0,21,1575680
2892,1483,10 1 10,21,1575577
2893,1485,7 1 7,21.5,1575541
2894,1480,7 1 6,21.5,1575541
2895,1478,14 7 14,20,1575444
2896,1479,6 10 0,21.5,1575437
2897,1477,3 2 3,22,1575370
2898,1480,3 4 2,22,1575370
2899,1475,3 4 1,22,1575370
2900,1481,14 9 13,20,1575362
2901,1477,14 9 12,20,1575362
2902,1484,7 7 2,21.5,1575283
2903,1479,7 7 1,21.5,1575283
2904,1481,9 12 2,21,1575242
2905,1476,9 12 1,21,1575242
2906,1486,10 9 4,21,1575237
2907,1481,10 9 3,21,1575237
2908,1475,14 5 15,20,1575197
2909,1475,13 14 9,20,1575191
2910,1487,13 5 11,20.5,1575122
2911,1483,13 5 10,20.5,1575122
2912,1486,13 7 9,20.5,1575038
2913,1481,13 7 8,20.5,1575038
2914,1479,3 0 5,22,1575024
2915,1474,3 0 4,22,1575024
2916,1478,3 6 0,22,1575024
2917,1471,14 14 15,19.5,1574976
2918,1467,14 14 14,19.5,1574976
2919,1480,14 11 11,20,1574949
2920,1475,14 11 10,20,1574949
2921,1479,12 0 15,20.5,1574892
2922,1484,12 12 6,20.5,1574892
2923,1479,12 12 5,20.5,1574892
2924,1484,13 3 12,20.5,1574870
2925,1488,11 4 7,21,1574828
2926,1483,11 4 6,21,1574828
2927,1476,8 15 0,21,1574680
2928,1489,11 2 9,21,1574658
2929,1485,11 2 8,21,1574658
2930,1486,11 6 5,21,1574658
2931,1484,13 9 7,20.5,1574618
2932,1479,11 15 4,20.5,1574604
2933,1474,11 15 3,20.5,1574604
2934,1486,8 2 5,21.5,1574546
2935,1481,8 2 4,21.5,1574546
2936,1484,8 4 3,21.5,1574546
2937,1466,4 8 9,21,1574512
2938,1482,7 9 0,21.5,1574509
2939,1484,10 11 2,21,1574301
2940,1479,10 11 1,21,1574301
2941,1483,4 3 2,22,1574288
2942,1478,4 3 1,22,1574288
2943,1485,13 1 14,20.5,1574281
2944,1481,13 1 13,20.5,1574281
2945,1478,14 13 9,20,1574207
2946,1480,4 1 3,22,1574202
2947,1487,8 0 7,21.5,1574201
2948,1483,8 0 6,21.5,1574201
2949,1487,8 6 2,21.5,1574201
2950,1482,8 6 1,21.5,1574201
2951,1481,15 6 14,20,1574150
2952,1484,15 8 13,20,1574150
2953,1479,15 8 12,20,1574150
2954,1486,11 0 10,21,1574145
2955,1489,11 8 4,21,1574145
2956,1484,11 8 3,21,1574145
2957,1481,4 5 0,22,1574028
2958,1474,15 13 15,19.5,1573963
2959,1470,15 13 14,19.5,1573963
2960,1479,9 14 0,21,1573887
2961,1487,13 11 6,20.5,1573860
2962,1482,13 11 5,20.5,1573860
2963,1478,15 4 15,20,1573819
2964,1482,15 10 11,20,1573819
2965,1478,15 10 10,20,1573819
2966,1466,7 6 14,20.5,1573774
2967,1490,14 4 11,20.5,1573774
2968,1485,14 4 10,20.5,1573774
2969,1467,7 10 11,20.5,1573774
2970,1488,14 6 9,20.5,1573774
2971,1484,14 6 8,20.5,1573774
2972,1482,12 14 4,20.5,1573719
2973,1477,12 14 3,20.5,1573719
2974,1469,5 7 9,21,1573567
2975,1485,8 8 0,21.5,1573510
2976,1490,12 3 7,21,1573497
2977,1486,12 3 6,21,1573497
2978,1466,5 5 10,21,1573484
2979,1487,14 2 12,20.5,1573436
2980,1487,14 8 7,20.5,1573436
2981,1489,12 5 5,21,1573412
2982,1467,5 9 7,21,1573317
2983,1487,9 3 3,21.5,1573307
2984,1487,11 10 2,21,1573290
2985,1482,11 10 1,21,1573290
2986,1465,7 12 9,20.5,1573282
2987,1492,12 1 9,21,1573240
2988,1487,12 1 8,21,1573240
2989,1472,15 15 13,19.5,1573237
2990,1468,15 15 12,19.5,1573237
2991,1488,9 1 5,21.5,1573220
2992,1484,9 1 4,21.5,1573220
2993,1481,15 12 9,20,1573156
2994,1481,14 15 8,20,1573136
2995,1476,14 15 7,20,1573136
2996,1485,5 2 2,22,1573132
2997,1481,5 2 1,22,1573132
2998,1467,5 3 12,21,1573068
2999,1489,9 5 2,21.5,1573047
3000,1485,9 5 1,21.5,1573047
3001,1481,10 13 0,21,1573025
3002,1491,12 7 4,21,1572982
3003,1487,12 7 3,21,1572982
3004,1467,2 5 7,21.5,1572973
3005,1482,5 0 3,22,1572958
3006,1483,5 4 0,22,1572958
3007,1467,8 7 12,20.5,1572898
3008,1470,8 9 11,20.5,1572816
3009,1465,8 9 10,20.5,1572816
3010,1485,13 13 4,20.5,1572767
3011,1480,13 13 3,20.5,1572767
3012,1488,14 0 14,20.5,1572760
3013,1483,14 0 13,20.5,1572760
3014,1489,14 10 6,20.5,1572760
3015,1485,14 10 5,20.5,1572760
3016,1475,0 2 0,22.5,1572659
3017,1468,8 5 14,20.5,1572651
3018,1464,9 13 13,20,1572557
3019,1472,6 6 9,21,1572549
3020,1467,6 6 8,21,1572549
3021,1477,0 0 2,22.5,1572485
3022,1472,0 0 1,22.5,1572485
3023,1487,9 7 0,21.5,1572440
3024,1491,15 5 9,20.5,1572439
3025,1486,15 5 8,20.5,1572439
3026,1468,8 11 9,20.5,1572404
3027,1469,6 4 10,21,1572382
3028,1470,6 8 7,21,1572382
3029,1492,15 3 11,20.5,1572355
3030,1488,15 3 10,20.5,1572355
3031,1489,12 9 2,21,1572210
3032,1484,12 9 1,21,1572210
3033,1489,15 7 7,20.5,1572185
3034,1483,15 14 8,20,1572163
3035,1479,15 14 7,20,1572163
3036,1493,13 2 7,21,1572094
3037,1488,13 2 6,21,1572094
3038,1491,13 4 5,21,1572094
3039,1484,11 12 0,21,1572094
3040,1465,8 3 15,20.5,1572075
3041,1489,10 2 3,21.5,1571995
3042,1470,3 4 7,21.5,1571968
3043,1468,3 6 5,21.5,1571968
3044,1489,15 1 12,20.5,1571930
3045,1488,6 1 2,22,1571901
3046,1483,6 1 1,22,1571901
3047,1470,6 2 12,21,1571881
3048,1466,6 2 11,21,1571881
3049,1468,6 10 5,21,1571881
3050,1491,10 0 5,21.5,1571821
3051,1486,10 0 4,21.5,1571821
3052,1492,10 4 2,21.5,1571821
3053,1487,10 4 1,21.5,1571821
3054,1468,5 13 4,21,1571820
3055,1486,6 3 0,22,1571814
3056,1470,9 6 12,20.5,1571787
3057,1473,9 8 11,20.5,1571787
3058,1468,9 8 10,20.5,1571787
3059,1494,13 0 9,21,1571750
3060,1490,13 0 8,21,1571750
3061,1494,13 6 4,21,1571750
3062,1489,13 6 3,21,1571750
3063,1487,14 12 4,20.5,1571746
3064,1483,14 12 3,20.5,1571746
3065,1466,8 13 7,20.5,1571664
3066,1467,10 12 13,20,1571657
3067,1467,3 2 8,21.5,1571630
3068,1478,1 1 0,22.5,1571591
3069,1492,15 9 6,20.5,1571591
3070,1487,15 9 5,20.5,1571591
3071,1475,7 5 9,21,1571459
3072,1470,7 5 8,21,1571459
3073,1471,9 4 14,20.5,1571456
3074,1467,9 4 13,20.5,1571456
3075,1471,9 10 9,20.5,1571456
3076,1466,9 10 8,20.5,1571456
3077,1473,7 7 7,21,1571375
3078,1468,7 7 6,21,1571375
3079,1482,13 15 2,20.5,1571336
3080,1490,10 6 0,21.5,1571298
3081,1471,7 3 10,21,1571207
3082,1487,12 11 0,21,1571095
3083,1492,13 8 2,21,1571060
3084,1487,13 8 1,21,1571060
3085,1467,6 0 13,21,1571045
3086,1471,6 12 4,21,1571045
3087,1466,6 12 3,21,1571045
3088,1465,10 14 11,20,1571009
3089,1471,4 5 5,21.5,1570974
3090,1468,3 0 10,21.5,1570955
3091,1471,7 9 5,21,1570955
3092,1469,3 10 2,21.5,1570955
3093,1467,11 9 14,20,1570932
3094,1472,4 3 7,21.5,1570889
3095,1468,4 3 6,21.5,1570889
3096,1468,9 2 15,20.5,1570795
3097,1469,9 12 7,20.5,1570795
3098,1469,4 7 3,21.5,1570719
3099,1494,14 3 5,21,1570706
3100,1469,11 11 13,20,1570688
3101,1465,11 11 12,20,1570688
3102,1475,10 7 11,20.5,1570687
3103,1471,10 7 10,20.5,1570687
3104,1490,15 11 4,20.5,1570657
3105,1485,15 11 3,20.5,1570657
3106,1473,7 1 12,21,1570619
3107,1468,7 1 11,21,1570619
3108,1495,14 1 7,21,1570619
3109,1491,14 1 6,21,1570619
3110,1492,11 1 3,21.5,1570610
3111,1472,10 5 12,20.5,1570604
3112,1491,7 0 2,22,1570596
3113,1486,7 0 1,22,1570596
3114,1489,7 2 0,22,1570596
3115,1469,8 15 6,20.5,1570594
3116,1466,5 15 2,21,1570572
3117,1495,11 3 2,21.5,1570522
3118,1490,11 3 1,21.5,1570522
3119,1469,4 1 8,21.5,1570465
3120,1481,2 0 0,22.5,1570446
3121,1497,14 5 4,21,1570446
3122,1492,14 5 3,21,1570446
3123,1474,10 9 9,20.5,1570438
3124,1469,10 9 8,20.5,1570438
3125,1485,14 14 2,20.5,1570394
3126,1477,8 4 9,21,1570296
3127,1473,8 4 8,21,1570296
3128,1476,8 6 7,21,1570296
3129,1471,8 6 6,21,1570296
3130,1474,7 11 4,21,1570200
3131,1469,7 11 3,21,1570200
3132,1474,10 3 14,20.5,1570189
3133,1469,10 3 13,20.5,1570189
3134,1472,4 9 2,21.5,1570126
3135,1467,4 9 1,21.5,1570126
3136,1468,11 13 11,20,1570119
3137,1493,11 5 0,21.5,1570085
3138,1467,0 6 2,22,1570074
3139,1490,13 10 0,21,1570026
3140,1474,8 2 10,21,1569958
3141,1474,8 8 5,21,1569958
3142,1474,5 4 5,21.5,1569905
3143,1469,5 4 4,21.5,1569905
3144,1469,6 14 2,21,1569875
3145,1472,10 11 7,20.5,1569856
3146,1495,14 7 2,21,1569840
3147,1490,14 7 1,21,1569840
3148,1469,12 8 14,20,1569813
3149,1472,9 14 6,20.5,1569803
3150,1467,9 14 5,20.5,1569803
3151,1475,5 2 7,21.5,1569735
3152,1471,5 2 6,21.5,1569735
3153,1472,5 6 3,21.5,1569735
3154,1466,12 6 15,20,1569650
3155,1472,12 10 13,20,1569650
3156,1468,12 10 12,20,1569650
3157,1468,0 0 7,22,1569563
3158,1478,11 6 11,20.5,1569516
3159,1474,11 6 10,20.5,1569516
3160,1470,10 1 15,20.5,1569441
3161,1488,15 13 2,20.5,1569384
3162,1475,11 4 12,20.5,1569349
3163,1476,11 8 9,20.5,1569349
3164,1472,11 8 8,20.5,1569349
3165,1492,8 1 0,22,1569304
3166,1475,8 0 12,21,1569284
3167,1471,8 0 11,21,1569284
3168,1477,8 10 4,21,1569284
3169,1472,8 10 3,21,1569284
3170,1467,1 3 3,22,1569264
3171,1496,15 2 5,21,1569246
3172,1472,5 0 8,21.5,1569224
3173,1474,5 8 2,21.5,1569224
3174,1470,5 8 1,21.5,1569224
3175,1466,11 15 9,20,1569223
3176,1469,4 11 0,21.5,1569193
3177,1470,1 5 2,22,1569179
3178,1471,12 12 11,20,1569159
3179,1466,12 12 10,20,1569159
3180,1494,12 0 3,21.5,1569152
3181,1497,12 2 2,21.5,1569152
3182,1493,12 2 1,21.5,1569152
3183,1478,9 5 7,21,1569144
3184,1474,9 5 6,21,1569144
3185,1472,7 13 2,21,1569108
3186,1467,7 13 1,21,1569108
3187,1498,15 0 7,21,1569072
3188,1493,15 0 6,21,1569072
3189,1499,15 4 4,21,1569072
3190,1494,15 4 3,21,1569072
3191,1480,9 3 9,21,1569060
3192,1475,9 3 8,21,1569060
3193,1469,1 1 5,22,1569008
3194,1475,10 13 6,20.5,1568943
3195,1470,10 13 5,20.5,1568943
3196,1477,9 7 5,21,1568890
3197,1492,14 9 0,21,1568888
3198,1476,11 2 14,20.5,1568849
3199,1472,11 2 13,20.5,1568849
3200,1475,11 10 7,20.5,1568849
3201,1495,12 4 0,21.5,1568800
3202,1476,6 3 5,21.5,1568764
3203,1472,6 3 4,21.5,1568764
3204,1468,1 7 0,22,1568751
3205,1475,6 5 3,21.5,1568678
3206,1477,9 1 10,21,1568636
3207,1472,13 7 14,20,1568624
3208,1497,15 6 2,21,1568551
3209,1492,15 6 1,21,1568551
3210,1475,13 9 13,20,1568542
3211,1470,13 9 12,20,1568542
3212,1478,6 1 7,21.5,1568507
3213,1473,6 1 6,21.5,1568507
3214,1469,13 5 15,20,1568378
3215,1472,5 10 0,21.5,1568372
3216,1469,12 14 9,20,1568342
3217,1479,9 9 4,21,1568297
3218,1475,9 9 3,21,1568297
3219,1481,12 5 11,20.5,1568274
3220,1476,12 5 10,20.5,1568274
3221,1474,8 12 2,21,1568272
3222,1470,8 12 1,21,1568272
3223,1477,6 7 2,21.5,1568250
3224,1472,6 7 1,21.5,1568250
3225,1470,2 2 3,22,1568209
3226,1473,2 4 2,22,1568209
3227,1468,2 4 1,22,1568209
3228,1479,12 7 9,20.5,1568190
3229,1475,12 7 8,20.5,1568190
3230,1465,13 14 15,19.5,1568158
3231,1473,13 11 11,20,1568131
3232,1469,13 11 10,20,1568131
3233,1478,12 3 12,20.5,1568023
3234,1473,11 0 15,20.5,1568015
3235,1477,11 12 6,20.5,1568015
3236,1473,11 12 5,20.5,1568015
3237,1494,9 0 0,22,1567939
3238,1481,10 4 7,21,1567921
3239,1476,10 4 6,21,1567921
3240,1472,2 0 5,22,1567865
3241,1467,2 0 4,22,1567865
3242,1471,2 6 0,22,1567865
3243,1490,15 15 1,20.5,1567772
3244,1485,15 15 0,20.5,1567772
3245,1477,12 9 7,20.5,1567771
3246,1483,10 2 9,21,1567751
3247,1478,10 2 8,21,1567751
3248,1479,10 6 5,21,1567751
3249,1500,13 1 2,21.5,1567709
3250,1495,13 1 1,21.5,1567709
3251,1472,10 15 4,20.5,1567697
3252,1468,10 15 3,20.5,1567697
3253,1495,15 8 0,21,1567681
3254,1469,7 15 0,21,1567681
3255,1479,7 2 5,21.5,1567548
3256,1474,7 2 4,21.5,1567548
3257,1477,7 4 3,21.5,1567548
3258,1475,6 9 0,21.5,1567480
3259,1498,13 3 0,21.5,1567445
3260,1479,12 1 14,20.5,1567436
3261,1474,12 1 13,20.5,1567436
3262,1472,13 13 9,20,1567393
3263,1477,9 11 2,21,1567366
3264,1472,9 11 1,21,1567366
3265,1474,14 6 14,20,1567365
3266,1478,14 8 13,20,1567365
3267,1473,14 8 12,20,1567365
3268,1479,10 0 10,21,1567241
3269,1482,10 8 4,21,1567241
3270,1477,10 8 3,21,1567241
3271,1481,7 0 7,21.5,1567204
3272,1476,7 0 6,21.5,1567204
3273,1480,7 6 2,21.5,1567204
3274,1475,7 6 1,21.5,1567204
3275,1468,14 13 15,19.5,1567179
3276,1463,14 13 14,19.5,1567179
3277,1476,3 3 2,22,1567165
3278,1471,3 3 1,22,1567165
3279,1473,3 1 3,22,1567079
3280,1471,14 4 15,20,1567035
3281,1476,14 10 11,20,1567035
3282,1471,14 10 10,20,1567035
3283,1480,12 11 6,20.5,1567017
3284,1475,12 11 5,20.5,1567017
3285,1483,13 4 11,20.5,1566961
3286,1479,13 4 10,20.5,1566961
3287,1482,13 6 9,20.5,1566961
3288,1477,13 6 8,20.5,1566961
3289,1472,8 14 0,21,1566923
3290,1474,3 5 0,22,1566906
3291,1475,11 14 4,20.5,1566847
3292,1471,11 14 3,20.5,1566847
3293,1484,11 3 7,21,1566626
3294,1479,11 3 6,21,1566626
3295,1480,13 2 12,20.5,1566625
3296,1480,13 8 7,20.5,1566625
3297,1482,11 5 5,21,1566541
3298,1478,7 8 0,21.5,1566517
3299,1466,14 15 13,19.5,1566456
3300,1480,10 10 2,21,1566390
3301,1475,10 10 1,21,1566390
3302,1474,14 12 9,20,1566375
3303,1485,11 1 9,21,1566370
3304,1481,11 1 8,21,1566370
3305,1480,8 3 3,21.5,1566345
3306,1474,13 15 8,20,1566326
3307,1470,13 15 7,20,1566326
3308,1482,8 1 5,21.5,1566259
3309,1477,8 1 4,21.5,1566259
3310,1498,14 0 1,21.5,1566195
3311,1470,15 12 15,19.5,1566133
3312,1466,15 12 14,19.5,1566133
3313,1480,15 7 13,20,1566119
3314,1476,15 7 12,20,1566119
3315,1485,11 7 4,21,1566114
3316,1480,11 7 3,21,1566114
3317,1475,9 13 0,21,1566096
3318,1483,8 5 2,21.5,1566086
3319,1478,8 5 1,21.5,1566086
3320,1479,4 2 2,22,1566046
3321,1474,4 2 1,22,1566046
3322,1477,15 5 14,20,1566036
3323,1481,13 0 14,20.5,1565951
3324,1477,13 0 13,20.5,1565951
3325,1483,13 10 6,20.5,1565951
3326,1478,13 10 5,20.5,1565951
3327,1478,12 13 4,20.5,1565928
3328,1473,12 13 3,20.5,1565928
3329,1476,4 0 3,22,1565872
3330,1477,4 4 0,22,1565872
3331,1479,15 9 11,20,1565870
3332,1474,15 9 10,20,1565870
3333,1484,14 5 9,20.5,1565662
3334,1480,14 5 8,20.5,1565662
3335,1474,15 3 15,20,1565622
3336,1486,14 3 11,20.5,1565577
3337,1481,14 3 10,20.5,1565577
3338,1469,15 14 13,19.5,1565487
3339,1464,15 14 12,19.5,1565487
3340,1481,8 7 0,21.5,1565482
3341,1483,14 7 7,20.5,1565408
3342,1477,14 14 8,20,1565386
3343,1472,14 14 7,20,1565386
3344,1483,11 9 2,21,1565345
3345,1478,11 9 1,21,1565345
3346,1477,15 11 9,20,1565291
3347,1486,12 2 7,21,1565259
3348,1482,12 2 6,21,1565259
3349,1485,12 4 5,21,1565259
3350,1478,10 12 0,21,1565199
3351,1483,14 1 12,20.5,1565155
3352,1483,9 2 3,21.5,1565070
3353,1481,13 12 4,20.5,1564942
3354,1476,13 12 3,20.5,1564942
3355,1488,12 0 9,21,1564916
3356,1483,12 0 8,21,1564916
3357,1488,12 6 4,21,1564916
3358,1483,12 6 3,21,1564916
3359,1484,9 0 5,21.5,1564896
3360,1480,9 0 4,21.5,1564896
3361,1486,9 4 2,21.5,1564896
3362,1481,9 4 1,21.5,1564896
3363,1482,5 1 2,22,1564853
3364,1477,5 1 1,22,1564853
3365,1466,8 8 11,20.5,1564832
3366,1486,14 9 6,20.5,1564817
3367,1481,14 9 5,20.5,1564817
3368,1480,5 3 0,22,1564765
3369,1476,12 15 2,20.5,1564504
3370,1468,6 5 9,21,1564443
3371,1471,0 1 0,22.5,1564382
3372,1480,15 13 8,20,1564380
3373,1475,15 13 7,20,1564380
3374,1484,9 6 0,21.5,1564376
3375,1466,6 7 7,21,1564360
3376,1487,15 4 9,20.5,1564292
3377,1482,15 4 8,20.5,1564292
3378,1481,11 11 0,21,1564234
3379,1486,12 8 2,21,1564229
3380,1481,12 8 1,21,1564229
3381,1488,15 2 11,20.5,1564122
3382,1484,15 2 10,20.5,1564122
3383,1485,15 6 7,20.5,1564122
3384,1487,13 3 5,21,1563906
3385,1484,14 11 4,20.5,1563887
3386,1479,14 11 3,20.5,1563887
3387,1489,13 1 7,21,1563820
3388,1484,13 1 6,21,1563820
3389,1469,9 7 11,20.5,1563768
3390,1485,10 1 3,21.5,1563721
3391,1466,9 5 12,20.5,1563685
3392,1490,13 5 4,21,1563648
3393,1485,13 5 3,21,1563648
3394,1488,10 3 2,21.5,1563634
3395,1483,10 3 1,21.5,1563634
3396,1485,15 0 12,20.5,1563613
3397,1488,15 8 6,20.5,1563613
3398,1484,15 8 5,20.5,1563613
3399,1466,6 1 12,21,1563608
3400,1479,13 14 2,20.5,1563596
3401,1484,6 0 2,22,1563584
3402,1479,6 0 1,22,1563584
3403,1482,6 2 0,22,1563584
3404,1467,9 9 9,20.5,1563520
3405,1471,7 4 9,21,1563316
3406,1466,7 4 8,21,1563316
3407,1469,7 6 7,21,1563316
3408,1474,1 0 0,22.5,1563275
3409,1467,9 3 14,20.5,1563272
3410,1483,12 10 0,21,1563200
3411,1486,10 5 0,21.5,1563199
3412,1467,6 11 4,21,1563190
3413,1478,15 15 6,20,1563138
3414,1473,15 15 5,20,1563138
3415,1488,13 7 2,21,1563044
3416,1483,13 7 1,21,1563044
3417,1468,7 2 10,21,1562981
3418,1467,7 8 5,21,1562981
3419,1465,9 11 7,20.5,1562941
3420,1465,8 14 6,20.5,1562857
3421,1467,4 4 5,21.5,1562834
3422,1466,11 10 13,20,1562795
3423,1486,15 10 4,20.5,1562764
3424,1481,15 10 3,20.5,1562764
3425,1469,4 2 7,21.5,1562664
3426,1472,10 6 11,20.5,1562632
3427,1467,10 6 10,20.5,1562632
3428,1481,14 13 2,20.5,1562620
3429,1490,14 2 5,21,1562482
3430,1469,10 4 12,20.5,1562466
3431,1470,10 8 9,20.5,1562466
3432,1465,10 8 8,20.5,1562466
3433,1485,7 1 0,22,1562330
3434,1469,7 0 12,21,1562309
3435,1491,14 0 7,21,1562309
3436,1487,14 0 6,21,1562309
3437,1493,14 4 4,21,1562309
3438,1488,14 4 3,21,1562309
3439,1470,7 10 4,21,1562309
3440,1464,11 12 11,20,1562307
3441,1488,11 0 3,21.5,1562300
3442,1491,11 2 2,21.5,1562300
3443,1486,11 2 1,21.5,1562300
3444,1472,8 5 7,21,1562201
3445,1467,8 5 6,21,1562201
3446,1468,4 8 2,21.5,1562155
3447,1473,8 3 9,21,1562117
3448,1469,8 3 8,21,1562117
3449,1486,13 9 0,21,1562096
3450,1468,9 13 6,20.5,1562031
3451,1470,10 2 14,20.5,1561968
3452,1465,10 2 13,20.5,1561968
3453,1468,10 10 7,20.5,1561968
3454,1489,11 4 0,21.5,1561950
3455,1470,8 7 5,21,1561948
3456,1465,12 7 14,20,1561804
3457,1491,14 6 2,21,1561790
3458,1486,14 6 1,21,1561790
3459,1470,5 3 5,21.5,1561729
3460,1468,12 9 13,20,1561722
3461,1464,12 9 12,20,1561722
3462,1470,8 1 10,21,1561695
3463,1468,5 5 3,21.5,1561644
3464,1484,15 12 2,20.5,1561576
3465,1471,5 1 7,21.5,1561473
3466,1467,5 1 6,21.5,1561473
3467,1474,11 5 11,20.5,1561426
3468,1470,11 5 10,20.5,1561426
3469,1473,8 9 4,21,1561358
3470,1468,8 9 3,21,1561358
3471,1473,11 7 9,20.5,1561342
3472,1468,11 7 8,20.5,1561342
3473,1467,12 11 11,20,1561313
3474,1468,7 12 2,21,1561302
3475,1471,5 7 2,21.5,1561218
3476,1471,11 3 12,20.5,1561175
3477,1466,10 0 15,20.5,1561137
3478,1471,10 12 6,20.5,1561137
3479,1466,10 12 5,20.5,1561137
3480,1475,9 4 7,21,1561014
3481,1470,9 4 6,21,1561014
3482,1484,14 15 1,20.5,1561014
3483,1479,14 15 0,20.5,1561014
3484,1488,8 0 0,22,1561001
3485,1492,15 1 5,21,1560987
3486,1471,11 9 7,20.5,1560925
3487,1489,14 8 0,21,1560924
3488,1495,15 3 4,21,1560900
3489,1491,15 3 3,21,1560900
3490,1494,12 1 2,21.5,1560893
3491,1489,12 1 1,21.5,1560893
3492,1476,9 2 9,21,1560845
3493,1472,9 2 8,21,1560845
3494,1473,9 6 5,21,1560845
3495,1466,9 15 4,20.5,1560791
3496,1492,12 3 0,21.5,1560630
3497,1472,11 1 14,20.5,1560592
3498,1468,11 1 13,20.5,1560592
3499,1468,13 6 14,20,1560580
3500,1471,13 8 13,20,1560580
3501,1467,13 8 12,20,1560580
3502,1465,12 13 9,20,1560578
3503,1472,6 2 5,21.5,1560550
3504,1468,6 2 4,21.5,1560550
3505,1471,6 4 3,21.5,1560550
3506,1493,15 5 2,21,1560465
3507,1489,15 5 1,21,1560465
3508,1469,5 9 0,21.5,1560451
3509,1471,8 11 2,21,1560431
3510,1466,8 11 1,21,1560431
3511,1473,9 0 10,21,1560337
3512,1476,9 8 4,21,1560337
3513,1471,9 8 3,21,1560337
3514,1465,13 4 15,20,1560251
3515,1470,13 10 11,20,1560251
3516,1465,13 10 10,20,1560251
3517,1474,6 0 7,21.5,1560208
3518,1469,6 0 6,21.5,1560208
3519,1474,6 6 2,21.5,1560208
3520,1469,6 6 1,21.5,1560208
3521,1474,11 11 6,20.5,1560175
3522,1469,11 11 5,20.5,1560175
3523,1477,12 4 11,20.5,1560148
3524,1472,12 4 10,20.5,1560148
3525,1475,12 6 9,20.5,1560148
3526,1471,12 6 8,20.5,1560148
3527,1487,15 14 1,20.5,1560049
3528,1482,15 14 0,20.5,1560049
3529,1469,2 3 2,22,1560041
3530,1469,10 14 4,20.5,1559975
3531,1474,12 2 12,20.5,1559813
3532,1474,12 8 7,20.5,1559813
3533,1467,2 5 0,22,1559783
3534,1477,10 3 7,21,1559755
3535,1473,10 3 6,21,1559755
3536,1491,15 7 0,21,1559683
3537,1476,10 5 5,21,1559670
3538,1468,13 12 9,20,1559595
3539,1471,6 8 0,21.5,1559524
3540,1468,12 15 8,20,1559515
3541,1479,10 1 9,21,1559500
3542,1474,10 1 8,21,1559500
3543,1474,9 10 2,21,1559490
3544,1469,9 10 1,21,1559490
3545,1496,13 0 2,21.5,1559415
3546,1491,13 0 1,21.5,1559415
3547,1473,7 3 3,21.5,1559384
3548,1464,14 12 15,19.5,1559382
3549,1474,14 7 13,20,1559368
3550,1469,14 7 12,20,1559368
3551,1475,7 1 5,21.5,1559298
3552,1470,7 1 4,21.5,1559298
3553,1471,14 5 14,20,1559286
3554,1478,10 7 4,21,1559245
3555,1474,10 7 3,21,1559245
3556,1494,13 2 0,21.5,1559238
3557,1468,8 13 0,21,1559166
3558,1475,12 0 14,20.5,1559143
3559,1470,12 0 13,20.5,1559143
3560,1476,12 10 6,20.5,1559143
3561,1472,12 10 5,20.5,1559143
3562,1476,7 5 2,21.5,1559126
3563,1471,7 5 1,21.5,1559126
3564,1472,14 9 11,20,1559121
3565,1468,14 9 10,20,1559121
3566,1472,11 13 4,20.5,1559090
3567,1467,11 13 3,20.5,1559090
3568,1472,3 2 2,22,1558960
3569,1467,3 2 1,22,1558960
3570,1478,13 5 9,20.5,1558884
3571,1473,13 5 8,20.5,1558884
3572,1467,14 3 15,20,1558873
3573,1479,13 3 11,20.5,1558800
3574,1475,13 3 10,20.5,1558800
3575,1469,3 0 3,22,1558787
3576,1470,3 4 0,22,1558787
3577,1476,13 7 7,20.5,1558632
3578,1471,13 14 8,20,1558610
3579,1466,13 14 7,20,1558610
3580,1471,14 11 9,20,1558544
3581,1474,7 7 0,21.5,1558524
3582,1476,10 9 2,21,1558479
3583,1471,10 9 1,21,1558479
3584,1480,11 2 7,21,1558424
3585,1475,11 2 6,21,1558424
3586,1478,11 4 5,21,1558424
3587,1476,13 1 12,20.5,1558379
3588,1471,9 12 0,21,1558304
3589,1467,15 11 15,19.5,1558302
3590,1476,8 2 3,21.5,1558145
3591,1474,12 12 4,20.5,1558138
3592,1470,12 12 3,20.5,1558138
3593,1476,15 6 13,20,1558087
3594,1472,15 6 12,20,1558087
3595,1481,11 0 9,21,1558082
3596,1477,11 0 8,21,1558082
3597,1481,11 6 4,21,1558082
3598,1476,11 6 3,21,1558082
3599,1479,13 9 6,20.5,1558043
3600,1474,13 9 5,20.5,1558043
3601,1478,8 0 5,21.5,1557972
3602,1473,8 0 4,21.5,1557972
3603,1479,8 4 2,21.5,1557972
3604,1474,8 4 1,21.5,1557972
3605,1473,15 4 14,20,1557922
3606,1475,15 8 11,20,1557922
3607,1470,15 8 10,20,1557922
3608,1475,4 1 2,22,1557804
3609,1470,4 1 1,22,1557804
3610,1497,14 1 0,21.5,1557775
3611,1465,15 13 13,19.5,1557737
3612,1473,4 3 0,22,1557717
3613,1469,11 15 2,20.5,1557672
3614,1473,14 13 8,20,1557637
3615,1469,14 13 7,20,1557637
3616,1481,14 4 9,20.5,1557549
3617,1476,14 4 8,20.5,1557549
3618,1477,8 6 0,21.5,1557454
3619,1470,15 2 15,20,1557425
3620,1473,15 10 9,20,1557425
3621,1479,11 8 2,21,1557399
3622,1474,11 8 1,21,1557399
3623,1482,14 2 11,20.5,1557380
3624,1477,14 2 10,20.5,1557380
3625,1479,14 6 7,20.5,1557380
3626,1474,10 11 0,21,1557373
3627,1477,13 11 4,20.5,1557117
3628,1472,13 11 3,20.5,1557117
3629,1481,12 3 5,21,1557107
3630,1482,12 1 7,21,1557021
3631,1478,12 1 6,21,1557021
3632,1479,14 0 12,20.5,1556873
3633,1482,14 8 6,20.5,1556873
3634,1477,14 8 5,20.5,1556873
3635,1463,15 15 11,19.5,1556849
3636,1484,12 5 4,21,1556849
3637,1479,12 5 3,21,1556849
3638,1479,9 1 3,21.5,1556833
3639,1472,12 14 2,20.5,1556797
3640,1482,9 3 2,21.5,1556746
3641,1477,9 3 1,21.5,1556746
3642,1476,15 12 8,20,1556597
3643,1471,15 12 7,20,1556597
3644,1478,5 0 2,22,1556573
3645,1473,5 0 1,22,1556573
3646,1476,5 2 0,22,1556573
3647,1471,14 15 6,20,1556400
3648,1467,14 15 5,20,1556400
3649,1477,11 10 0,21,1556373
3650,1480,9 5 0,21.5,1556312
3651,1482,12 7 2,21,1556249
3652,1477,12 7 1,21,1556249
3653,1499,15 0 0,21.5,1556241
3654,1483,15 3 9,20.5,1556145
3655,1478,15 3 8,20.5,1556145
3656,1482,15 5 7,20.5,1556060
3657,1480,14 10 4,20.5,1556028
3658,1475,14 10 3,20.5,1556028
3659,1485,15 1 11,20.5,1555890
3660,1480,15 1 10,20.5,1555890
3661,1475,13 13 2,20.5,1555855
3662,1465,9 6 11,20.5,1555748
3663,1483,13 2 5,21,1555718
3664,1484,15 7 6,20.5,1555636
3665,1480,15 7 5,20.5,1555636
3666,1485,13 0 7,21,1555546
3667,1480,13 0 6,21,1555546
3668,1486,13 4 4,21,1555546
3669,1482,13 4 3,21,1555546
3670,1481,10 0 3,21.5,1555447
3671,1484,10 2 2,21.5,1555447
3672,1480,10 2 1,21.5,1555447
3673,1474,15 14 6,20,1555438
3674,1469,15 14 5,20,1555438
3675,1478,6 1 0,22,1555355
3676,1480,12 9 0,21,1555305
3677,1467,7 3 9,21,1555174
3678,1482,10 4 0,21.5,1555099
3679,1484,13 6 2,21,1555029
3680,1480,13 6 1,21,1555029
3681,1483,15 9 4,20.5,1554872
3682,1478,15 9 3,20.5,1554872
3683,1478,14 12 2,20.5,1554845
3684,1468,10 5 11,20.5,1554577
3685,1466,10 7 9,20.5,1554494
3686,1466,7 9 4,21,1554419
3687,1486,14 1 5,21,1554259
3688,1477,13 15 1,20.5,1554256
3689,1473,13 15 0,20.5,1554256
3690,1489,14 3 4,21,1554172
3691,1484,14 3 3,21,1554172
3692,1482,13 8 0,21,1554167
3693,1468,8 4 7,21,1554107
3694,1487,11 1 2,21.5,1554077
3695,1482,11 1 1,21.5,1554077
3696,1481,7 0 0,22,1554063
3697,1470,8 2 9,21,1553938
3698,1466,8 6 5,21,1553938
3699,1485,11 3 0,21.5,1553815
3700,1465,12 8 13,20,1553795
3701,1480,15 11 2,20.5,1553768
3702,1466,10 1 14,20.5,1553747
3703,1487,14 5 2,21,1553739
3704,1482,14 5 1,21,1553739
3705,1466,8 0 10,21,1553432
3706,1469,8 8 4,21,1553432
3707,1470,11 4 11,20.5,1553335
3708,1466,11 4 10,20.5,1553335
3709,1469,11 6 9,20.5,1553335
3710,1467,10 11 6,20.5,1553332
3711,1480,14 14 1,20.5,1553324
3712,1475,14 14 0,20.5,1553324
3713,1467,5 0 7,21.5,1553212
3714,1467,5 6 2,21.5,1553212
3715,1467,11 2 12,20.5,1553002
3716,1467,11 8 7,20.5,1553002
3717,1485,14 7 0,21,1552960
3718,1471,9 3 7,21,1552884
3719,1466,9 3 6,21,1552884
3720,1469,9 5 5,21,1552799
3721,1488,15 0 5,21,1552728
3722,1491,15 2 4,21,1552728
3723,1487,15 2 3,21,1552728
3724,1490,12 0 2,21.5,1552634
3725,1485,12 0 1,21.5,1552634
3726,1472,9 1 9,21,1552630
3727,1468,9 1 8,21,1552630
3728,1467,13 7 13,20,1552618
3729,1467,8 10 2,21,1552589
3730,1464,13 5 14,20,1552535
3731,1488,12 2 0,21.5,1552459
3732,1467,6 3 3,21.5,1552422
3733,1490,15 4 2,21,1552380
3734,1485,15 4 1,21,1552380
3735,1472,9 7 4,21,1552376
3736,1467,9 7 3,21,1552376
3737,1466,13 9 11,20,1552371
3738,1469,6 1 5,21.5,1552337
3739,1468,11 0 14,20.5,1552334
3740,1470,11 10 6,20.5,1552334
3741,1465,11 10 5,20.5,1552334
3742,1483,15 13 1,20.5,1552326
3743,1478,15 13 0,20.5,1552326
3744,1465,10 13 4,20.5,1552252
3745,1470,6 5 2,21.5,1552166
3746,1472,12 5 9,20.5,1552106
3747,1467,12 5 8,20.5,1552106
3748,1473,12 3 11,20.5,1552022
3749,1469,12 3 10,20.5,1552022
3750,1470,12 7 7,20.5,1551855
3751,1464,12 14 8,20,1551833
3752,1464,13 11 9,20,1551797
3753,1488,15 6 0,21,1551685
3754,1470,9 9 2,21,1551613
3755,1470,12 1 12,20.5,1551604
3756,1473,10 2 7,21,1551589
3757,1469,10 2 6,21,1551589
3758,1472,10 4 5,21,1551589
3759,1468,6 7 0,21.5,1551567
3760,1470,14 6 13,20,1551371
3761,1466,14 6 12,20,1551371
3762,1468,11 12 4,20.5,1551334
3763,1473,12 9 6,20.5,1551268
3764,1468,12 9 5,20.5,1551268
3765,1475,10 0 9,21,1551248
3766,1470,10 0 8,21,1551248
3767,1475,10 6 4,21,1551248
3768,1470,10 6 3,21,1551248
3769,1470,7 2 3,21.5,1551220
3770,1467,14 4 14,20,1551206
3771,1469,14 8 11,20,1551206
3772,1464,14 8 10,20,1551206
3773,1471,7 0 5,21.5,1551048
3774,1467,7 0 4,21.5,1551048
3775,1472,7 4 2,21.5,1551048
3776,1468,7 4 1,21.5,1551048
3777,1490,13 1 0,21.5,1551032
3778,1467,13 13 8,20,1550894
3779,1474,13 4 9,20.5,1550807
3780,1470,13 4 8,20.5,1550807
3781,1468,3 1 2,22,1550755
3782,1467,14 10 9,20,1550712
3783,1476,13 2 11,20.5,1550639
3784,1471,13 2 10,20.5,1550639
3785,1473,13 6 7,20.5,1550639
3786,1473,10 8 2,21,1550568
3787,1468,10 8 1,21,1550568
3788,1470,7 6 0,21.5,1550532
3789,1468,9 11 0,21,1550512
3790,1463,15 10 15,19.5,1550471
3791,1471,12 11 4,20.5,1550347
3792,1466,12 11 3,20.5,1550347
3793,1474,11 3 5,21,1550307
3794,1476,11 1 7,21,1550222
3795,1471,11 1 6,21,1550222
3796,1472,13 0 12,20.5,1550134
3797,1475,13 8 6,20.5,1550134
3798,1471,13 8 5,20.5,1550134
3799,1473,15 5 13,20,1550056
3800,1468,15 5 12,20,1550056
3801,1477,11 5 4,21,1550051
3802,1472,11 5 3,21,1550051
3803,1466,11 14 2,20.5,1549999
3804,1471,15 7 11,20,1549973
3805,1467,15 7 10,20,1549973
3806,1472,8 1 3,21.5,1549944
3807,1470,14 12 8,20,1549887
3808,1465,14 12 7,20,1549887
3809,1475,8 3 2,21.5,1549858
3810,1470,8 3 1,21.5,1549858
3811,1469,15 3 14,20,1549807
3812,1465,13 15 6,20,1549662
3813,1471,4 0 2,22,1549561
3814,1469,4 2 0,22,1549561
3815,1469,15 9 9,20,1549559
3816,1470,10 10 0,21,1549547
3817,1493,14 0 0,21.5,1549533
3818,1475,11 7 2,21,1549453
3819,1470,11 7 1,21,1549453
3820,1477,14 3 9,20.5,1549437
3821,1472,14 3 8,20.5,1549437
3822,1473,8 5 0,21.5,1549426
3823,1475,14 5 7,20.5,1549353
3824,1473,13 10 4,20.5,1549292
3825,1469,13 10 3,20.5,1549292
3826,1466,15 1 15,20,1549228
3827,1478,14 1 11,20.5,1549184
3828,1474,14 1 10,20.5,1549184
3829,1469,12 13 2,20.5,1549090
3830,1477,12 2 5,21,1548954
3831,1478,14 7 6,20.5,1548930
3832,1473,14 7 5,20.5,1548930
3833,1472,15 11 8,20,1548814
3834,1468,15 11 7,20,1548814
3835,1479,12 0 7,21,1548783
3836,1474,12 0 6,21,1548783
3837,1480,12 4 4,21,1548783
3838,1475,12 4 3,21,1548783
3839,1468,14 14 6,20,1548733
3840,1475,9 0 3,21.5,1548595
3841,1478,9 2 2,21.5,1548595
3842,1473,9 2 1,21.5,1548595
3843,1473,11 9 0,21,1548513
3844,1472,5 1 0,22,1548380
3845,1478,12 6 2,21,1548268
3846,1473,12 6 1,21,1548268
3847,1476,9 4 0,21.5,1548248
3848,1476,14 9 4,20.5,1548170
3849,1471,14 9 3,20.5,1548170
3850,1471,13 12 2,20.5,1548114
3851,1479,15 2 9,20.5,1547997
3852,1475,15 2 8,20.5,1547997
3853,1478,15 4 7,20.5,1547997
3854,1470,15 13 6,20,1547737
3855,1466,15 13 5,20,1547737
3856,1481,15 0 11,20.5,1547658
3857,1476,15 0 10,20.5,1547658
3858,1481,15 6 6,20.5,1547658
3859,1476,15 6 5,20.5,1547658
3860,1479,13 1 5,21,1547530
3861,1471,12 15 1,20.5,1547499
3862,1466,12 15 0,20.5,1547499
3863,1482,13 3 4,21,1547444
3864,1478,13 3 3,21,1547444
3865,1476,12 8 0,21,1547410
3866,1480,10 1 2,21.5,1547261
3867,1476,10 1 1,21.5,1547261
3868,1475,6 0 0,22,1547126
3869,1474,14 11 2,20.5,1547071
3870,1481,13 5 2,21,1547013
3871,1476,13 5 1,21,1547013
3872,1479,10 3 0,21.5,1547000
3873,1479,15 8 4,20.5,1546979
3874,1474,15 8 3,20.5,1546979
3875,1474,13 14 1,20.5,1546600
3876,1469,13 14 0,20.5,1546600
3877,1468,15 15 4,20,1546330
3878,1478,13 7 0,21,1546237
3879,1482,14 0 5,21,1546035
3880,1485,14 2 4,21,1546035
3881,1480,14 2 3,21,1546035
3882,1477,15 10 2,20.5,1545961
3883,1483,11 0 2,21.5,1545854
3884,1478,11 0 1,21.5,1545854
3885,1466,8 1 9,21,1545760
3886,1483,14 4 2,21,1545689
3887,1478,14 4 1,21,1545689
3888,1481,11 2 0,21.5,1545679
3889,1477,14 13 1,20.5,1545635
3890,1472,14 13 0,20.5,1545635
3891,1465,11 5 9,20.5,1545328
3892,1467,11 3 11,20.5,1545245
3893,1481,14 6 0,21,1544996
3894,1467,9 2 7,21,1544754
3895,1479,15 12 1,20.5,1544603
3896,1474,15 12 0,20.5,1544603
3897,1488,15 1 4,21,1544556
3898,1483,15 1 3,21,1544556
3899,1466,11 9 6,20.5,1544494
3900,1468,9 0 9,21,1544415
3901,1468,9 6 4,21,1544415
3902,1486,15 3 2,21,1544295
3903,1481,15 3 1,21,1544295
3904,1484,12 1 0,21.5,1544288
3905,1468,12 4 9,20.5,1544064
3906,1469,12 2 11,20.5,1543897
3907,1466,12 6 7,20.5,1543897
3908,1466,9 8 2,21,1543737
3909,1484,15 5 0,21,1543686
3910,1468,10 3 5,21,1543508
3911,1469,10 1 7,21,1543422
3912,1466,12 0 12,20.5,1543394
3913,1469,12 8 6,20.5,1543394
3914,1466,14 5 13,20,1543374
3915,1465,14 7 11,20,1543292
3916,1471,10 5 4,21,1543252
3917,1466,10 5 3,21,1543252
3918,1469,7 3 2,21.5,1542969
3919,1486,13 0 0,21.5,1542825
3920,1470,13 3 9,20.5,1542730
3921,1466,13 3 8,20.5,1542730
3922,1469,10 7 2,21,1542657
3923,1469,13 5 7,20.5,1542646
3924,1467,12 10 4,20.5,1542556
3925,1467,7 5 0,21.5,1542540
3926,1472,13 1 11,20.5,1542477
3927,1467,13 1 10,20.5,1542477
3928,1472,13 7 6,20.5,1542225
3929,1467,13 7 5,20.5,1542225
3930,1470,11 2 5,21,1542190
3931,1466,14 11 8,20,1542138
3932,1469,15 4 13,20,1542024
3933,1464,15 4 12,20,1542024
3934,1467,15 6 11,20,1542024
3935,1472,11 0 7,21,1542019
3936,1467,11 0 6,21,1542019
3937,1473,11 4 4,21,1542019
3938,1469,11 4 3,21,1542019
3939,1468,8 0 3,21.5,1541743
3940,1471,8 2 2,21.5,1541743
3941,1466,8 2 1,21.5,1541743
3942,1467,10 9 0,21,1541721
3943,1466,15 2 14,20,1541693
3944,1466,15 8 9,20,1541693
3945,1471,11 6 2,21,1541507
3946,1467,11 6 1,21,1541507
3947,1470,13 9 4,20.5,1541468
3948,1465,13 9 3,20.5,1541468
3949,1469,8 4 0,21.5,1541398
3950,1465,12 12 2,20.5,1541384
3951,1473,14 2 9,20.5,1541325
3952,1468,14 2 8,20.5,1541325
3953,1471,14 4 7,20.5,1541325
3954,1464,14 13 6,20,1541066
3955,1469,15 10 8,20,1541031
3956,1464,15 10 7,20,1541031
3957,1474,14 0 11,20.5,1540987
3958,1470,14 0 10,20.5,1540987
3959,1474,14 6 6,20.5,1540987
3960,1470,14 6 5,20.5,1540987
3961,1473,12 1 5,21,1540802
3962,1476,12 3 4,21,1540716
3963,1471,12 3 3,21,1540716
3964,1469,11 8 0,21,1540652
3965,1474,9 1 2,21.5,1540445
3966,1469,9 1 1,21.5,1540445
3967,1468,13 11 2,20.5,1540374
3968,1472,14 8 4,20.5,1540311
3969,1468,14 8 3,20.5,1540311
3970,1474,12 5 2,21,1540287
3971,1469,12 5 1,21,1540287
3972,1468,5 0 0,22,1540188
3973,1472,9 3 0,21.5,1540185
3974,1467,15 12 6,20,1540037
3975,1474,15 3 7,20.5,1539935
3976,1467,12 14 1,20.5,1539876
3977,1475,15 1 9,20.5,1539850
3978,1471,15 1 8,20.5,1539850
3979,1477,15 5 6,20.5,1539680
3980,1472,15 5 5,20.5,1539680
3981,1472,12 7 0,21,1539515
3982,1476,13 0 5,21,1539342
3983,1479,13 2 4,21,1539342
3984,1474,13 2 3,21,1539342
3985,1470,14 10 2,20.5,1539297
3986,1475,15 7 4,20.5,1539086
3987,1470,15 7 3,20.5,1539086
3988,1477,10 0 2,21.5,1539074
3989,1472,10 0 1,21.5,1539074
3990,1477,13 4 2,21,1538998
3991,1472,13 4 1,21,1538998
3992,1470,13 13 1,20.5,1538944
3993,1465,13 13 0,20.5,1538944
3994,1475,10 2 0,21.5,1538900
3995,1465,15 14 4,20,1538712
3996,1475,13 6 0,21,1538308
3997,1473,15 9 2,20.5,1538153
3998,1473,14 12 1,20.5,1537945
3999,1468,14 12 0,20.5,1537945
4000,1481,14 1 4,21,1537898
4001,1476,14 1 3,21,1537898
4002,1479,14 3 2,21,1537638
4003,1474,14 3 1,21,1537638
4004,1477,11 1 0,21.5,1537544
4005,1477,14 5 0,21,1537032
4006,1476,15 11 1,20.5,1536880
4007,1471,15 11 0,20.5,1536880
4008,1484,15 0 4,21,1536383
4009,1479,15 0 3,21,1536383
4010,1482,15 2 2,21,1536210
4011,1477,15 2 1,21,1536210
4012,1480,12 0 0,21.5,1536117
4013,1465,12 1 11,20.5,1535771
4014,1480,15 4 0,21,1535688
4015,1465,12 7 6,20.5,1535520
4016,1466,10 0 7,21,1535256
4017,1467,10 4 4,21,1535256
4018,1466,13 2 9,20.5,1534653
4019,1465,13 4 7,20.5,1534653
4020,1468,13 0 11,20.5,1534316
4021,1468,13 6 6,20.5,1534316
4022,1467,11 1 5,21,1534074
4023,1465,15 3 13,20,1533993
4024,1470,11 3 4,21,1533988
4025,1466,13 8 4,20.5,1533643
4026,1467,8 1 2,21.5,1533629
4027,1468,11 5 2,21,1533561
4028,1467,14 3 7,20.5,1533297
4029,1465,15 9 8,20,1533248
4030,1469,14 1 9,20.5,1533213
4031,1470,14 5 6,20.5,1533044
4032,1466,14 5 5,20.5,1533044
4033,1466,11 7 0,21,1532792
4034,1469,12 0 5,21,1532650
4035,1472,12 2 4,21,1532650
4036,1467,12 2 3,21,1532650
4037,1469,14 7 4,20.5,1532452
4038,1470,12 4 2,21,1532306
4039,1470,9 0 2,21.5,1532294
4040,1468,9 2 0,21.5,1532121
4041,1470,15 2 7,20.5,1531872
4042,1471,15 0 9,20.5,1531703
4043,1467,15 0 8,20.5,1531703
4044,1473,15 4 6,20.5,1531703
4045,1468,15 4 5,20.5,1531703
4046,1468,12 6 0,21,1531620
4047,1467,14 9 2,20.5,1531523
4048,1466,13 12 1,20.5,1531287
4049,1475,13 1 4,21,1531241
4050,1470,13 1 3,21,1531241
4051,1471,15 6 4,20.5,1531193
4052,1466,15 6 3,20.5,1531193
4053,1473,13 3 2,21,1530982
4054,1468,13 3 1,21,1530982
4055,1471,10 1 0,21.5,1530801
4056,1471,13 5 0,21,1530379
4057,1469,15 8 2,20.5,1530345
4058,1469,14 11 1,20.5,1530255
4059,1477,14 0 4,21,1529761
4060,1472,14 0 3,21,1529761
4061,1475,14 2 2,21,1529588
4062,1471,14 2 1,21,1529588
4063,1473,11 0 0,21.5,1529409
4064,1472,15 10 1,20.5,1529157
4065,1467,15 10 0,20.5,1529157
4066,1473,14 4 0,21,1529069
4067,1478,15 1 2,21,1528124
4068,1473,15 1 1,21,1528124
4069,1476,15 3 0,21,1527690
4070,1466,11 2 4,21,1525957
4071,1465,14 0 9,20.5,1525101
4072,1467,14 4 6,20.5,1525101
4073,1465,14 6 4,20.5,1524594
4074,1468,12 1 4,21,1524583
4075,1466,12 3 2,21,1524326
4076,1466,15 1 7,20.5,1523810
4077,1469,15 3 6,20.5,1523725
4078,1467,15 5 4,20.5,1523301
4079,1471,13 0 4,21,1523139
4080,1466,13 0 3,21,1523139
4081,1469,13 2 2,21,1522966
4082,1467,10 0 0,21.5,1522701
4083,1465,14 10 1,20.5,1522565
4084,1465,15 7 2,20.5,1522537
4085,1467,13 4 0,21,1522449
4086,1472,14 1 2,21,1521537
4087,1467,14 1 1,21,1521537
4088,1468,15 9 1,20.5,1521434
4089,1470,14 3 0,21,1521105
4090,1474,15 0 2,21,1520039
4091,1469,15 0 1,21,1520039
4092,1472,15 2 0,21,1519691
4093,1465,15 2 6,20.5,1515747
4094,1468,14 0 2,21,1513487
4095,1466,14 2 0,21,1513141
4096,1468,15 1 0,21,1511693
