rank,cp,ivs,maxlevel,stat-product
1,1498,0 15 14,38.0,2101678
2,1498,0 15 11,38.5,2092507
3,1499,0 13 11,39.0,2091328
4,1497,0 14 12,38.5,2090498
5,1489,0 14 13,38.5,2090498
6,1489,1 14 13,38.0,2090393
7,1494,0 15 13,38.0,2089459
8,1498,1 15 14,37.5,2089241
9,1498,0 13 14,38.5,2088321
10,1498,1 13 14,38.0,2088216
11,1489,3 15 15,36.5,2088133
12,1493,0 14 14,38.0,2087381
13,1496,0 14 15,38.0,2087381
14,1496,1 14 15,37.5,2087163
15,1499,0 11 14,39.0,2086604
16,1490,0 15 15,37.5,2086231
17,1497,0 12 15,38.5,2085976
18,1510,0 9 14,39.5,2084303
19,1497,0 10 15,39.0,2083990
20,1499,1 15 8,38.5,2082984
21,1499,0 15 8,39.0,2082978
22,1489,0 13 8,39.5,2081839
23,1497,0 14 9,39.0,2081122
24,1495,0 15 10,38.5,2080199
25,1495,1 15 10,38.0,2080094
26,1498,1 15 11,38.0,2080094
27,1498,2 15 11,37.5,2079768
28,1509,0 12 9,39.5,2079715
29,1499,1 13 11,38.5,2079104
30,1496,0 13 10,39.0,2079098
31,1493,0 14 11,38.5,2078273
32,1497,1 14 12,38.0,2078168
33,1489,2 14 13,37.5,2077843
34,1489,1 11 11,39.0,2077537
35,1510,0 11 11,39.5,2077421
36,1499,3 14 13,37.0,2077295
37,1491,0 15 12,38.0,2077240
38,1494,1 15 13,37.5,2077023
39,1497,1 12 12,38.5,2076911
40,1494,0 12 11,39.0,2076905
41,1497,0 12 12,39.0,2076905
42,1494,2 15 13,37.0,2076584
43,1497,2 15 14,37.0,2076584
44,1492,0 13 12,38.5,2076179
45,1495,0 13 13,38.5,2076179
46,1495,1 13 13,38.0,2076075
47,1497,3 15 14,36.5,2075921
48,1498,2 13 14,37.5,2075750
49,1499,0 15 2,40,2075419
50,1500,0 9 11,40,2075162
51,1488,4 15 15,36.0,2075036
52,1492,1 14 14,37.5,2075029
53,1508,0 10 12,39.5,2074958
54,1496,2 14 15,37.0,2074590
55,1499,1 11 14,38.5,2074549
56,1496,0 11 13,39.0,2074543
57,1499,2 11 14,38.0,2074336
58,1495,3 14 15,36.5,2073928
59,1493,0 12 14,38.5,2073918
60,1493,1 12 14,38.0,2073814
61,1497,1 12 15,38.0,2073814
62,1490,1 15 15,37.0,2073772
63,1496,2 12 15,37.5,2073489
64,1489,2 15 15,36.5,2073217
65,1499,1 15 5,39.0,2073204
66,1506,0 15 4,39.5,2073089
67,1510,0 15 5,39.5,2073089
68,1491,0 13 15,38.0,2073084
69,1491,1 13 15,37.5,2072868
70,1499,1 9 14,39.0,2072439
71,1498,0 8 12,40,2072424
72,1507,0 9 13,39.5,2072324
73,1497,1 10 15,38.5,2072019
74,1494,0 10 14,39.0,2072013
75,1500,0 13 5,40,2071996
76,1498,1 14 6,39.0,2071504
77,1491,0 11 15,38.5,2071490
78,1508,0 14 6,39.5,2071390
79,1495,1 15 7,38.5,2070585
80,1492,0 15 6,39.0,2070579
81,1495,0 15 7,39.0,2070579
82,1499,2 15 8,38.0,2070372
83,1498,0 12 6,40,2070028
84,1510,1 7 14,39.5,2069736
85,1497,1 8 15,39.0,2069635
86,1489,1 13 8,39.0,2069635
87,1489,2 13 8,38.5,2069533
88,1505,0 8 14,39.5,2069520
89,1508,0 8 15,39.5,2069520
90,1507,0 13 7,39.5,2069520
91,1499,0 7 14,40,2069515
92,1492,0 9 15,39.0,2069314
93,1494,1 14 8,38.5,2068814
94,1497,1 14 9,38.5,2068814
95,1494,0 14 8,39.0,2068808
96,1497,2 14 9,38.0,2068601
97,1489,3 14 10,37.5,2068170
98,1489,1 11 8,39.5,2068110
99,1492,0 15 9,38.5,2067890
100,1496,0 11 7,40,2067889
101,1500,0 11 8,40,2067889
102,1491,1 15 9,38.0,2067786
103,1498,1 12 9,39.0,2067596
104,1505,0 12 8,39.5,2067482
105,1495,2 15 10,37.5,2067462
106,1498,3 15 11,37.0,2066917
107,1496,1 13 10,38.5,2066874
108,1492,0 13 9,39.0,2066868
109,1495,2 13 10,38.0,2066661
110,1499,2 13 11,38.0,2066661
111,1497,0 6 15,40,2066434
112,1499,3 13 11,37.5,2066231
113,1490,0 14 10,38.5,2066048
114,1490,1 14 10,38.0,2065944
115,1493,1 14 11,38.0,2065944
116,1509,1 10 9,39.5,2065800
117,1493,2 14 11,37.5,2065620
118,1496,2 14 12,37.5,2065620
119,1498,0 10 9,40,2065578
120,1496,1 11 10,39.0,2065387
121,1489,2 11 11,38.5,2065285
122,1503,0 11 9,39.5,2065273
123,1507,0 11 10,39.5,2065273
124,1489,5 15 12,36.0,2065167
125,1496,3 14 12,37.0,2065076
126,1491,1 15 12,37.5,2064806
127,1494,1 12 11,38.5,2064765
128,1490,0 12 10,39.0,2064759
129,1497,2 12 12,38.0,2064553
130,1490,2 15 12,37.0,2064369
131,1499,4 14 13,36.5,2064312
132,1489,3 12 13,37.5,2064123
133,1492,1 13 12,38.0,2063934
134,1493,3 15 13,36.5,2063710
135,1495,2 13 13,37.5,2063611
136,1489,4 12 13,37.0,2063474
137,1489,2 9 11,39.0,2063324
138,1489,1 9 11,39.5,2063318
139,1496,0 9 10,40,2063097
140,1494,3 13 13,37.0,2063067
141,1498,3 13 14,37.0,2063067
142,1510,1 15 2,39.5,2063061
143,1494,1 10 11,39.0,2063008
144,1498,1 10 12,39.0,2063008
145,1498,2 10 12,38.5,2062906
146,1505,0 10 11,39.5,2062894
147,1496,0 15 1,40,2062840
148,1496,4 15 14,36.0,2062830
149,1492,1 11 12,38.5,2062488
150,1496,1 11 13,38.5,2062488
151,1492,0 11 12,39.0,2062482
152,1492,2 14 14,37.0,2062457
153,1497,4 13 14,36.5,2062304
154,1495,2 11 13,38.0,2062276
155,1500,1 13 2,40,2062125
156,1490,0 12 13,38.5,2061861
157,1498,3 11 14,37.5,2061846
158,1492,3 14 14,36.5,2061799
159,1490,1 12 13,38.0,2061757
160,1499,5 15 15,35.5,2061728
161,1509,1 14 3,39.5,2061521
162,1493,2 12 14,37.5,2061434
163,1488,5 13 15,36.0,2061321
164,1494,0 14 2,40,2061300
165,1498,0 14 3,40,2061300
166,1494,4 14 15,36.0,2060920
167,1496,3 12 15,37.0,2060891
168,1496,1 15 4,39.0,2060714
169,1509,1 8 12,39.5,2060665
170,1500,1 7 11,40,2060659
171,1499,2 15 5,38.5,2060612
172,1503,0 15 3,39.5,2060600
173,1496,1 9 13,39.0,2060459
174,1494,0 8 11,40,2060444
175,1498,6 15 15,35.0,2060405
176,1490,2 13 15,37.0,2060380
177,1499,2 9 14,38.5,2060357
178,1503,0 9 12,39.5,2060345
179,1499,3 15 5,38.0,2060294
180,1495,4 12 15,36.5,2060129
181,1494,1 10 14,38.5,2060042
182,1499,3 9 14,38.0,2060039
183,1490,0 10 13,39.0,2060036
184,1494,2 10 14,38.0,2059830
185,1497,2 10 15,38.0,2059830
186,1489,2 13 5,39.0,2059815
187,1507,1 13 4,39.5,2059809
188,1489,1 13 5,39.5,2059809
189,1490,3 13 15,36.5,2059723
190,1496,0 13 4,40,2059589
191,1491,1 11 15,38.0,2059413
192,1497,3 10 15,37.5,2059401
193,1494,1 14 5,39.0,2059100
194,1491,2 11 15,37.5,2059090
195,1498,2 14 6,38.5,2058998
196,1501,0 14 4,39.5,2058986
197,1505,0 14 5,39.5,2058986
198,1500,1 11 5,40,2058332
199,1492,1 15 6,38.5,2058186
200,1495,2 15 7,38.0,2057975
201,1498,2 12 6,39.0,2057933
202,1509,1 12 6,39.5,2057927
203,1499,2 7 14,39.0,2057847
204,1507,1 7 13,39.5,2057841
205,1494,1 8 14,39.0,2057741
206,1498,1 6 12,40,2057729
207,1495,0 12 5,40,2057706
208,1497,2 8 15,38.5,2057639
209,1501,0 8 13,39.5,2057627
210,1492,0 7 12,40,2057621
211,1496,0 7 13,40,2057621
212,1495,3 15 7,37.5,2057546
213,1499,3 15 8,37.5,2057546
214,1492,1 9 15,38.5,2057427
215,1493,1 13 6,39.0,2057316
216,1496,1 13 7,39.0,2057316
217,1496,2 13 7,38.5,2057214
218,1503,0 13 6,39.5,2057202
219,1498,4 15 8,37.0,2056899
220,1499,3 13 8,38.0,2056896
221,1490,1 14 7,38.5,2056499
222,1490,0 14 7,39.0,2056493
223,1494,2 14 8,38.0,2056288
224,1498,1 10 6,40,2056177
225,1489,2 11 8,39.0,2055879
226,1507,1 11 7,39.5,2055873
227,1497,3 14 9,37.5,2055859
228,1489,3 11 8,38.5,2055671
229,1493,0 11 6,40,2055653
230,1494,1 12 8,39.0,2055362
231,1494,2 12 8,38.5,2055260
232,1498,2 12 9,38.5,2055260
233,1502,0 12 7,39.5,2055248
234,1496,4 14 9,37.0,2055213
235,1489,4 14 10,37.0,2055213
236,1491,2 15 9,37.5,2055155
237,1498,3 12 9,38.0,2054942
238,1497,2 6 15,39.0,2054852
239,1492,1 7 15,39.0,2054852
240,1505,1 6 14,39.5,2054846
241,1508,1 6 15,39.5,2054846
242,1503,0 7 15,39.5,2054738
243,1510,2 5 14,39.5,2054738
244,1492,1 13 9,38.5,2054644
245,1494,0 6 14,40,2054626
246,1499,1 5 14,40,2054626
247,1491,3 15 9,37.0,2054614
248,1494,3 15 10,37.0,2054614
249,1492,2 13 9,38.0,2054433
250,1499,5 14 10,36.5,2054349
251,1495,3 13 10,37.5,2054004
252,1489,2 9 8,39.5,2053962
253,1494,4 15 10,36.5,2053854
254,1497,4 15 11,36.5,2053854
255,1497,1 9 7,40,2053850
256,1500,1 9 8,40,2053850
257,1498,2 10 9,39.0,2053654
258,1506,1 10 8,39.5,2053648
259,1491,0 10 7,40,2053428
260,1495,0 10 8,40,2053428
261,1490,2 14 10,37.5,2053397
262,1498,4 13 11,37.0,2053359
263,1493,1 11 9,39.0,2053238
264,1496,2 11 10,38.5,2053136
265,1496,5 15 11,36.0,2052875
266,1493,3 14 11,37.0,2052857
267,1496,3 11 10,38.0,2052819
268,1499,3 11 11,38.0,2052819
269,1490,1 12 10,38.5,2052620
270,1490,2 12 10,38.0,2052409
271,1494,2 12 11,38.0,2052409
272,1499,4 11 11,37.5,2052286
273,1496,4 14 12,36.5,2052097
274,1493,3 12 11,37.5,2051981
275,1497,3 12 12,37.5,2051981
276,1499,6 15 12,35.5,2051677
277,1490,3 15 12,36.5,2051499
278,1491,2 13 12,37.5,2051472
279,1509,2 8 9,39.5,2051463
280,1492,0 5 15,40,2051460
281,1489,6 13 12,36.0,2051415
282,1498,1 8 9,40,2051351
283,1497,1 4 15,40,2051351
284,1496,4 12 12,37.0,2051336
285,1509,2 14 0,39.5,2051290
286,1496,2 9 10,39.0,2051258
287,1504,1 9 9,39.5,2051252
288,1507,1 9 10,39.5,2051252
289,1498,1 14 0,40,2051178
290,1495,5 14 12,36.0,2051119
291,1498,5 14 13,36.0,2051119
292,1489,3 9 11,38.5,2051050
293,1493,0 9 9,40,2051032
294,1491,1 10 10,39.0,2050944
295,1491,3 13 12,37.0,2050932
296,1494,2 10 11,38.5,2050842
297,1502,0 10 10,39.5,2050830
298,1489,4 15 12,36.0,2050624
299,1493,4 15 13,36.0,2050624
300,1497,3 10 12,38.0,2050525
301,1496,2 15 1,39.0,2050488
302,1499,2 15 2,39.0,2050488
303,1503,1 15 0,39.5,2050482
304,1507,1 15 1,39.5,2050482
305,1499,5 12 13,36.5,2050473
306,1499,3 15 2,38.5,2050280
307,1492,0 15 0,40,2050262
308,1492,2 11 12,38.0,2050216
309,1494,4 13 13,36.5,2050173
310,1489,4 10 13,37.5,2049993
311,1497,6 14 13,35.5,2049921
312,1495,3 11 13,37.5,2049788
313,1489,2 13 2,39.5,2049739
314,1496,1 13 1,40,2049627
315,1492,5 15 13,35.5,2049529
316,1495,5 15 14,35.5,2049529
317,1490,2 12 13,37.5,2049379
318,1489,5 10 13,37.0,2049246
319,1496,5 13 14,36.0,2049195
320,1495,4 11 13,37.0,2049144
321,1498,4 11 14,37.0,2049144
322,1498,2 14 3,39.0,2049033
323,1505,1 14 2,39.5,2049027
324,1493,3 12 14,37.0,2048839
325,1498,3 14 3,38.5,2048825
326,1491,0 14 1,40,2048807
327,1491,4 14 14,36.0,2048797
328,1489,2 7 11,39.5,2048791
329,1495,2 8 11,39.0,2048691
330,1498,2 8 12,39.0,2048691
331,1489,3 7 11,39.0,2048691
332,1505,1 8 11,39.5,2048685
333,1496,1 7 10,40,2048679
334,1488,7 14 14,35.0,2048506
335,1498,3 8 12,38.5,2048483
336,1492,1 9 12,39.0,2048480
337,1491,0 8 10,40,2048465
338,1500,2 11 2,40,2048418
339,1492,2 9 12,38.5,2048378
340,1496,2 9 13,38.5,2048378
341,1497,5 11 14,36.5,2048283
342,1492,1 15 3,39.0,2048225
343,1494,6 15 14,35.0,2048213
344,1492,2 15 3,38.5,2048124
345,1496,2 15 4,38.5,2048124
346,1492,4 12 14,36.5,2048081
347,1490,1 10 13,38.5,2048065
348,1496,3 9 13,38.0,2048062
349,1509,2 12 3,39.5,2048015
350,1499,6 13 15,35.5,2047999
351,1495,1 12 2,40,2047903
352,1498,1 12 3,40,2047903
353,1490,2 10 13,38.0,2047854
354,1495,3 15 4,38.0,2047807
355,1494,5 14 15,35.5,2047703
356,1499,4 9 14,37.5,2047531
357,1493,3 10 14,37.5,2047428
358,1496,2 13 4,39.0,2047407
359,1504,1 13 3,39.5,2047401
360,1499,4 15 5,37.5,2047276
361,1489,6 11 15,36.0,2047205
362,1489,3 13 5,38.5,2047199
363,1489,0 13 2,40,2047182
364,1493,0 13 3,40,2047182
365,1495,5 12 15,36.0,2047105
366,1489,4 13 15,36.0,2046804
367,1496,4 10 15,37.0,2046784
368,1499,4 13 5,38.0,2046779
369,1491,1 14 4,39.0,2046696
370,1497,7 15 15,34.5,2046678
371,1494,2 14 5,38.5,2046594
372,1498,7 13 15,35.0,2046585
373,1491,3 11 15,37.0,2046579
374,1493,6 14 15,35.0,2046389
375,1494,3 14 5,38.0,2046278
376,1497,3 14 6,38.0,2046278
377,1508,2 11 4,39.5,2046119
378,1490,2 11 5,39.5,2046119
379,1489,3 11 5,39.0,2046019
380,1497,1 11 4,40,2046007
381,1496,2 7 13,39.0,2045952
382,1509,2 6 12,39.5,2045946
383,1503,1 7 12,39.5,2045946
384,1495,5 10 15,36.5,2045924
385,1491,1 8 13,39.0,2045846
386,1494,1 6 11,40,2045834
387,1490,4 11 15,36.5,2045822
388,1497,4 14 6,37.5,2045747
389,1494,2 8 14,38.5,2045745
390,1499,3 7 14,38.5,2045745
391,1489,0 7 11,40,2045727
392,1500,2 5 11,40,2045727
393,1495,2 12 5,39.0,2045610
394,1502,1 12 4,39.5,2045604
395,1505,1 12 5,39.5,2045604
396,1492,2 15 6,38.0,2045577
397,1494,3 8 14,38.0,2045429
398,1497,3 8 15,38.0,2045429
399,1498,3 12 6,38.5,2045403
400,1491,0 12 4,40,2045385
401,1492,2 9 15,38.0,2045324
402,1499,4 7 14,38.0,2045324
403,1492,3 15 6,37.5,2045151
404,1489,5 14 7,37.0,2045001
405,1491,3 9 15,37.5,2044898
406,1497,4 8 15,37.5,2044898
407,1493,2 13 6,38.5,2044895
408,1496,3 13 7,38.0,2044579
409,1495,4 15 7,37.0,2044508
410,1500,2 9 5,40,2044251
411,1509,2 10 6,39.5,2044050
412,1495,4 13 7,37.5,2044049
413,1499,4 13 8,37.5,2044049
414,1490,2 14 7,38.0,2043975
415,1498,3 10 6,39.0,2043950
416,1495,1 10 5,40,2043938
417,1497,5 15 8,36.5,2043649
418,1493,2 11 6,39.0,2043642
419,1497,2 11 7,39.0,2043642
420,1504,1 11 6,39.5,2043636
421,1490,3 14 7,37.5,2043549
422,1493,3 14 8,37.5,2043549
423,1496,3 11 7,38.5,2043434
424,1489,0 11 5,40,2043417
425,1498,5 13 8,37.0,2043303
426,1491,1 12 7,39.0,2043128
427,1494,2 6 14,39.0,2043043
428,1501,1 6 13,39.5,2043037
429,1491,2 12 7,38.5,2043026
430,1489,4 11 8,38.0,2043014
431,1492,2 7 15,38.5,2042941
432,1507,2 5 13,39.5,2042929
433,1493,4 14 8,37.0,2042906
434,1497,3 6 15,38.5,2042836
435,1499,3 5 14,39.0,2042830
436,1487,0 6 12,40,2042818
437,1490,0 6 13,40,2042818
438,1492,1 5 12,40,2042818
439,1496,1 5 13,40,2042818
440,1494,3 12 8,38.0,2042710
441,1498,2 4 12,40,2042602
442,1489,6 15 9,36.0,2042573
443,1497,4 12 9,37.5,2042180
444,1496,5 14 9,36.5,2042048
445,1499,2 8 6,40,2041907
446,1508,2 9 7,39.5,2041809
447,1492,3 13 9,37.5,2041778
448,1489,3 9 8,39.0,2041709
449,1493,1 9 6,40,2041697
450,1490,4 15 9,36.5,2041555
451,1495,2 10 8,39.0,2041502
452,1502,1 10 7,39.5,2041496
453,1497,5 12 9,37.0,2041436
454,1489,5 12 10,37.0,2041436
455,1489,4 9 8,38.5,2041398
456,1495,3 10 8,38.5,2041295
457,1498,3 10 9,38.5,2041295
458,1499,7 15 9,35.5,2041281
459,1488,0 10 6,40,2041278
460,1491,4 13 9,37.0,2041136
461,1495,4 13 10,37.0,2041136
462,1493,2 11 9,38.5,2040987
463,1498,6 14 10,36.0,2040973
464,1498,4 10 9,38.0,2040876
465,1492,3 11 9,38.0,2040672
466,1493,5 15 10,36.0,2040582
467,1499,6 12 10,36.5,2040477
468,1494,5 13 10,36.5,2040278
469,1498,5 13 11,36.5,2040278
470,1495,4 11 10,37.5,2040142
471,1492,2 5 15,39.0,2039962
472,1503,1 5 15,39.5,2039956
473,1492,4 14 11,36.5,2039882
474,1490,3 12 10,37.5,2039839
475,1505,2 4 14,39.5,2039740
476,1508,2 4 15,39.5,2039740
477,1488,0 5 14,40,2039737
478,1497,3 4 15,39.0,2039640
479,1494,1 4 14,40,2039629
480,1498,5 11 11,37.0,2039398
481,1506,2 8 8,39.5,2039395
482,1490,3 7 8,39.5,2039395
483,1496,6 15 11,35.5,2039391
484,1497,2 7 7,40,2039389
485,1500,2 7 8,40,2039389
486,1510,3 3 14,39.5,2039308
487,1499,2 3 14,40,2039303
488,1498,3 8 9,39.0,2039296
489,1491,1 8 7,40,2039284
490,1495,1 8 8,40,2039284
491,1497,6 13 11,36.0,2039205
492,1493,4 12 11,37.0,2039198
493,1493,2 9 9,39.0,2039192
494,1496,3 9 10,38.5,2038985
495,1486,0 9 7,40,2038967
496,1489,0 9 8,40,2038967
497,1491,5 14 11,36.0,2038910
498,1491,2 10 10,38.5,2038778
499,1498,3 14 0,39.0,2038606
500,1496,4 9 10,38.0,2038566
501,1499,4 9 11,38.0,2038566
502,1491,3 10 10,38.0,2038463
503,1494,3 10 11,38.0,2038463
504,1496,5 12 12,36.5,2038340
505,1488,8 14 11,35.0,2038175
506,1490,4 13 12,36.5,2038041
507,1495,7 15 11,35.0,2037982
508,1498,7 15 12,35.0,2037982
509,1494,4 10 11,37.5,2037934
510,1497,4 10 12,37.5,2037934
511,1499,5 9 11,37.5,2037934
512,1499,7 13 12,35.5,2037915
513,1492,2 15 0,39.0,2037908
514,1509,3 12 0,39.5,2037746
515,1498,2 12 0,40,2037740
516,1492,3 11 12,37.5,2037731
517,1494,6 14 12,35.5,2037720
518,1496,3 15 1,38.5,2037701
519,1495,4 15 1,38.0,2037283
520,1499,4 15 2,38.0,2037283
521,1495,6 12 12,36.0,2037268
522,1498,6 12 13,36.0,2037268
523,1489,7 11 12,36.0,2037268
524,1504,2 13 0,39.5,2037240
525,1507,2 13 1,39.5,2037240
526,1497,5 10 12,37.0,2037191
527,1496,3 13 1,39.0,2037141
528,1489,3 13 2,39.0,2037141
529,1493,1 13 0,40,2037129
530,1491,4 11 12,37.0,2037090
531,1490,5 13 12,36.0,2037070
532,1493,5 13 13,36.0,2037070
533,1489,4 13 2,38.5,2036831
534,1504,2 7 9,39.5,2036809
535,1507,2 7 10,39.5,2036809
536,1491,2 8 10,39.0,2036710
537,1496,3 7 10,39.0,2036710
538,1502,1 8 10,39.5,2036704
539,1509,3 6 9,39.5,2036704
540,1493,1 7 9,40,2036698
541,1498,2 6 9,40,2036698
542,1499,5 15 2,37.5,2036652
543,1491,2 14 1,39.0,2036539
544,1494,2 14 2,39.0,2036539
545,1502,1 14 1,39.5,2036533
546,1494,3 8 11,38.5,2036504
547,1486,0 4 15,40,2036486
548,1487,0 8 9,40,2036486
549,1489,4 7 11,38.5,2036400
550,1497,8 15 12,34.5,2036356
551,1489,8 15 13,34.5,2036356
552,1494,3 14 2,38.5,2036332
553,1487,0 14 0,40,2036315
554,1496,7 14 13,35.0,2036312
555,1492,1 3 15,40,2036267
556,1494,5 11 13,36.5,2036234
557,1499,6 10 13,36.5,2036234
558,1492,3 9 12,38.0,2036085
559,1497,4 8 12,38.0,2036085
560,1491,6 15 13,35.0,2036022
561,1490,3 11 2,39.5,2036009
562,1497,2 11 1,40,2036004
563,1497,7 12 13,35.5,2035979
564,1497,4 14 3,38.0,2035914
565,1492,6 13 13,35.5,2035881
566,1496,6 13 14,35.5,2035881
567,1497,2 2 15,40,2035830
568,1506,2 12 2,39.5,2035603
569,1490,5 14 14,35.5,2035586
570,1495,4 9 13,37.5,2035557
571,1498,3 12 3,39.0,2035503
572,1491,1 12 1,40,2035492
573,1490,3 10 13,37.5,2035454
574,1489,5 8 13,37.5,2035454
575,1492,3 15 3,38.0,2035320
576,1498,4 12 3,38.5,2035193
577,1497,6 11 14,36.0,2035162
578,1491,5 12 14,36.0,2035063
579,1493,2 13 3,39.0,2034998
580,1495,5 9 13,37.0,2034814
581,1493,4 10 14,37.0,2034814
582,1498,5 9 14,37.0,2034814
583,1495,4 15 4,37.5,2034792
584,1493,3 13 3,38.5,2034792
585,1496,3 13 4,38.5,2034792
586,1486,0 13 1,40,2034774
587,1498,8 14 14,34.5,2034687
588,1489,6 8 13,37.0,2034611
589,1499,9 15 13,34.0,2034512
590,1493,7 15 14,34.5,2034495
591,1495,7 13 14,35.0,2034475
592,1488,8 12 14,35.0,2034475
593,1489,6 14 4,37.0,2034440
594,1496,4 13 4,38.0,2034374
595,1489,6 14 14,35.0,2034280
596,1491,2 14 4,38.5,2034191
597,1509,3 10 3,39.5,2034100
598,1495,2 10 2,40,2034094
599,1499,2 10 3,40,2034094
600,1493,2 7 12,39.0,2034057
601,1505,2 6 11,39.5,2034051
602,1495,5 15 4,37.0,2034050
603,1498,5 15 5,37.0,2034050
604,1492,5 10 14,36.5,2033959
605,1494,3 6 11,39.0,2033952
606,1498,3 6 12,39.0,2033952
607,1491,1 6 10,40,2033940
608,1490,3 14 4,38.0,2033876
609,1494,6 12 15,35.5,2033875
610,1499,7 11 15,35.5,2033875
611,1497,6 9 14,36.5,2033858
612,1490,2 8 13,38.5,2033851
613,1492,3 7 12,38.5,2033851
614,1496,3 7 13,38.5,2033851
615,1489,3 5 11,39.5,2033839
616,1486,0 7 10,40,2033833
617,1496,2 5 10,40,2033833
618,1504,2 11 3,39.5,2033793
619,1499,5 13 5,37.5,2033744
620,1497,3 11 4,39.0,2033693
621,1490,1 11 2,40,2033681
622,1493,1 11 3,40,2033681
623,1498,4 6 12,38.5,2033642
624,1489,4 5 11,39.0,2033636
625,1490,3 8 13,38.0,2033537
626,1496,4 7 13,38.0,2033433
627,1489,4 11 5,38.5,2033383
628,1494,4 14 5,37.5,2033349
629,1491,2 12 4,39.0,2033287
630,1497,6 15 5,36.5,2033095
631,1495,3 12 5,38.5,2033081
632,1484,0 12 2,40,2033063
633,1487,0 12 3,40,2033063
634,1493,4 8 14,37.5,2033009
635,1489,5 11 15,36.0,2032889
636,1495,6 10 15,36.0,2032889
637,1489,5 11 5,38.0,2032863
638,1497,8 13 15,34.5,2032851
639,1497,9 14 14,34.0,2032845
640,1498,5 7 14,37.5,2032803
641,1492,7 14 15,34.5,2032755
642,1492,8 15 14,34.0,2032750
643,1495,8 15 15,34.0,2032750
644,1488,7 9 15,36.0,2032688
645,1494,4 12 5,38.0,2032663
646,1498,4 12 6,38.0,2032663
647,1497,5 14 6,37.0,2032607
648,1493,7 12 15,35.0,2032470
649,1498,8 11 15,35.0,2032372
650,1491,4 9 15,37.0,2032370
651,1496,5 8 15,37.0,2032268
652,1492,3 13 6,38.0,2032262
653,1491,4 15 6,37.0,2032117
654,1497,5 12 6,37.5,2032033
655,1508,3 9 4,39.5,2032016
656,1490,3 9 5,39.5,2032016
657,1497,2 9 4,40,2032010
658,1489,7 15 6,36.0,2031925
659,1489,4 9 5,39.0,2031813
660,1502,2 10 4,39.5,2031810
661,1506,2 10 5,39.5,2031810
662,1492,4 13 6,37.5,2031735
663,1495,3 10 5,39.0,2031711
664,1491,1 10 4,40,2031699
665,1496,6 14 6,36.5,2031652
666,1499,6 14 7,36.5,2031652
667,1490,5 9 15,36.5,2031516
668,1498,4 10 6,38.5,2031401
669,1495,6 8 15,36.5,2031313
670,1490,5 15 6,36.5,2031263
671,1494,5 15 7,36.5,2031263
672,1491,2 6 13,39.0,2031233
673,1493,3 11 6,38.5,2031198
674,1489,6 12 7,37.0,2031192
675,1486,0 11 4,40,2031181
676,1503,2 5 12,39.5,2031120
677,1494,3 6 14,38.5,2031027
678,1496,3 5 13,39.0,2031021
679,1484,0 6 11,40,2031010
680,1489,1 5 11,40,2031010
681,1495,5 13 7,37.0,2030994
682,1489,7 7 15,36.5,2030907
683,1492,3 7 15,38.0,2030818
684,1509,3 4 12,39.5,2030801
685,1494,2 4 11,40,2030795
686,1499,10 14 15,33.5,2030785
687,1494,9 15 15,33.5,2030785
688,1496,4 11 7,38.0,2030781
689,1499,4 5 14,38.5,2030712
690,1494,4 6 14,38.0,2030610
691,1497,4 6 15,38.0,2030610
692,1489,4 14 7,37.0,2030600
693,1498,7 14 7,36.0,2030484
694,1491,3 12 7,38.0,2030479
695,1500,3 3 11,40,2030365
696,1491,4 7 15,37.5,2030292
697,1493,6 15 7,36.0,2030194
698,1497,6 15 8,36.0,2030194
699,1499,5 5 14,38.0,2030192
700,1496,5 11 7,37.5,2030152
701,1499,5 11 8,37.5,2030152
702,1498,6 13 8,36.5,2030040
703,1496,5 6 15,37.5,2029981
704,1490,4 12 7,37.5,2029952
705,1494,4 12 8,37.5,2029952
706,1509,3 8 6,39.5,2029759
707,1495,2 8 5,40,2029753
708,1492,5 14 8,36.5,2029746
709,1504,2 9 6,39.5,2029655
710,1499,4 8 6,39.0,2029556
711,1493,3 9 6,39.0,2029556
712,1497,3 9 7,39.0,2029556
713,1490,1 9 5,40,2029544
714,1491,2 10 7,39.0,2029350
715,1498,6 11 8,37.0,2029311
716,1496,4 9 7,38.5,2029247
717,1493,5 12 8,37.0,2029212
718,1491,3 10 7,38.5,2029145
719,1484,0 10 5,40,2029127
720,1496,7 15 8,35.5,2028910
721,1489,7 13 9,36.0,2028872
722,1489,5 9 8,38.0,2028728
723,1494,4 10 8,38.0,2028728
724,1495,6 14 9,36.0,2028678
725,1490,5 15 9,36.0,2028289
726,1496,6 12 9,36.5,2028258
727,1497,5 10 9,37.5,2028099
728,1491,5 13 9,36.5,2028061
729,1492,3 5 15,38.5,2028032
730,1501,2 4 13,39.5,2028017
731,1482,0 5 12,40,2028015
732,1485,0 5 13,40,2028015
733,1492,4 11 9,37.5,2027999
734,1494,3 4 14,39.0,2027918
735,1487,1 4 12,40,2027907
736,1490,1 4 13,40,2027907
737,1497,4 4 15,38.5,2027609
738,1506,3 3 13,39.5,2027588
739,1492,2 3 12,40,2027583
740,1496,2 3 13,40,2027583
741,1499,8 13 9,35.5,2027491
742,1498,8 15 9,35.0,2027411
743,1494,7 14 9,35.5,2027395
744,1497,7 14 10,35.5,2027395
745,1499,4 3 14,39.0,2027386
746,1502,2 8 7,39.5,2027328
747,1508,3 7 7,39.5,2027328
748,1493,2 7 6,40,2027322
749,1497,6 10 9,37.0,2027259
750,1491,5 11 9,37.0,2027259
751,1495,5 11 10,37.0,2027259
752,1489,6 10 10,37.0,2027259
753,1495,3 8 8,39.0,2027229
754,1488,1 8 6,40,2027217
755,1499,3 6 6,40,2027217
756,1489,4 7 8,39.0,2027125
757,1492,6 15 10,35.5,2027106
758,1499,7 12 10,36.0,2027091
759,1490,4 12 10,37.0,2027059
760,1497,3 2 12,40,2027042
761,1493,6 13 10,36.0,2026994
762,1495,4 8 8,38.5,2026920
763,1493,3 9 9,38.5,2026920
764,1498,4 8 9,38.5,2026920
765,1482,0 9 6,40,2026902
766,1489,5 7 8,38.5,2026715
767,1492,4 9 9,38.0,2026503
768,1498,5 8 9,38.0,2026401
769,1494,6 11 10,36.5,2026307
770,1498,6 11 11,36.5,2026307
771,1492,5 12 11,36.5,2026207
772,1499,7 10 10,36.5,2026207
773,1496,8 14 10,35.0,2025897
774,1490,4 10 10,37.5,2025876
775,1495,5 9 10,37.5,2025876
776,1498,4 14 0,38.5,2025713
777,1496,7 13 11,35.5,2025712
778,1491,7 15 10,35.0,2025705
779,1489,9 15 10,34.5,2025697
780,1491,6 14 11,35.5,2025518
781,1497,5 14 0,38.0,2025195
782,1492,6 12 11,36.0,2025141
783,1497,7 11 11,36.0,2025141
784,1493,5 10 11,37.0,2025137
785,1492,3 15 0,38.5,2025123
786,1498,4 12 0,39.0,2025042
787,1498,6 9 11,37.0,2025036
788,1483,0 4 14,40,2024849
789,1502,2 3 15,39.5,2024742
790,1493,3 7 9,39.0,2024729
791,1506,3 6 8,39.5,2024723
792,1486,1 7 7,40,2024718
793,1490,1 7 8,40,2024718
794,1491,2 6 7,40,2024718
795,1495,2 6 8,40,2024718
796,1492,4 15 0,38.0,2024707
797,1493,3 13 0,39.0,2024643
798,1492,3 3 15,39.0,2024643
799,1488,1 3 14,40,2024631
800,1491,3 8 10,38.5,2024524
801,1498,4 6 9,39.0,2024521
802,1481,0 8 7,40,2024506
803,1484,0 8 8,40,2024506
804,1497,3 5 7,40,2024506
805,1500,3 5 8,40,2024506
806,1489,6 14 1,37.5,2024468
807,1496,4 7 10,38.5,2024421
808,1489,4 5 8,39.5,2024409
809,1496,4 13 1,38.5,2024335
810,1495,8 13 11,35.0,2024215
811,1498,8 13 12,35.0,2024215
812,1504,3 2 14,39.5,2024202
813,1508,3 2 15,39.5,2024202
814,1493,2 2 14,40,2024197
815,1491,5 11 12,36.5,2024185
816,1496,6 10 12,36.5,2024185
817,1499,9 14 11,34.5,2024184
818,1489,7 14 11,35.0,2024119
819,1493,7 14 12,35.0,2024119
820,1488,9 12 11,35.0,2024119
821,1491,4 8 10,38.0,2024108
822,1494,4 8 11,38.0,2024108
823,1493,8 15 11,34.5,2024089
824,1495,5 15 1,37.5,2024080
825,1497,4 2 15,39.0,2024000
826,1496,5 7 10,38.0,2023903
827,1499,5 7 11,38.0,2023903
828,1499,3 10 0,40,2023894
829,1494,7 12 12,35.5,2023860
830,1491,3 14 1,38.5,2023840
831,1496,5 13 1,38.0,2023817
832,1499,5 13 2,38.0,2023817
833,1509,4 10 0,39.5,2023797
834,1499,8 11 12,35.5,2023763
835,1504,3 11 0,39.5,2023595
836,1508,3 11 1,39.5,2023595
837,1493,2 11 0,40,2023589
838,1492,4 9 12,37.5,2023583
839,1499,3 1 14,40,2023545
840,1494,5 8 11,37.5,2023481
841,1497,5 8 12,37.5,2023481
842,1509,4 1 14,39.5,2023447
843,1490,4 14 1,38.0,2023424
844,1494,4 14 2,38.0,2023424
845,1497,4 11 1,39.0,2023393
846,1489,4 11 2,39.0,2023393
847,1498,6 15 2,37.0,2023241
848,1502,2 12 1,39.5,2023190
849,1499,6 7 11,37.5,2023176
850,1490,6 11 12,36.0,2023120
851,1493,6 11 13,36.0,2023120
852,1491,3 12 1,39.0,2023092
853,1495,3 12 2,39.0,2023092
854,1499,6 13 2,37.5,2023090
855,1488,1 12 0,40,2023080
856,1495,7 10 12,36.0,2023021
857,1498,7 10 13,36.0,2023021
858,1489,5 11 2,38.5,2022983
859,1491,5 9 12,37.0,2022845
860,1493,5 14 2,37.5,2022797
861,1497,5 14 3,37.5,2022797
862,1495,4 12 2,38.5,2022783
863,1489,8 9 12,36.0,2022724
864,1496,6 8 12,37.0,2022643
865,1497,9 13 12,34.5,2022504
866,1489,9 13 13,34.5,2022504
867,1492,8 14 12,34.5,2022504
868,1495,8 14 13,34.5,2022504
869,1482,0 13 0,40,2022367
870,1491,7 13 13,35.0,2022365
871,1496,8 12 13,35.0,2022365
872,1490,7 15 13,34.5,2022312
873,1492,4 15 3,37.5,2022309
874,1498,5 12 3,38.0,2022266
875,1495,9 15 12,34.0,2022256
876,1502,2 6 10,39.5,2022156
877,1491,3 6 10,39.0,2022057
878,1488,1 6 9,40,2022046
879,1497,3 9 1,40,2021971
880,1492,4 13 3,38.0,2021969
881,1496,6 14 3,37.0,2021959
882,1504,3 5 9,39.5,2021945
883,1507,3 5 10,39.5,2021945
884,1482,0 7 9,40,2021939
885,1493,2 5 9,40,2021939
886,1494,6 9 13,36.5,2021894
887,1490,4 9 2,39.5,2021873
888,1490,6 12 14,35.5,2021840
889,1492,7 11 13,35.5,2021840
890,1496,7 11 14,35.5,2021840
891,1506,3 10 2,39.5,2021772
892,1492,2 10 1,40,2021766
893,1494,4 6 11,38.5,2021749
894,1496,4 5 10,39.0,2021743
895,1497,8 10 13,35.5,2021644
896,1498,3 4 9,40,2021621
897,1499,7 8 13,36.5,2021594
898,1491,5 15 3,37.0,2021572
899,1499,4 10 3,39.0,2021570
900,1492,4 7 12,38.0,2021541
901,1509,4 4 9,39.5,2021524
902,1481,0 3 15,40,2021512
903,1493,3 11 3,39.0,2021368
904,1486,1 11 1,40,2021356
905,1495,5 13 4,37.5,2021343
906,1499,5 5 11,38.5,2021334
907,1497,5 6 12,38.0,2021232
908,1486,1 2 15,40,2021184
909,1498,5 10 3,38.5,2021160
910,1490,4 8 13,37.5,2021120
911,1493,4 11 3,38.5,2021060
912,1496,4 11 4,38.5,2021060
913,1490,4 14 4,37.5,2020950
914,1488,8 15 3,36.0,2020931
915,1491,6 10 14,36.0,2020930
916,1495,5 7 13,37.5,2020915
917,1499,7 14 4,36.5,2020910
918,1491,3 12 4,38.5,2020759
919,1493,8 13 14,34.5,2020751
920,1480,0 12 1,40,2020742
921,1496,7 9 14,36.0,2020731
922,1494,9 14 13,34.0,2020672
923,1498,9 12 14,34.5,2020655
924,1491,2 1 15,40,2020637
925,1494,6 15 4,36.5,2020622
926,1489,7 12 4,37.0,2020603
927,1499,10 13 13,34.0,2020577
928,1496,5 11 4,38.0,2020543
929,1489,6 6 13,37.5,2020506
930,1495,6 13 4,37.0,2020506
931,1498,6 13 5,37.0,2020506
932,1489,7 12 14,35.0,2020444
933,1493,5 8 14,37.0,2020383
934,1495,8 11 14,35.0,2020346
935,1491,4 12 4,38.0,2020344
936,1489,5 14 4,37.0,2020213
937,1493,5 14 5,37.0,2020213
938,1497,10 15 13,33.5,2020207
939,1494,6 7 13,37.0,2020078
940,1498,6 7 14,37.0,2020078
941,1488,9 10 14,35.0,2020054
942,1496,3 0 15,40,2019872
943,1495,3 8 2,40,2019872
944,1499,3 8 3,40,2019872
945,1499,6 11 5,37.5,2019817
946,1509,4 8 3,39.5,2019775
947,1504,3 9 3,39.5,2019775
948,1490,2 9 2,40,2019769
949,1493,2 9 3,40,2019769
950,1494,5 12 5,37.5,2019718
951,1494,7 10 15,35.5,2019652
952,1497,4 9 4,39.0,2019573
953,1499,7 6 13,37.0,2019570
954,1491,3 10 4,39.0,2019472
955,1484,1 10 2,40,2019460
956,1488,1 10 3,40,2019460
957,1497,7 15 5,36.0,2019459
958,1498,7 13 5,36.5,2019457
959,1492,6 8 14,36.5,2019434
960,1499,8 9 15,35.5,2019356
961,1492,6 14 5,36.5,2019264
962,1490,3 6 13,38.5,2019219
963,1492,3 5 12,39.0,2019213
964,1480,0 6 10,40,2019201
965,1486,1 5 10,40,2019201
966,1495,4 10 5,38.5,2019164
967,1489,5 9 5,38.5,2019164
968,1497,7 7 14,36.5,2019030
969,1505,3 4 11,39.5,2018994
970,1491,2 4 10,40,2018988
971,1479,0 11 2,40,2018945
972,1482,0 11 3,40,2018945
973,1490,8 14 15,34.0,2018921
974,1492,9 13 14,34.0,2018921
975,1495,9 13 15,34.0,2018921
976,1492,4 5 12,38.5,2018905
977,1496,4 5 13,38.5,2018905
978,1497,6 12 6,37.0,2018881
979,1492,8 12 15,34.5,2018832
980,1490,4 6 13,38.0,2018804
981,1494,4 4 11,39.0,2018792
982,1498,4 4 12,39.0,2018792
983,1497,10 12 14,34.0,2018731
984,1489,10 12 15,34.0,2018731
985,1491,5 13 6,37.0,2018685
986,1494,5 10 5,38.0,2018647
987,1498,5 10 6,38.0,2018647
988,1497,9 11 15,34.5,2018638
989,1496,10 14 14,33.5,2018625
990,1491,9 15 14,33.5,2018625
991,1489,6 9 15,36.0,2018572
992,1496,3 3 10,40,2018561
993,1493,4 11 6,38.0,2018547
994,1489,6 9 5,38.0,2018547
995,1510,4 3 11,39.5,2018463
996,1495,5 5 13,38.0,2018389
997,1497,5 4 12,38.5,2018383
998,1495,7 8 15,36.0,2018272
999,1489,8 13 6,36.0,2018199
1000,1493,5 6 14,37.5,2018179
1001,1499,5 3 11,39.0,2018160
1002,1493,8 10 15,35.0,2018160
1003,1495,7 14 6,36.0,2018103
1004,1496,8 15 5,35.5,2018085
1005,1499,8 15 6,35.5,2018085
1006,1499,11 15 14,33.0,2017942
1007,1492,5 11 6,37.5,2017922
1008,1497,6 10 6,37.5,2017922
1009,1496,7 12 6,36.5,2017834
1010,1499,7 12 7,36.5,2017834
1011,1490,6 15 6,36.0,2017815
1012,1488,8 7 15,36.0,2017772
1013,1498,9 9 15,35.0,2017768
1014,1489,6 4 13,38.0,2017766
1015,1491,5 7 15,37.0,2017751
1016,1491,6 13 6,36.5,2017737
1017,1494,6 13 7,36.5,2017737
1018,1498,6 5 14,37.5,2017664
1019,1502,3 8 4,39.5,2017604
1020,1506,3 8 5,39.5,2017604
1021,1492,2 8 4,40,2017599
1022,1497,3 7 4,40,2017599
1023,1508,4 7 4,39.5,2017502
1024,1490,4 7 5,39.5,2017502
1025,1495,4 8 5,39.0,2017403
1026,1486,1 9 4,40,2017391
1027,1496,6 6 15,37.0,2017343
1028,1489,5 7 5,39.0,2017199
1029,1493,4 9 6,38.5,2017096
1030,1495,6 11 7,37.0,2017086
1031,1498,5 8 6,38.5,2016994
1032,1490,5 12 7,37.0,2016987
1033,1489,7 10 7,37.0,2016987
1034,1481,0 10 4,40,2016977
1035,1489,9 14 15,33.5,2016970
1036,1494,10 13 15,33.5,2016876
1037,1490,6 7 15,36.5,2016803
1038,1497,8 14 7,35.5,2016729
1039,1499,11 12 15,33.5,2016592
1040,1496,5 9 7,38.0,2016580
1041,1491,4 10 7,38.0,2016580
1042,1493,7 13 7,36.0,2016576
1043,1497,7 13 8,36.0,2016576
1044,1498,8 12 7,36.0,2016576
1045,1492,7 15 7,35.5,2016538
1046,1498,9 15 6,35.0,2016498
1047,1492,10 15 15,33.0,2016454
1048,1492,6 14 8,36.0,2016383
1049,1497,11 14 15,33.0,2016361
1050,1495,7 6 15,36.5,2016296
1051,1478,0 5 11,40,2016292
1052,1490,3 4 13,39.0,2016196
1053,1484,1 4 11,40,2016185
1054,1498,7 11 8,36.5,2016040
1055,1492,6 12 8,36.5,2016040
1056,1490,5 10 7,37.5,2015955
1057,1494,5 10 8,37.5,2015955
1058,1491,4 5 15,38.0,2015895
1059,1494,4 4 14,38.5,2015889
1060,1503,3 3 12,39.5,2015868
1061,1489,2 3 11,40,2015862
1062,1496,6 9 7,37.5,2015855
1063,1499,6 9 8,37.5,2015855
1064,1496,4 3 13,39.0,2015667
1065,1489,8 5 15,36.5,2015586
1066,1497,12 15 14,32.5,2015460
1067,1493,5 4 14,38.0,2015373
1068,1497,5 4 15,38.0,2015373
1069,1494,3 2 11,40,2015325
1070,1491,5 5 15,37.5,2015271
1071,1504,3 7 6,39.5,2015260
1072,1499,5 3 14,38.5,2015258
1073,1490,2 7 5,40,2015255
1074,1508,4 2 12,39.5,2015228
1075,1496,8 13 8,35.5,2015203
1076,1491,3 8 7,39.0,2015162
1077,1484,1 8 5,40,2015150
1078,1495,3 6 5,40,2015150
1079,1488,9 14 8,35.0,2015143
1080,1493,6 10 8,37.0,2015120
1081,1491,7 14 8,35.5,2015108
1082,1493,4 7 6,39.0,2015059
1083,1497,4 7 7,39.0,2015059
1084,1509,4 6 6,39.5,2015053
1085,1495,8 15 8,35.0,2015048
1086,1498,7 9 8,37.0,2014921
1087,1495,7 12 9,36.0,2014880
1088,1491,4 8 7,38.5,2014855
1089,1500,4 5 5,40,2014837
1090,1479,0 9 5,40,2014837
1091,1490,6 13 9,36.0,2014783
1092,1489,8 11 9,36.0,2014783
1093,1498,5 6 6,39.0,2014751
1094,1488,10 15 7,34.5,2014698
1095,1496,5 7 7,38.5,2014651
1096,1496,6 4 15,37.5,2014649
1097,1498,6 3 14,38.0,2014643
1098,1499,4 1 11,40,2014573
1099,1494,5 8 8,38.0,2014340
1100,1491,6 11 9,36.5,2014173
1101,1496,7 10 9,36.5,2014074
1102,1499,6 7 8,38.0,2014036
1103,1492,5 9 9,37.5,2013817
1104,1493,8 14 9,35.0,2013619
1105,1498,9 13 9,35.0,2013619
1106,1497,6 8 9,37.5,2013616
1107,1492,7 13 10,35.5,2013509
1108,1494,8 12 9,35.5,2013509
1109,1498,8 12 10,35.5,2013509
1110,1498,10 14 8,34.5,2013345
1111,1493,9 15 8,34.5,2013345
1112,1497,9 15 9,34.5,2013345
1113,1499,9 11 9,35.5,2013316
1114,1476,0 4 12,40,2013212
1115,1480,0 4 13,40,2013212
1116,1490,5 10 10,37.0,2013083
1117,1493,7 11 10,36.0,2013014
1118,1482,1 3 12,40,2012996
1119,1485,1 3 13,40,2012996
1120,1491,6 9 9,37.0,2012983
1121,1495,6 9 10,37.0,2012983
1122,1498,8 10 10,36.0,2012819
1123,1499,13 15 15,32.0,2012762
1124,1502,3 6 7,39.5,2012743
1125,1483,1 7 6,40,2012737
1126,1488,2 6 6,40,2012737
1127,1491,4 3 15,38.5,2012701
1128,1497,7 8 9,37.0,2012683
1129,1489,7 8 10,37.0,2012683
1130,1501,3 2 13,39.5,2012569
1131,1487,2 2 12,40,2012563
1132,1490,2 2 13,40,2012563
1133,1495,4 6 8,39.0,2012542
1134,1477,0 8 6,40,2012527
1135,1493,3 5 6,40,2012527
1136,1493,4 7 9,38.5,2012442
1137,1507,4 5 7,39.5,2012430
1138,1493,4 2 14,39.0,2012368
1139,1492,6 10 11,36.5,2012137
1140,1498,5 12 0,38.5,2012134
1141,1494,5 6 8,38.5,2012134
1142,1498,5 6 9,38.5,2012134
1143,1489,5 5 8,39.0,2012128
1144,1498,4 4 6,40,2012107
1145,1491,8 13 10,35.0,2012021
1146,1496,5 2 15,38.5,2011960
1147,1494,7 9 10,36.5,2011938
1148,1498,7 9 11,36.5,2011938
1149,1492,5 7 9,38.0,2011927
1150,1496,9 12 10,35.0,2011925
1151,1495,9 14 10,34.5,2011916
1152,1492,3 1 12,40,2011915
1153,1495,3 1 13,40,2011915
1154,1497,6 14 0,37.5,2011893
1155,1493,4 13 0,38.5,2011839
1156,1489,10 13 10,34.5,2011822
1157,1490,8 15 10,34.5,2011822
1158,1506,4 1 13,39.5,2011818
1159,1491,7 12 11,35.5,2011741
1160,1496,8 11 11,35.5,2011644
1161,1489,6 5 8,38.5,2011621
1162,1499,8 8 10,36.5,2011542
1163,1497,6 6 9,38.0,2011519
1164,1497,6 12 0,38.0,2011519
1165,1498,5 1 14,39.0,2011516
1166,1490,5 8 10,37.5,2011508
1167,1491,5 15 0,37.5,2011508
1168,1495,10 15 9,34.0,2011427
1169,1499,10 15 10,34.0,2011427
1170,1489,11 14 9,34.0,2011334
1171,1492,5 13 0,38.0,2011324
1172,1495,6 7 10,37.5,2011204
1173,1498,5 10 0,39.0,2011079
1174,1497,4 0 12,40,2011051
1175,1500,4 0 13,40,2011051
1176,1493,4 11 0,39.0,2010979
1177,1492,7 10 11,36.0,2010979
1178,1496,7 14 0,37.0,2010961
1179,1488,7 14 1,37.0,2010961
1180,1489,8 15 0,36.5,2010940
1181,1489,5 0 13,39.5,2010853
1182,1489,7 6 10,37.5,2010698
1183,1489,7 12 1,37.5,2010698
1184,1497,8 9 11,36.0,2010684
1185,1493,6 8 11,37.0,2010675
1186,1491,6 15 0,37.0,2010675
1187,1494,6 15 1,37.0,2010675
1188,1495,6 13 1,37.5,2010601
1189,1496,5 11 1,38.5,2010572
1190,1491,4 12 1,38.5,2010374
1191,1493,9 13 11,34.5,2010320
1192,1490,5 14 1,37.5,2010310
1193,1498,7 7 11,37.0,2010273
1194,1490,8 12 11,35.0,2010255
1195,1493,8 12 12,35.0,2010255
1196,1481,1 6 7,40,2010151
1197,1484,1 6 8,40,2010151
1198,1498,10 12 11,34.5,2010130
1199,1495,9 11 11,35.0,2010062
1200,1498,9 11 12,35.0,2010062
1201,1475,0 7 7,40,2010046
1202,1479,0 7 8,40,2010046
1203,1486,2 5 7,40,2010046
1204,1489,2 5 8,40,2010046
1205,1492,9 15 11,34.0,2010000
1206,1497,10 14 11,34.0,2010000
1207,1477,0 3 14,40,2009960
1208,1496,6 11 1,38.0,2009958
1209,1499,6 11 2,38.0,2009958
1210,1491,6 9 12,36.5,2009930
1211,1491,5 12 1,38.0,2009859
1212,1494,5 12 2,38.0,2009859
1213,1491,4 6 10,38.5,2009857
1214,1493,4 5 9,39.0,2009851
1215,1499,8 14 1,36.5,2009821
1216,1491,3 4 7,40,2009729
1217,1495,3 4 8,40,2009729
1218,1488,10 10 11,35.0,2009677
1219,1498,7 13 2,37.0,2009670
1220,1499,4 8 0,40,2009642
1221,1493,3 9 0,40,2009642
1222,1483,1 2 14,40,2009634
1223,1505,4 4 8,39.5,2009632
1224,1496,7 8 12,36.5,2009631
1225,1494,7 15 1,36.5,2009631
1226,1497,7 15 2,36.5,2009631
1227,1494,8 10 12,35.5,2009610
1228,1504,4 9 0,39.5,2009545
1229,1508,4 9 1,39.5,2009545
1230,1493,6 14 2,37.0,2009478
1231,1502,3 10 1,39.5,2009444
1232,1509,5 8 0,39.5,2009444
1233,1496,5 5 10,38.5,2009443
1234,1488,2 10 0,40,2009438
1235,1490,5 6 10,38.0,2009342
1236,1494,5 6 11,38.0,2009342
1237,1498,5 4 9,39.0,2009331
1238,1497,11 15 10,33.5,2009296
1239,1491,4 10 1,39.0,2009243
1240,1495,4 10 2,39.0,2009243
1241,1497,5 9 1,39.0,2009243
1242,1489,5 9 2,39.0,2009243
1243,1499,9 9 12,35.5,2009220
1244,1496,4 3 7,40,2009201
1245,1500,4 3 8,40,2009201
1246,1494,6 12 2,37.5,2009137
1247,1497,6 12 3,37.5,2009137
1248,1499,7 11 2,37.5,2009137
1249,1502,3 1 15,39.5,2009097
1250,1488,2 1 14,40,2009091
1251,1482,1 11 0,40,2009031
1252,1492,5 7 12,37.5,2009028
1253,1489,5 3 8,39.5,2009003
1254,1492,5 13 3,37.5,2008942
1255,1491,4 1 15,39.0,2008896
1256,1495,5 10 2,38.5,2008836
1257,1495,6 5 10,38.0,2008830
1258,1499,6 5 11,38.0,2008830
1259,1490,7 9 12,36.0,2008774
1260,1493,7 9 13,36.0,2008774
1261,1489,6 9 2,38.5,2008736
1262,1490,8 13 13,34.5,2008651
1263,1493,6 6 11,37.5,2008620
1264,1497,6 6 12,37.5,2008620
1265,1492,9 12 12,34.5,2008555
1266,1495,9 12 13,34.5,2008555
1267,1490,9 14 12,34.0,2008500
1268,1496,7 14 3,36.5,2008435
1269,1477,0 12 0,40,2008420
1270,1495,10 13 12,34.0,2008405
1271,1496,8 15 2,36.0,2008379
1272,1495,8 8 12,36.0,2008379
1273,1498,8 8 13,36.0,2008379
1274,1493,3 0 14,40,2008330
1275,1491,8 11 13,35.0,2008321
1276,1497,10 11 12,34.5,2008269
1277,1488,10 11 13,34.5,2008269
1278,1504,4 0 14,39.5,2008233
1279,1507,4 0 15,39.5,2008233
1280,1493,5 11 3,38.0,2008222
1281,1498,6 10 3,38.0,2008222
1282,1497,7 12 3,37.0,2008207
1283,1491,6 7 12,37.0,2008195
1284,1490,6 15 3,36.5,2008149
1285,1489,11 12 12,34.0,2008123
1286,1489,7 4 10,38.0,2008112
1287,1491,6 13 3,37.0,2008110
1288,1496,9 10 13,35.0,2008030
1289,1498,7 5 11,37.5,2008010
1290,1491,10 15 11,33.5,2007963
1291,1494,10 15 12,33.5,2007963
1292,1496,5 0 15,39.0,2007932
1293,1496,11 14 11,33.5,2007871
1294,1499,11 14 12,33.5,2007871
1295,1488,9 7 12,36.0,2007785
1296,1490,7 10 14,35.5,2007702
1297,1496,7 6 12,37.0,2007690
1298,1492,3 8 1,40,2007631
1299,1489,12 13 11,33.5,2007592
1300,1506,4 8 2,39.5,2007534
1301,1501,3 9 2,39.5,2007534
1302,1486,2 9 1,40,2007528
1303,1497,4 7 1,40,2007528
1304,1496,6 11 4,37.5,2007501
1305,1492,8 9 13,35.5,2007407
1306,1495,8 9 14,35.5,2007407
1307,1490,5 12 4,37.5,2007403
1308,1477,0 6 9,40,2007393
1309,1482,1 5 9,40,2007393
1310,1493,4 9 3,39.0,2007333
1311,1490,5 7 2,39.5,2007330
1312,1498,5 8 3,39.0,2007232
1313,1481,1 10 1,40,2007221
1314,1502,3 4 10,39.5,2007187
1315,1495,8 14 3,36.0,2007183
1316,1498,8 14 4,36.0,2007183
1317,1488,9 13 3,36.0,2007183
1318,1487,2 4 9,40,2007181
1319,1494,7 7 13,36.5,2007154
1320,1494,7 13 4,36.5,2007068
1321,1499,8 12 4,36.5,2007068
1322,1489,7 15 3,36.0,2006994
1323,1493,7 15 4,36.0,2006994
1324,1491,4 4 10,39.0,2006986
1325,1499,12 15 11,33.0,2006951
1326,1491,4 10 4,38.5,2006927
1327,1493,5 9 3,38.5,2006927
1328,1496,5 9 4,38.5,2006927
1329,1497,9 8 13,35.5,2006916
1330,1489,9 8 14,35.5,2006916
1331,1499,9 15 3,35.5,2006916
1332,1493,3 3 9,40,2006756
1333,1498,6 8 3,38.5,2006726
1334,1475,0 11 1,40,2006709
1335,1503,4 3 9,39.5,2006659
1336,1507,4 3 10,39.5,2006659
1337,1494,10 12 13,34.0,2006642
1338,1493,9 11 14,34.5,2006623
1339,1492,5 5 12,38.0,2006585
1340,1494,5 4 11,38.5,2006579
1341,1490,6 12 4,37.0,2006571
1342,1493,6 12 5,37.0,2006571
1343,1495,7 11 4,37.0,2006571
1344,1498,7 11 5,37.0,2006571
1345,1499,8 6 13,36.5,2006552
1346,1475,0 2 15,40,2006538
1347,1492,10 14 13,33.5,2006464
1348,1491,5 10 4,38.0,2006413
1349,1491,7 8 14,36.0,2006400
1350,1490,5 6 13,37.5,2006376
1351,1489,8 10 4,37.0,2006376
1352,1496,5 3 10,39.0,2006358
1353,1496,6 9 4,38.0,2006314
1354,1497,11 13 13,33.5,2006277
1355,1499,11 11 13,34.0,2006263
1356,1498,10 10 14,34.5,2006238
1357,1489,8 10 14,35.0,2006218
1358,1498,4 2 9,40,2006119
1359,1481,1 1 15,40,2006100
1360,1497,6 4 12,38.0,2005967
1361,1508,5 2 9,39.5,2005922
1362,1496,8 7 14,36.0,2005902
1363,1495,6 5 13,37.5,2005864
1364,1499,6 3 11,38.5,2005852
1365,1494,9 9 14,35.0,2005828
1366,1497,8 13 5,36.0,2005817
1367,1491,7 14 5,36.0,2005722
1368,1497,9 14 4,35.5,2005721
1369,1492,11 15 12,33.0,2005712
1370,1496,11 15 13,33.0,2005712
1371,1494,6 10 5,37.5,2005692
1372,1492,8 15 4,35.5,2005627
1373,1492,6 6 14,37.0,2005545
1374,1492,7 12 5,36.5,2005530
1375,1497,12 14 12,33.0,2005527
1376,1499,7 9 5,37.5,2005495
1377,1486,2 0 15,40,2005444
1378,1485,2 8 2,40,2005444
1379,1488,2 8 3,40,2005444
1380,1490,3 7 2,40,2005444
1381,1493,3 7 3,40,2005444
1382,1498,8 11 5,36.5,2005433
1383,1504,4 7 3,39.5,2005348
1384,1491,4 8 4,39.0,2005250
1385,1499,10 8 14,35.0,2005244
1386,1479,1 9 2,40,2005238
1387,1483,1 9 3,40,2005238
1388,1495,4 6 2,40,2005238
1389,1499,4 6 3,40,2005238
1390,1489,7 4 13,37.5,2005148
1391,1497,5 7 4,39.0,2005047
1392,1509,5 6 3,39.5,2005041
1393,1493,8 8 15,35.5,2005034
1394,1490,9 12 15,34.0,2004998
1395,1494,7 5 13,37.0,2004935
1396,1497,7 5 14,37.0,2004935
1397,1491,6 11 6,37.0,2004861
1398,1495,5 8 5,38.5,2004844
1399,1474,0 10 2,40,2004826
1400,1477,0 10 3,40,2004826
1401,1500,5 5 2,40,2004826
1402,1490,10 13 14,33.5,2004798
1403,1497,7 10 6,37.0,2004763
1404,1492,10 11 14,34.0,2004712
1405,1495,10 11 15,34.0,2004712
1406,1475,0 5 10,40,2004569
1407,1489,6 7 5,38.5,2004541
1408,1491,9 10 15,34.5,2004522
1409,1495,11 12 14,33.5,2004516
1410,1492,7 6 14,36.5,2004505
1411,1480,1 4 10,40,2004463
1412,1498,9 7 15,35.5,2004442
1413,1493,5 9 6,38.0,2004432
1414,1488,13 15 12,32.5,2004393
1415,1490,8 14 5,35.5,2004356
1416,1494,8 14 6,35.5,2004356
1417,1496,9 13 5,35.5,2004356
1418,1499,9 13 6,35.5,2004356
1419,1489,10 15 14,33.0,2004307
1420,1490,7 13 6,36.0,2004280
1421,1495,8 12 6,36.0,2004280
1422,1497,11 10 14,34.0,2004235
1423,1488,11 10 15,34.0,2004235
1424,1494,6 8 5,38.0,2004231
1425,1498,6 8 6,38.0,2004231
1426,1494,11 14 14,33.0,2004214
1427,1490,4 4 13,38.5,2004169
1428,1485,2 3 10,40,2004142
1429,1499,8 4 13,37.0,2004122
1430,1489,9 11 6,36.0,2004088
1431,1499,10 14 5,35.0,2004050
1432,1494,9 15 5,35.0,2004050
1433,1489,12 11 14,33.5,2004046
1434,1496,10 9 15,34.5,2004039
1435,1492,4 3 12,39.0,2003948
1436,1499,12 13 14,33.0,2003936
1437,1499,7 7 5,38.0,2003831
1438,1491,7 11 6,36.5,2003821
1439,1494,7 11 7,36.5,2003821
1440,1497,8 5 14,36.5,2003799
1441,1492,6 9 6,37.5,2003711
1442,1490,5 4 13,38.0,2003656
1443,1496,8 10 6,36.5,2003627
1444,1499,8 10 7,36.5,2003627
1445,1491,3 2 10,40,2003608
1446,1492,5 3 12,38.5,2003542
1447,1495,5 3 13,38.5,2003542
1448,1505,4 2 11,39.5,2003512
1449,1492,9 8 15,35.0,2003457
1450,1497,7 8 6,37.5,2003413
1451,1488,11 15 4,34.5,2003362
1452,1494,8 6 15,36.0,2003255
1453,1494,12 15 13,32.5,2003245
1454,1494,5 2 11,39.0,2003211
1455,1497,5 2 12,39.0,2003211
1456,1501,3 7 5,39.5,2003193
1457,1486,2 7 4,40,2003187
1458,1481,1 8 4,40,2003084
1459,1492,3 6 4,40,2003084
1460,1502,4 6 4,39.5,2002987
1461,1506,4 6 5,39.5,2002987
1462,1490,6 10 7,37.0,2002981
1463,1499,13 14 13,32.5,2002971
1464,1493,6 4 14,37.5,2002936
1465,1495,6 3 13,38.0,2002930
1466,1492,8 13 7,35.5,2002916
1467,1496,4 1 10,40,2002861
1468,1497,9 12 7,35.5,2002820
1469,1495,7 9 7,37.0,2002783
1470,1493,9 14 6,35.0,2002780
1471,1496,9 14 7,35.0,2002780
1472,1497,4 5 4,40,2002773
1473,1475,0 9 4,40,2002773
1474,1497,10 7 15,35.0,2002771
1475,1490,6 5 15,37.0,2002724
1476,1497,6 2 12,38.5,2002706
1477,1489,6 2 13,38.5,2002706
1478,1495,5 6 5,39.0,2002686
1479,1498,10 13 6,35.0,2002686
1480,1491,8 15 7,35.0,2002686
1481,1492,7 12 8,36.0,2002669
1482,1510,5 1 11,39.5,2002663
1483,1494,11 11 15,33.5,2002588
1484,1493,5 7 6,38.5,2002587
1485,1507,5 5 4,39.5,2002575
1486,1489,5 5 5,39.5,2002575
1487,1493,8 11 7,36.0,2002572
1488,1497,8 11 8,36.0,2002572
1489,1492,11 13 15,33.0,2002550
1490,1499,9 5 15,36.0,2002454
1491,1489,8 8 7,37.0,2002389
1492,1498,9 10 7,36.0,2002282
1493,1491,5 8 7,38.0,2002278
1494,1499,6 1 11,39.0,2002263
1495,1497,10 15 6,34.5,2002262
1496,1498,6 6 6,38.5,2002181
1497,1497,12 12 15,33.0,2002177
1498,1489,6 5 5,39.0,2002175
1499,1498,7 3 14,37.5,2002112
1500,1498,12 10 15,33.5,2002020
1501,1495,7 4 15,37.0,2002009
1502,1489,7 2 13,38.0,2001996
1503,1496,6 7 7,38.0,2001975
1504,1492,7 10 8,36.5,2001942
1505,1491,11 15 15,32.5,2001934
1506,1492,12 14 14,32.5,2001749
1507,1495,12 14 15,32.5,2001749
1508,1490,7 5 15,36.5,2001685
1509,1498,8 9 8,36.5,2001648
1510,1473,0 4 11,40,2001575
1511,1490,6 8 7,37.5,2001558
1512,1494,6 8 8,37.5,2001558
1513,1497,13 13 14,32.5,2001381
1514,1488,13 13 15,32.5,2001381
1515,1478,1 3 11,40,2001360
1516,1489,8 14 8,35.0,2001340
1517,1495,9 13 8,35.0,2001340
1518,1491,8 12 8,35.5,2001305
1519,1495,7 7 7,37.5,2001158
1520,1499,7 7 8,37.5,2001158
1521,1488,10 12 8,35.0,2001151
1522,1496,9 11 8,35.5,2001114
1523,1489,8 3 15,37.0,2001089
1524,1495,10 14 7,34.5,2000993
1525,1490,9 15 7,34.5,2000993
1526,1483,2 2 11,40,2000930
1527,1490,7 11 9,36.0,2000888
1528,1494,8 4 15,36.5,2000873
1529,1488,11 13 7,34.5,2000806
1530,1479,1 7 5,40,2000756
1531,1484,2 6 5,40,2000756
1532,1490,4 2 13,39.0,2000736
1533,1495,8 10 9,36.0,2000694
1534,1493,7 8 8,37.0,2000631
1535,1495,13 15 14,32.0,2000563
1536,1491,4 6 7,39.0,2000562
1537,1489,8 6 7,37.5,2000558
1538,1491,5 3 15,38.0,2000554
1539,1474,0 8 5,40,2000548
1540,1490,3 5 5,40,2000548
1541,1504,4 5 6,39.5,2000451
1542,1493,5 2 14,38.5,2000331
1543,1489,9 9 9,36.0,2000305
1544,1488,3 1 11,40,2000286
1545,1499,11 15 7,34.0,2000263
1546,1488,14 14 14,32.0,2000201
1547,1502,4 1 12,39.5,2000189
1548,1491,5 6 7,38.5,2000157
1549,1493,5 5 6,39.0,2000151
1550,1496,5 5 7,39.0,2000151
1551,1498,8 7 8,37.0,2000135
1552,1495,4 4 5,40,2000131
1553,1509,5 4 6,39.5,1999934
1554,1491,7 9 9,36.5,1999891
1555,1495,5 1 13,39.0,1999889
1556,1499,9 3 15,36.5,1999859
1557,1490,6 3 15,37.5,1999836
1558,1493,9 12 9,35.0,1999732
1559,1493,6 2 14,38.0,1999720
1560,1496,6 2 15,38.0,1999720
1561,1492,9 14 9,34.5,1999649
1562,1496,6 5 7,38.5,1999647
1563,1493,10 13 8,34.5,1999555
1564,1497,10 13 9,34.5,1999555
1565,1494,6 6 8,38.0,1999546
1566,1498,6 4 6,39.0,1999534
1567,1492,8 11 10,35.5,1999526
1568,1500,5 3 5,40,1999505
1569,1496,8 8 9,36.5,1999497
1570,1498,10 11 9,35.0,1999446
1571,1493,4 0 11,40,1999426
1572,1498,6 1 14,38.5,1999384
1573,1489,12 15 15,32.0,1999344
1574,1498,11 12 8,34.5,1999273
1575,1494,9 10 9,35.5,1999237
1576,1497,9 10 10,35.5,1999237
1577,1492,6 7 9,37.5,1999233
1578,1507,5 0 12,39.5,1999229
1579,1492,10 15 8,34.0,1999087
1580,1493,13 14 15,32.0,1999070
1581,1497,11 14 8,34.0,1998995
1582,1499,7 5 8,38.0,1998938
1583,1495,7 2 15,37.5,1998903
1584,1489,6 0 13,39.0,1998830
1585,1499,10 9 9,35.5,1998754
1586,1497,7 6 9,37.5,1998730
1587,1490,6 8 10,37.0,1998706
1588,1497,7 1 14,38.0,1998676
1589,1493,8 9 10,36.0,1998644
1590,1498,14 13 15,32.0,1998613
1591,1471,0 3 12,40,1998409
1592,1474,0 3 13,40,1998409
1593,1491,7 7 9,37.0,1998307
1594,1495,7 7 10,37.0,1998307
1595,1477,1 6 6,40,1998257
1596,1497,7 12 0,37.5,1998209
1597,1498,6 10 0,38.5,1998161
1598,1493,5 11 0,38.5,1998161
1599,1498,9 8 10,36.0,1998155
1600,1472,0 7 6,40,1998152
1601,1483,2 5 6,40,1998152
1602,1490,9 13 10,34.5,1998136
1603,1492,6 13 0,37.5,1998113
1604,1476,1 2 12,40,1998085
1605,1479,1 2 13,40,1998085
1606,1497,12 15 7,33.5,1998052
1607,1489,12 15 8,33.5,1998052
1608,1491,9 11 10,35.0,1997953
1609,1495,10 12 10,34.5,1997947
1610,1488,3 4 6,40,1997837
1611,1489,8 1 15,37.5,1997764
1612,1490,10 14 9,34.0,1997744
1613,1494,10 14 10,34.0,1997744
1614,1502,4 4 7,39.5,1997741
1615,1496,8 6 9,37.0,1997708
1616,1488,8 6 10,37.0,1997708
1617,1492,7 8 11,36.5,1997669
1618,1496,14 15 15,31.5,1997667
1619,1491,8 10 11,35.5,1997577
1620,1496,10 10 10,35.0,1997571
1621,1488,11 11 10,34.5,1997570
1622,1495,11 13 9,34.0,1997558
1623,1499,11 13 10,34.0,1997558
1624,1492,5 5 9,38.5,1997553
1625,1492,6 11 0,38.0,1997551
1626,1481,2 1 12,40,1997544
1627,1485,2 1 13,40,1997544
1628,1497,7 10 0,38.0,1997453
1629,1494,5 4 8,39.0,1997441
1630,1493,4 3 6,40,1997313
1631,1495,8 14 0,36.5,1997260
1632,1489,9 13 0,36.5,1997260
1633,1495,9 9 11,35.5,1997189
1634,1496,8 12 0,37.0,1997188
1635,1491,7 13 0,37.0,1997188
1636,1495,7 13 1,37.0,1997188
1637,1489,8 12 1,37.0,1997188
1638,1488,12 12 9,34.0,1997186
1639,1494,8 7 10,36.5,1997174
1640,1497,8 7 11,36.5,1997174
1641,1507,5 3 7,39.5,1997116
1642,1490,7 15 0,36.5,1997071
1643,1494,11 15 9,33.5,1996969
1644,1499,9 15 0,36.0,1996952
1645,1491,5 1 15,38.5,1996946
1646,1492,6 5 9,38.0,1996943
1647,1494,6 4 8,38.5,1996937
1648,1498,6 4 9,38.5,1996937
1649,1493,5 9 0,39.0,1996916
1650,1486,3 0 12,40,1996788
1651,1490,3 0 13,40,1996788
1652,1499,12 14 9,33.5,1996786
1653,1490,6 12 1,37.5,1996735
1654,1490,6 6 10,37.5,1996735
1655,1495,7 11 1,37.5,1996735
1656,1499,6 3 8,39.0,1996717
1657,1498,6 8 0,39.0,1996717
1658,1489,10 8 11,35.5,1996607
1659,1498,5 2 6,40,1996578
1660,1489,8 10 1,37.5,1996541
1661,1491,5 10 1,38.5,1996512
1662,1499,9 6 10,36.5,1996480
1663,1491,8 8 11,36.0,1996424
1664,1496,6 9 1,38.5,1996413
1665,1493,5 0 14,39.0,1996392
1666,1492,10 13 11,34.0,1996233
1667,1497,7 4 9,38.0,1996230
1668,1493,10 11 11,34.5,1996171
1669,1495,7 5 10,37.5,1996128
1670,1499,7 3 8,38.5,1996116
1671,1494,8 13 1,36.5,1996055
1672,1497,8 13 2,36.5,1996055
1673,1489,9 10 11,35.0,1996006
1674,1493,9 10 12,35.0,1996006
1675,1492,7 14 2,36.5,1995960
1676,1499,9 12 1,36.5,1995960
1677,1497,11 12 11,34.0,1995952
1678,1498,9 14 1,36.0,1995920
1679,1491,6 10 1,38.0,1995902
1680,1494,6 10 2,38.0,1995902
1681,1496,6 0 15,38.5,1995888
1682,1496,9 7 11,36.0,1995834
1683,1493,8 15 1,36.0,1995826
1684,1493,7 12 2,37.0,1995810
1685,1493,7 6 11,37.0,1995810
1686,1498,8 11 2,37.0,1995714
1687,1496,7 9 1,38.0,1995705
1688,1499,7 9 2,38.0,1995705
1689,1498,11 10 11,34.5,1995696
1690,1499,13 15 8,33.0,1995630
1691,1492,11 14 10,33.5,1995627
1692,1470,0 6 7,40,1995585
1693,1473,0 6 8,40,1995585
1694,1475,1 5 7,40,1995585
1695,1479,1 5 8,40,1995585
1696,1494,10 9 11,35.0,1995524
1697,1498,10 9 12,35.0,1995524
1698,1498,10 15 0,35.5,1995404
1699,1488,3 8 0,40,1995389
1700,1481,2 4 7,40,1995374
1701,1484,2 4 8,40,1995374
1702,1497,12 13 10,33.5,1995350
1703,1489,8 4 10,37.5,1995319
1704,1502,4 8 1,39.5,1995293
1705,1483,2 9 0,40,1995287
1706,1493,4 7 0,40,1995287
1707,1490,7 7 12,36.5,1995277
1708,1492,6 11 3,37.5,1995185
1709,1498,8 5 11,37.0,1995107
1710,1504,5 7 0,39.5,1995091
1711,1508,5 7 1,39.5,1995091
1712,1494,7 10 2,37.5,1995087
1713,1497,7 10 3,37.5,1995087
1714,1472,0 2 14,40,1995072
1715,1491,5 8 1,39.0,1994993
1716,1495,5 8 2,39.0,1994993
1717,1477,1 10 0,40,1994982
1718,1498,5 6 0,40,1994982
1719,1494,9 8 12,35.5,1994970
1720,1486,3 3 7,40,1994952
1721,1489,3 3 8,40,1994952
1722,1499,11 8 11,35.0,1994851
1723,1499,8 9 2,37.5,1994795
1724,1490,5 4 10,38.5,1994776
1725,1491,8 14 2,36.0,1994716
1726,1496,9 13 2,36.0,1994716
1727,1496,6 7 1,39.0,1994692
1728,1489,6 7 2,39.0,1994692
1729,1509,6 6 0,39.5,1994686
1730,1490,7 13 3,36.5,1994679
1731,1495,8 6 12,36.5,1994679
1732,1496,8 12 3,36.5,1994679
1733,1495,12 15 10,33.0,1994639
1734,1477,1 1 14,40,1994637
1735,1490,9 11 13,34.5,1994607
1736,1492,5 3 9,39.0,1994556
1737,1490,10 12 12,34.0,1994554
1738,1495,6 8 2,38.5,1994490
1739,1472,0 11 0,40,1994473
1740,1492,9 15 1,35.5,1994373
1741,1495,9 15 2,35.5,1994373
1742,1497,10 14 1,35.5,1994373
1743,1489,10 14 2,35.5,1994373
1744,1488,13 14 10,33.0,1994366
1745,1491,4 2 7,40,1994318
1746,1494,4 2 8,40,1994318
1747,1489,10 14 12,33.5,1994304
1748,1498,10 7 12,35.5,1994287
1749,1491,7 11 3,37.0,1994261
1750,1491,10 10 12,34.5,1994225
1751,1495,10 10 13,34.5,1994225
1752,1495,11 11 12,34.0,1994177
1753,1490,6 4 10,38.0,1994167
1754,1493,6 4 11,38.0,1994167
1755,1505,5 2 8,39.5,1994122
1756,1490,11 13 11,33.5,1994118
1757,1494,11 13 12,33.5,1994118
1758,1489,7 7 2,38.5,1994091
1759,1492,6 9 3,38.0,1994080
1760,1496,8 10 3,37.0,1994067
1761,1491,6 5 12,37.5,1994065
1762,1495,6 3 10,38.5,1994053
1763,1489,8 7 12,36.0,1994033
1764,1493,8 7 13,36.0,1994033
1765,1482,2 0 14,40,1993985
1766,1491,9 9 13,35.0,1993889
1767,1489,9 5 12,36.5,1993881
1768,1498,7 8 3,38.0,1993783
1769,1495,12 12 11,33.5,1993746
1770,1499,12 12 12,33.5,1993746
1771,1497,6 2 9,39.0,1993724
1772,1496,11 9 12,34.5,1993652
1773,1488,11 9 13,34.5,1993652
1774,1489,11 15 1,35.0,1993649
1775,1488,12 10 12,34.0,1993612
1776,1489,11 15 11,33.0,1993482
1777,1496,5 1 7,40,1993474
1778,1499,5 1 8,40,1993474
1779,1490,6 10 4,37.5,1993462
1780,1490,8 13 3,36.0,1993435
1781,1493,8 13 4,36.0,1993435
1782,1493,7 4 11,37.5,1993353
1783,1496,7 4 12,37.5,1993353
1784,1495,7 3 10,38.0,1993346
1785,1498,7 3 11,38.0,1993346
1786,1495,9 12 3,36.0,1993341
1787,1494,9 6 12,36.0,1993341
1788,1498,9 6 13,36.0,1993341
1789,1498,9 12 4,36.0,1993341
1790,1496,10 8 13,35.0,1993308
1791,1494,12 14 11,33.0,1993299
1792,1481,2 8 1,40,1993290
1793,1486,3 7 1,40,1993290
1794,1495,7 9 4,37.5,1993266
1795,1494,9 14 3,35.5,1993264
1796,1501,4 7 2,39.5,1993194
1797,1488,13 11 11,33.5,1993189
1798,1510,6 1 8,39.5,1993179
1799,1499,10 13 3,35.5,1993170
1800,1490,8 8 14,35.5,1993170
1801,1491,7 5 12,37.0,1993142
1802,1494,8 11 4,36.5,1993130
1803,1489,7 2 10,38.5,1993123
1804,1476,1 9 1,40,1993085
1805,1492,4 6 1,40,1993085
1806,1488,10 11 3,36.0,1993056
1807,1488,14 15 9,32.5,1992998
1808,1499,13 13 11,33.0,1992932
1809,1493,5 7 3,39.0,1992895
1810,1506,5 6 2,39.5,1992889
1811,1489,8 8 4,37.5,1992873
1812,1471,0 5 9,40,1992847
1813,1499,9 10 4,36.5,1992842
1814,1477,1 4 9,40,1992741
1815,1494,10 15 2,35.0,1992711
1816,1497,10 15 3,35.0,1992711
1817,1491,5 8 4,38.5,1992693
1818,1470,0 10 1,40,1992676
1819,1497,5 5 1,40,1992676
1820,1499,11 14 2,35.0,1992619
1821,1492,9 7 13,35.5,1992581
1822,1495,9 7 14,35.5,1992581
1823,1490,7 10 4,37.0,1992539
1824,1493,7 10 5,37.0,1992539
1825,1498,6 6 3,39.0,1992491
1826,1499,10 5 12,36.0,1992450
1827,1492,11 12 13,33.5,1992441
1828,1498,8 3 11,37.5,1992437
1829,1482,2 3 9,40,1992422
1830,1493,6 7 3,38.5,1992392
1831,1496,6 7 4,38.5,1992392
1832,1489,6 5 2,39.5,1992381
1833,1495,8 4 12,37.0,1992333
1834,1489,8 2 10,38.0,1992321
1835,1495,8 9 4,37.0,1992247
1836,1498,8 9 5,37.0,1992247
1837,1493,11 10 13,34.0,1992233
1838,1493,10 9 14,34.5,1992110
1839,1494,13 15 10,32.5,1992096
1840,1497,13 15 11,32.5,1992096
1841,1491,6 8 4,38.0,1992084
1842,1491,11 14 13,33.0,1992067
1843,1493,8 5 13,36.5,1992012
1844,1491,8 12 5,36.0,1991984
1845,1492,9 13 4,35.5,1991984
1846,1497,12 11 13,33.5,1991973
1847,1487,3 2 9,40,1991891
1848,1498,7 6 3,38.5,1991891
1849,1496,10 6 13,35.5,1991795
1850,1488,10 6 14,35.5,1991795
1851,1497,10 12 4,35.5,1991795
1852,1501,4 2 10,39.5,1991795
1853,1497,9 11 5,36.0,1991793
1854,1492,12 13 12,33.0,1991791
1855,1495,12 13 13,33.0,1991791
1856,1488,9 8 4,37.0,1991760
1857,1498,14 14 10,32.5,1991735
1858,1496,7 7 4,38.0,1991686
1859,1496,10 14 4,35.0,1991603
1860,1491,9 15 4,35.0,1991603
1861,1498,12 9 13,34.0,1991570
1862,1470,0 1 15,40,1991563
1863,1490,5 2 10,39.0,1991496
1864,1491,8 6 14,36.0,1991471
1865,1498,11 8 14,34.5,1991437
1866,1492,8 10 5,36.5,1991409
1867,1497,13 12 12,33.0,1991330
1868,1488,13 12 13,33.0,1991330
1869,1489,9 3 12,37.0,1991323
1870,1494,7 8 5,37.5,1991271
1871,1491,6 3 12,38.0,1991217
1872,1492,4 1 9,40,1991148
1873,1479,2 7 2,40,1991120
1874,1483,2 7 3,40,1991120
1875,1498,9 4 13,36.5,1991109
1876,1490,12 15 12,32.5,1991030
1877,1497,9 9 5,36.5,1991023
1878,1475,1 0 15,40,1991017
1879,1474,1 8 2,40,1991017
1880,1477,1 8 3,40,1991017
1881,1484,3 6 2,40,1991017
1882,1488,3 6 3,40,1991017
1883,1493,6 2 11,38.5,1990994
1884,1503,5 1 9,39.5,1990952
1885,1506,5 1 10,39.5,1990952
1886,1494,10 7 14,35.0,1990921
1887,1496,11 15 3,34.5,1990841
1888,1499,8 7 5,37.5,1990777
1889,1495,13 14 12,32.5,1990758
1890,1490,4 5 2,40,1990708
1891,1493,4 5 3,40,1990708
1892,1468,0 9 2,40,1990708
1893,1472,0 9 3,40,1990708
1894,1490,10 10 15,34.0,1990693
1895,1496,9 5 14,36.0,1990675
1896,1491,7 9 6,37.0,1990645
1897,1491,5 6 4,39.0,1990622
1898,1490,11 11 14,33.5,1990596
1899,1495,6 1 10,39.0,1990554
1900,1490,9 12 5,35.5,1990533
1901,1494,9 12 6,35.5,1990533
1902,1504,5 5 3,39.5,1990512
1903,1489,11 13 14,33.0,1990487
1904,1489,9 14 5,35.0,1990417
1905,1494,7 3 13,37.5,1990404
1906,1490,8 11 6,36.0,1990361
1907,1494,10 13 5,35.0,1990324
1908,1488,14 13 12,32.5,1990303
1909,1492,7 4 14,37.0,1990301
1910,1496,7 2 12,38.0,1990288
1911,1496,8 8 6,37.0,1990253
1912,1495,10 11 5,35.5,1990249
1913,1499,10 11 6,35.5,1990249
1914,1497,5 0 9,40,1990192
1915,1495,5 4 2,40,1990192
1916,1498,5 4 3,40,1990192
1917,1491,11 9 14,34.0,1990121
1918,1495,11 9 15,34.0,1990121
1919,1494,6 6 5,38.5,1990120
1920,1494,12 12 14,33.0,1990116
1921,1496,6 5 4,39.0,1990114
1922,1495,9 10 6,36.0,1990073
1923,1499,11 12 5,35.0,1990044
1924,1499,11 6 14,35.0,1990044
1925,1495,12 10 14,33.5,1990032
1926,1493,9 6 15,35.5,1990021
1927,1498,7 1 11,38.5,1989955
1928,1469,0 4 10,40,1989938
1929,1492,6 7 6,38.0,1989915
1930,1508,6 0 9,39.5,1989898
1931,1490,6 0 10,39.5,1989898
1932,1509,6 4 3,39.5,1989898
1933,1491,10 8 15,34.5,1989826
1934,1489,10 15 4,34.5,1989826
1935,1493,10 15 5,34.5,1989826
1936,1489,11 10 5,35.5,1989776
1937,1494,11 14 4,34.5,1989733
1938,1498,11 14 5,34.5,1989733
1939,1475,1 3 10,40,1989724
1940,1489,10 4 14,36.0,1989680
1941,1489,12 14 13,32.5,1989618
1942,1488,10 9 6,36.0,1989593
1943,1498,13 11 14,33.0,1989559
1944,1491,8 9 6,36.5,1989517
1945,1494,8 9 7,36.5,1989517
1946,1499,7 5 5,38.5,1989515
1947,1500,6 3 2,40,1989471
1948,1499,12 13 4,34.5,1989457
1949,1494,7 6 5,38.0,1989415
1950,1497,7 6 6,38.0,1989415
1951,1489,7 0 10,39.0,1989403
1952,1493,8 3 13,37.0,1989386
1953,1497,8 3 14,37.0,1989386
1954,1499,8 2 13,37.5,1989380
1955,1496,12 8 14,34.0,1989358
1956,1488,12 8 15,34.0,1989358
1957,1495,14 15 11,32.0,1989341
1958,1498,14 15 12,32.0,1989341
1959,1480,2 2 10,40,1989297
1960,1488,13 9 14,33.5,1989279
1961,1494,13 13 13,32.5,1989252
1962,1491,8 4 14,36.5,1989172
1963,1498,10 5 15,35.5,1989132
1964,1492,7 7 6,37.5,1989103
1965,1491,9 13 7,35.0,1989062
1966,1496,11 7 15,34.5,1989052
1967,1495,9 8 6,36.5,1989030
1968,1499,9 8 7,36.5,1989030
1969,1492,9 11 7,35.5,1988912
1970,1488,15 14 11,32.0,1988893
1971,1493,10 12 6,35.0,1988874
1972,1496,10 12 7,35.0,1988874
1973,1476,1 7 4,40,1988776
1974,1481,2 6 4,40,1988776
1975,1498,12 15 4,34.0,1988762
1976,1499,8 5 5,38.0,1988714
1977,1498,14 12 13,32.5,1988703
1978,1490,5 2 13,38.5,1988701
1979,1485,3 1 10,40,1988656
1980,1491,10 14 6,34.5,1988641
1981,1490,7 8 7,37.0,1988579
1982,1470,0 8 4,40,1988569
1983,1486,3 5 4,40,1988569
1984,1492,8 10 8,36.0,1988568
1985,1497,10 10 7,35.5,1988531
1986,1497,8 6 6,37.5,1988507
1987,1498,11 11 6,35.0,1988499
1988,1496,11 13 6,34.5,1988456
1989,1492,13 15 13,32.0,1988365
1990,1492,10 6 15,35.0,1988363
1991,1489,10 7 6,36.5,1988349
1992,1492,12 11 15,33.0,1988273
1993,1498,9 2 13,37.0,1988268
1994,1492,5 1 12,39.0,1988262
1995,1493,9 9 7,36.0,1988182
1996,1497,9 9 8,36.0,1988182
1997,1496,9 3 14,36.5,1988164
1998,1491,4 4 4,40,1988154
1999,1495,8 7 7,37.0,1988086
2000,1489,12 6 15,34.5,1988085
2001,1490,12 13 15,32.5,1988039
2002,1497,14 14 13,32.0,1988004
2003,1502,5 4 4,39.5,1987958
2004,1505,5 4 5,39.5,1987958
2005,1493,12 9 15,33.5,1987921
2006,1492,11 15 5,34.0,1987839
2007,1495,11 15 6,34.0,1987839
2008,1493,9 4 15,36.0,1987838
2009,1490,4 0 10,40,1987802
2010,1491,6 1 12,38.5,1987760
2011,1495,6 1 13,38.5,1987760
2012,1493,6 5 6,38.5,1987673
2013,1496,12 14 5,34.0,1987656
2014,1488,12 14 6,34.0,1987656
2015,1497,13 10 15,33.0,1987620
2016,1504,5 0 11,39.5,1987606
2017,1498,10 8 7,36.0,1987602
2018,1492,13 12 14,32.5,1987579
2019,1495,13 12 15,32.5,1987579
2020,1491,6 6 7,38.0,1987573
2021,1494,6 4 5,39.0,1987561
2022,1489,9 12 8,35.0,1987538
2023,1496,5 3 4,40,1987532
2024,1492,8 8 8,36.5,1987452
2025,1499,9 6 7,37.0,1987396
2026,1496,11 5 15,35.0,1987383
2027,1490,7 3 15,37.0,1987288
2028,1490,10 13 7,34.5,1987287
2029,1492,7 2 14,37.5,1987282
2030,1494,10 11 8,35.0,1987255
2031,1507,6 3 4,39.5,1987237
2032,1489,6 3 5,39.5,1987237
2033,1493,6 0 11,39.0,1987209
2034,1496,6 0 12,39.0,1987209
2035,1490,9 10 8,35.5,1987120
2036,1498,13 8 15,33.5,1987069
2037,1494,7 1 13,38.0,1987056
2038,1495,11 12 7,34.5,1987008
2039,1495,7 5 7,38.0,1986968
2040,1497,7 4 6,38.5,1986962
2041,1490,13 14 14,32.0,1986954
2042,1497,14 11 14,32.5,1986935
2043,1488,14 11 15,32.5,1986935
2044,1497,9 7 8,36.5,1986864
2045,1467,0 3 11,40,1986857
2046,1499,11 10 8,35.0,1986782
2047,1490,7 6 7,37.5,1986761
2048,1493,7 6 8,37.5,1986761
2049,1499,7 3 5,39.0,1986743
2050,1498,10 3 15,36.0,1986737
2051,1493,11 14 7,34.0,1986655
2052,1495,10 9 8,35.5,1986641
2053,1496,7 0 12,38.5,1986610
2054,1499,7 0 13,38.5,1986610
2055,1490,8 9 9,36.0,1986604
2056,1488,12 11 7,34.5,1986542
2057,1473,1 2 11,40,1986535
2058,1495,14 13 14,32.0,1986501
2059,1488,13 15 5,33.5,1986475
2060,1498,12 13 7,34.0,1986380
2061,1496,15 15 12,31.5,1986373
2062,1487,15 15 13,31.5,1986373
2063,1474,1 6 5,40,1986363
2064,1495,8 2 15,37.0,1986266
2065,1468,0 7 5,40,1986258
2066,1479,2 5 5,40,1986258
2067,1489,8 4 7,38.0,1986163
2068,1497,8 1 14,37.5,1986149
2069,1495,9 8 9,36.0,1986118
2070,1495,8 5 7,37.5,1986062
2071,1498,8 5 8,37.5,1986062
2072,1478,2 1 11,40,1985998
2073,1489,11 8 8,35.5,1985970
2074,1484,3 4 5,40,1985945
2075,1488,15 12 14,32.0,1985865
2076,1499,8 0 13,38.0,1985811
2077,1492,10 12 9,34.5,1985765
2078,1493,8 6 8,37.0,1985746
2079,1493,12 15 6,33.5,1985642
2080,1491,5 4 7,39.0,1985551
2081,1493,14 15 14,31.5,1985486
2082,1493,10 10 9,35.0,1985464
2083,1488,10 7 9,36.0,1985438
2084,1489,4 3 5,40,1985424
2085,1493,11 11 8,34.5,1985389
2086,1496,11 11 9,34.5,1985389
2087,1498,13 14 6,33.5,1985370
2088,1492,11 13 8,34.0,1985303
2089,1483,3 0 11,40,1985246
2090,1503,5 3 6,39.5,1985228
2091,1490,8 7 9,36.5,1985215
2092,1489,9 4 7,37.5,1985162
2093,1492,9 9 10,35.5,1985157
2094,1491,6 4 7,38.5,1985051
2095,1494,9 2 15,36.5,1985045
2096,1499,9 1 15,37.0,1985039
2097,1498,15 14 14,31.5,1985039
2098,1497,9 5 8,37.0,1984952
2099,1497,12 12 8,34.0,1984933
2100,1497,11 9 9,35.0,1984893
2101,1492,6 3 6,39.0,1984832
2102,1496,6 3 7,39.0,1984832
2103,1493,14 12 15,32.0,1984830
2104,1498,12 10 8,34.5,1984827
2105,1490,6 1 15,38.0,1984796
2106,1494,5 2 5,40,1984694
2107,1490,11 15 8,33.5,1984642
2108,1493,10 8 9,35.5,1984579
2109,1497,10 8 10,35.5,1984579
2110,1495,9 6 9,36.5,1984525
2111,1492,12 14 7,33.5,1984460
2112,1495,12 14 8,33.5,1984460
2113,1508,6 2 6,39.5,1984400
2114,1492,6 0 14,38.5,1984351
2115,1494,7 4 8,38.0,1984347
2116,1492,7 11 0,37.5,1984333
2117,1491,7 5 9,37.5,1984246
2118,1495,7 3 7,38.5,1984234
2119,1497,8 10 0,37.5,1984140
2120,1498,15 11 15,32.0,1984100
2121,1497,13 13 7,33.5,1984095
2122,1488,13 13 8,33.5,1984095
2123,1493,6 9 0,38.5,1984089
2124,1491,14 14 15,31.5,1984077
2125,1490,10 11 10,34.5,1984073
2126,1490,7 1 15,37.5,1983986
2127,1497,7 2 6,39.0,1983906
2128,1493,9 7 10,36.0,1983883
2129,1498,11 7 9,35.5,1983807
2130,1498,7 8 0,38.5,1983794
2131,1490,11 12 9,34.0,1983782
2132,1494,11 12 10,34.0,1983782
2133,1467,0 6 6,40,1983777
2134,1472,1 5 6,40,1983777
2135,1499,6 1 5,40,1983755
2136,1498,10 1 15,36.5,1983726
2137,1492,7 0 14,38.0,1983648
2138,1495,7 0 15,38.0,1983648
2139,1489,10 5 9,36.5,1983639
2140,1465,0 2 12,40,1983606
2141,1469,0 2 13,40,1983606
2142,1495,11 10 10,34.5,1983601
2143,1490,8 13 0,36.5,1983580
2144,1477,2 4 6,40,1983567
2145,1496,15 13 15,31.5,1983537
2146,1491,10 9 10,35.0,1983503
2147,1495,9 12 0,36.5,1983486
2148,1496,8 4 9,37.5,1983442
2149,1498,8 3 8,38.0,1983435
2150,1492,7 9 0,38.0,1983386
2151,1494,9 14 0,36.0,1983367
2152,1491,8 11 0,37.0,1983318
2153,1494,8 11 1,37.0,1983318
2154,1495,12 11 9,34.0,1983316
2155,1498,12 11 10,34.0,1983316
2156,1499,10 13 0,36.0,1983274
2157,1495,13 15 7,33.0,1983235
2158,1491,8 5 9,37.0,1983232
2159,1494,8 5 10,37.0,1983232
2160,1489,8 2 7,38.5,1983213
2161,1489,10 11 0,36.5,1983203
2162,1470,1 1 12,40,1983173
2163,1474,1 1 13,40,1983173
2164,1482,3 3 6,40,1983147
2165,1494,12 13 9,33.5,1983109
2166,1498,10 6 10,36.0,1983101
2167,1496,9 10 0,37.0,1983031
2168,1488,9 10 1,37.0,1983031
2169,1490,9 8 11,35.5,1983024
2170,1497,8 8 0,38.0,1982996
2171,1499,12 9 10,34.5,1982940
2172,1488,14 14 7,33.0,1982875
2173,1496,11 8 10,35.0,1982833
2174,1492,8 6 11,36.5,1982806
2175,1490,7 10 1,37.5,1982772
2176,1494,8 0 15,37.5,1982743
2177,1488,13 10 9,34.0,1982665
2178,1498,13 12 9,33.5,1982650
2179,1476,2 0 12,40,1982525
2180,1479,2 0 13,40,1982525
2181,1487,4 2 6,40,1982518
2182,1495,8 9 1,37.5,1982481
2183,1493,6 7 0,39.0,1982455
2184,1491,15 15 14,31.0,1982393
2185,1494,15 15 15,31.0,1982393
2186,1495,10 7 11,35.5,1982345
2187,1495,9 4 9,37.0,1982333
2188,1499,9 4 10,37.0,1982333
2189,1492,12 15 9,33.0,1982326
2190,1501,5 2 7,39.5,1982322
2191,1492,8 12 2,36.5,1982289
2192,1492,6 3 9,38.5,1982254
2193,1491,6 8 1,38.5,1982254
2194,1493,9 13 1,36.0,1982249
2195,1494,9 11 1,36.5,1982100
2196,1497,9 11 2,36.5,1982100
2197,1492,11 11 11,34.0,1982091
2198,1498,10 12 1,36.0,1982062
2199,1493,13 14 8,33.0,1982055
2200,1497,13 14 9,33.0,1982055
2201,1493,9 5 10,36.5,1982013
2202,1497,9 5 11,36.5,1982013
2203,1489,9 8 1,37.5,1981996
2204,1489,12 7 10,35.0,1981972
2205,1498,7 6 0,39.0,1981956
2206,1494,6 2 8,39.0,1981926
2207,1496,7 7 1,38.5,1981858
2208,1493,10 14 0,35.5,1981830
2209,1493,8 10 2,37.0,1981758
2210,1499,10 10 1,36.5,1981720
2211,1492,5 1 6,40,1981678
2212,1498,11 13 0,35.5,1981645
2213,1493,11 9 11,34.5,1981642
2214,1498,14 13 8,33.0,1981602
2215,1492,12 12 10,33.5,1981589
2216,1491,7 3 9,38.0,1981551
2217,1490,7 8 1,38.0,1981551
2218,1494,7 8 2,38.0,1981551
2219,1497,12 10 11,34.0,1981529
2220,1491,9 6 11,36.0,1981475
2221,1488,11 6 11,35.5,1981472
2222,1506,6 1 7,39.5,1981385
2223,1498,9 9 2,37.0,1981373
2224,1492,10 8 12,35.0,1981372
2225,1493,7 2 8,38.5,1981330
2226,1497,7 2 9,38.5,1981330
2227,1499,15 15 6,32.5,1981275
2228,1489,10 3 9,37.0,1981235
2229,1477,2 8 0,40,1981136
2230,1483,3 7 0,40,1981136
2231,1465,0 5 7,40,1981124
2232,1468,0 5 8,40,1981124
2233,1490,12 14 10,33.0,1981070
2234,1495,8 7 1,38.0,1981060
2235,1499,8 7 2,38.0,1981060
2236,1492,7 9 3,37.5,1981037
2237,1497,13 11 10,33.5,1981035
2238,1497,11 15 0,35.0,1981031
2239,1498,10 4 10,36.5,1981022
2240,1470,1 4 7,40,1981019
2241,1473,1 4 8,40,1981019
2242,1491,9 12 2,36.0,1980960
2243,1472,1 9 0,40,1980932
2244,1488,4 6 0,40,1980932
2245,1499,7 1 8,39.0,1980892
2246,1498,12 8 11,34.5,1980882
2247,1490,8 11 3,36.5,1980827
2248,1490,9 14 2,35.5,1980806
2249,1502,5 6 1,39.5,1980737
2250,1492,10 13 1,35.5,1980713
2251,1495,10 13 2,35.5,1980713
2252,1495,13 13 10,33.0,1980705
2253,1475,2 3 7,40,1980702
2254,1479,2 3 8,40,1980702
2255,1496,10 11 2,36.0,1980677
2256,1494,8 3 10,37.5,1980647
2257,1493,8 8 2,37.5,1980647
2258,1497,8 8 3,37.5,1980647
2259,1497,6 0 6,40,1980629
2260,1497,14 15 8,32.5,1980619
2261,1494,11 7 11,35.0,1980602
2262,1497,11 7 12,35.0,1980602
2263,1496,10 5 11,36.0,1980590
2264,1492,8 4 11,37.0,1980545
2265,1495,9 10 3,36.5,1980540
2266,1496,8 2 9,38.0,1980532
2267,1467,0 10 0,40,1980525
2268,1493,5 5 0,40,1980525
2269,1496,11 12 1,35.5,1980434
2270,1489,11 12 2,35.5,1980434
2271,1489,9 6 1,38.0,1980372
2272,1491,6 6 1,39.0,1980342
2273,1495,6 6 2,39.0,1980342
2274,1490,7 0 7,39.5,1980239
2275,1490,11 10 12,34.0,1980232
2276,1504,6 5 0,39.5,1980232
2277,1507,6 5 1,39.5,1980232
2278,1490,8 5 12,36.5,1980225
2279,1498,8 1 8,38.5,1980200
2280,1466,0 1 14,40,1980183
2281,1490,10 9 13,34.5,1980181
2282,1490,10 15 1,35.0,1980178
2283,1480,3 2 7,40,1980174
2284,1484,3 2 8,40,1980174
2285,1488,14 12 10,33.0,1980159
2286,1495,11 14 1,35.0,1980087
2287,1489,10 9 3,36.5,1980063
2288,1498,9 7 2,37.5,1980062
2289,1491,8 9 3,37.0,1980024
2290,1493,10 6 12,35.5,1979940
2291,1498,6 4 0,40,1979914
2292,1490,12 11 11,33.5,1979901
2293,1494,12 11 12,33.5,1979901
2294,1489,12 13 1,35.0,1979812
2295,1490,13 15 9,32.5,1979799
2296,1494,7 6 2,38.5,1979745
2297,1496,7 5 1,39.0,1979740
2298,1489,7 5 2,39.0,1979740
2299,1472,1 0 14,40,1979640
2300,1498,12 6 11,35.0,1979639
2301,1495,12 9 12,34.0,1979572
2302,1492,7 7 3,38.0,1979542
2303,1496,9 8 3,37.0,1979540
2304,1497,9 3 11,37.0,1979540
2305,1499,9 2 10,37.5,1979534
2306,1509,7 4 0,39.5,1979524
2307,1491,11 8 12,34.5,1979512
2308,1494,11 8 13,34.5,1979512
2309,1489,11 4 11,36.0,1979509
2310,1489,9 11 3,36.0,1979498
2311,1493,9 11 4,36.0,1979498
2312,1495,14 14 9,32.5,1979440
2313,1485,4 1 7,40,1979435
2314,1489,4 1 8,40,1979435
2315,1493,10 12 3,35.5,1979424
2316,1495,9 4 12,36.5,1979327
2317,1490,6 2 10,38.5,1979282
2318,1495,13 10 11,33.5,1979250
2319,1498,13 10 12,33.5,1979250
2320,1493,13 12 11,33.0,1979188
2321,1492,10 14 3,35.0,1979155
2322,1490,7 8 4,37.5,1979129
2323,1494,10 10 3,36.0,1979119
2324,1498,10 10 4,36.0,1979119
2325,1495,12 15 0,34.5,1979081
2326,1499,12 15 1,34.5,1979081
2327,1490,10 7 13,35.0,1979070
2328,1476,2 7 1,40,1979052
2329,1498,11 11 3,35.5,1979050
2330,1499,8 5 2,38.5,1979048
2331,1494,11 13 2,35.0,1978971
2332,1497,11 13 3,35.0,1978971
2333,1498,11 5 12,35.5,1978964
2334,1470,1 8 1,40,1978950
2335,1481,3 6 1,40,1978950
2336,1497,8 6 3,38.0,1978949
2337,1488,15 13 9,32.5,1978901
2338,1492,9 5 13,36.0,1978896
2339,1492,6 1 9,39.0,1978845
2340,1489,13 14 0,34.5,1978810
2341,1494,9 9 4,36.5,1978808
2342,1499,13 8 12,34.0,1978724
2343,1491,7 3 12,37.5,1978696
2344,1496,12 7 12,34.5,1978652
2345,1499,12 7 13,34.5,1978652
2346,1486,4 5 1,40,1978643
2347,1465,0 9 1,40,1978643
2348,1495,8 7 4,37.5,1978638
2349,1499,12 12 2,35.0,1978602
2350,1493,7 2 11,38.0,1978581
2351,1499,11 9 3,36.0,1978550
2352,1498,14 11 11,33.0,1978546
2353,1492,13 14 11,32.5,1978544
2354,1490,5 0 7,40,1978485
2355,1494,5 0 8,40,1978485
2356,1488,14 9 11,33.5,1978414
2357,1492,11 15 2,34.5,1978320
2358,1466,0 4 9,40,1978301
2359,1495,7 1 10,38.5,1978249
2360,1490,9 6 14,35.5,1978246
2361,1499,10 8 4,36.5,1978231
2362,1499,10 3 12,36.5,1978231
2363,1495,11 6 13,35.0,1978198
2364,1504,6 0 8,39.5,1978192
2365,1497,12 14 2,34.5,1978138
2366,1491,5 4 1,40,1978131
2367,1493,8 8 5,37.0,1978117
2368,1493,14 13 10,32.5,1978093
2369,1497,14 13 11,32.5,1978093
2370,1471,1 3 9,40,1978088
2371,1491,6 6 4,38.5,1978059
2372,1490,12 12 13,33.0,1978054
2373,1493,6 5 3,39.0,1978053
2374,1492,12 10 13,33.5,1978044
2375,1492,10 11 4,35.5,1977964
2376,1491,10 13 4,35.0,1977962
2377,1489,9 6 4,37.5,1977951
2378,1493,10 4 12,36.0,1977907
2379,1497,10 4 13,36.0,1977907
2380,1491,9 10 5,36.0,1977864
2381,1505,6 4 2,39.5,1977838
2382,1498,15 15 9,32.0,1977793
2383,1496,7 0 9,39.0,1977701
2384,1490,8 3 12,37.0,1977684
2385,1496,11 12 4,35.0,1977683
2386,1492,8 2 11,37.5,1977678
2387,1496,8 2 12,37.5,1977678
2388,1476,2 2 9,40,1977663
2389,1489,13 6 12,34.5,1977601
2390,1494,9 7 4,37.0,1977533
2391,1498,9 7 5,37.0,1977533
2392,1492,13 11 12,33.0,1977501
2393,1495,13 11 13,33.0,1977501
2394,1497,11 10 4,35.5,1977493
2395,1498,15 12 10,32.5,1977460
2396,1492,7 5 3,38.5,1977457
2397,1496,7 5 4,38.5,1977457
2398,1494,8 1 10,38.0,1977453
2399,1498,8 1 11,38.0,1977453
2400,1493,12 8 13,34.0,1977445
2401,1496,6 3 1,40,1977414
2402,1496,10 9 5,36.0,1977387
2403,1491,10 5 13,35.5,1977362
2404,1494,10 5 14,35.5,1977362
2405,1490,7 6 4,38.0,1977358
2406,1498,7 4 3,39.0,1977346
2407,1491,11 14 3,34.5,1977298
2408,1496,13 9 13,33.5,1977296
2409,1492,11 7 14,34.5,1977212
2410,1488,12 5 13,35.0,1977133
2411,1490,13 13 12,32.5,1977122
2412,1491,14 15 10,32.0,1977061
2413,1482,3 1 9,40,1977026
2414,1510,7 3 2,39.5,1977024
2415,1496,12 13 3,34.5,1977023
2416,1499,8 0 10,38.5,1977010
2417,1497,13 15 1,34.0,1976926
2418,1492,9 8 5,36.5,1976902
2419,1469,1 7 2,40,1976795
2420,1472,1 7 3,40,1976795
2421,1474,2 6 2,40,1976795
2422,1477,2 6 3,40,1976795
2423,1496,14 10 12,33.0,1976764
2424,1488,14 10 13,33.0,1976764
2425,1499,10 6 4,37.0,1976753
2426,1498,11 3 12,36.0,1976719
2427,1495,8 5 4,38.0,1976661
2428,1497,8 4 3,38.5,1976655
2429,1496,15 14 10,32.0,1976616
2430,1489,10 12 5,35.0,1976597
2431,1464,0 0 15,40,1976589
2432,1463,0 8 2,40,1976589
2433,1467,0 8 3,40,1976589
2434,1479,3 5 2,40,1976589
2435,1483,3 5 3,40,1976589
2436,1495,14 12 12,32.5,1976577
2437,1495,9 2 12,37.0,1976573
2438,1497,13 7 13,34.0,1976497
2439,1492,9 3 13,36.5,1976469
2440,1497,9 1 11,37.5,1976456
2441,1489,9 1 12,37.5,1976456
2442,1493,8 6 5,37.5,1976455
2443,1490,10 10 5,35.5,1976331
2444,1494,10 10 6,35.5,1976331
2445,1496,11 4 13,35.5,1976282
2446,1499,11 4 14,35.5,1976282
2447,1494,12 15 3,34.0,1976254
2448,1497,12 6 14,34.5,1976251
2449,1497,10 7 5,36.5,1976225
2450,1494,11 11 5,35.0,1976224
2451,1487,4 0 9,40,1976177
2452,1484,4 4 2,40,1976177
2453,1488,4 4 3,40,1976177
2454,1490,9 4 14,36.0,1976145
2455,1499,9 0 10,38.0,1976120
2456,1489,11 13 4,34.5,1976105
2457,1493,11 13 5,34.5,1976105
2458,1490,9 9 6,36.0,1976059
2459,1491,8 7 6,37.0,1976037
2460,1490,12 9 14,33.5,1976017
2461,1489,11 8 15,34.0,1976006
2462,1499,13 14 3,34.0,1975983
2463,1501,5 0 10,39.5,1975982
2464,1488,15 11 12,32.5,1975850
2465,1490,14 14 11,32.0,1975808
2466,1493,14 14 12,32.0,1975808
2467,1489,9 4 4,38.0,1975766
2468,1495,11 9 5,35.5,1975763
2469,1498,11 9 6,35.5,1975763
2470,1494,12 12 4,34.5,1975737
2471,1498,12 12 5,34.5,1975737
2472,1498,9 5 5,37.5,1975665
2473,1499,12 10 5,35.0,1975664
2474,1493,13 10 14,33.0,1975646
2475,1493,11 5 14,35.0,1975623
2476,1491,6 4 4,39.0,1975588
2477,1489,5 3 2,40,1975559
2478,1493,5 3 3,40,1975559
2479,1494,10 8 6,36.0,1975483
2480,1491,7 1 12,38.0,1975436
2481,1496,9 6 6,37.0,1975351
2482,1464,0 3 10,40,1975306
2483,1495,15 13 11,32.0,1975270
2484,1498,15 13 12,32.0,1975270
2485,1503,6 3 3,39.5,1975266
2486,1497,10 2 13,36.5,1975265
2487,1499,10 1 12,37.0,1975259
2488,1493,12 14 4,34.0,1975233
2489,1499,13 11 4,34.5,1975184
2490,1494,13 8 14,33.5,1975171
2491,1491,12 7 14,34.0,1975148
2492,1494,12 7 15,34.0,1975148
2493,1491,10 11 7,35.0,1975063
2494,1495,10 3 14,36.0,1975050
2495,1489,12 3 13,35.5,1975006
2496,1488,12 8 5,35.5,1975006
2497,1492,7 5 6,38.0,1974999
2498,1492,7 0 11,38.5,1974993
2499,1494,7 4 5,38.5,1974993
2500,1469,1 2 10,40,1974985
2501,1493,14 11 13,32.5,1974893
2502,1498,13 13 4,34.0,1974870
2503,1490,9 7 6,36.5,1974823
2504,1494,9 7 7,36.5,1974823
2505,1498,14 9 14,33.0,1974811
2506,1496,7 3 4,39.0,1974775
2507,1490,11 6 15,34.5,1974742
2508,1491,11 12 6,34.5,1974742
2509,1494,6 2 2,40,1974734
2510,1498,6 2 3,40,1974734
2511,1499,11 7 6,36.0,1974715
2512,1491,8 2 14,37.0,1974650
2513,1492,10 4 15,35.5,1974613
2514,1492,11 10 6,35.0,1974593
2515,1496,11 10 7,35.0,1974593
2516,1499,14 15 2,33.5,1974564
2517,1493,8 1 13,37.5,1974534
2518,1492,10 9 7,35.5,1974527
2519,1470,1 6 4,40,1974468
2520,1498,12 4 14,35.0,1974454
2521,1474,2 1 10,40,1974451
2522,1492,14 13 13,32.0,1974388
2523,1465,0 7 4,40,1974364
2524,1476,2 5 4,40,1974364
2525,1508,7 2 3,39.5,1974345
2526,1490,11 14 6,34.0,1974316
2527,1496,12 11 6,34.5,1974279
2528,1495,8 0 12,38.0,1974198
2529,1493,8 4 5,38.0,1974198
2530,1497,8 4 6,38.0,1974198
2531,1499,14 7 14,33.5,1974136
2532,1493,15 15 11,31.5,1974112
2533,1495,13 6 14,34.0,1974099
2534,1499,13 6 15,34.0,1974099
2535,1491,8 5 6,37.5,1974097
2536,1499,8 3 5,38.5,1974085
2537,1491,9 8 8,36.0,1974081
2538,1498,15 10 13,32.5,1974069
2539,1481,3 4 4,40,1974053
2540,1495,10 6 6,36.5,1974044
2541,1498,10 6 7,36.5,1974044
2542,1491,12 13 5,34.0,1974042
2543,1495,12 13 6,34.0,1974042
2544,1493,13 15 3,33.5,1973981
2545,1496,13 15 4,33.5,1973981
2546,1497,12 9 6,35.0,1973935
2547,1497,11 8 7,35.5,1973860
2548,1490,13 11 15,32.5,1973776
2549,1496,15 12 13,32.0,1973757
2550,1499,11 2 14,36.0,1973756
2551,1479,3 0 10,40,1973704
2552,1499,7 1 2,40,1973704
2553,1495,12 5 15,34.5,1973679
2554,1498,14 14 3,33.5,1973623
2555,1491,13 9 15,33.0,1973623
2556,1496,13 12 5,34.0,1973585
2557,1488,13 12 6,34.0,1973585
2558,1486,4 3 4,40,1973535
2559,1490,9 2 14,36.5,1973437
2560,1492,9 1 13,37.0,1973430
2561,1496,9 1 14,37.0,1973430
2562,1497,11 3 15,35.5,1973428
2563,1493,10 7 7,36.0,1973405
2564,1496,10 7 8,36.0,1973405
2565,1489,10 10 8,35.0,1973358
2566,1490,14 15 13,31.5,1973305
2567,1490,12 15 5,33.5,1973231
2568,1490,11 11 7,34.5,1973209
2569,1498,9 0 13,37.5,1973203
2570,1496,9 4 6,37.5,1973203
2571,1498,9 3 5,38.0,1973197
2572,1488,11 5 6,36.5,1973071
2573,1491,14 10 14,32.5,1973040
2574,1495,14 10 15,32.5,1973040
2575,1494,9 5 7,37.0,1972994
2576,1495,13 14 5,33.5,1972961
2577,1491,11 4 15,35.0,1972876
2578,1492,13 7 15,33.5,1972876
2579,1491,15 14 12,31.5,1972861
2580,1494,15 14 13,31.5,1972861
2581,1488,14 5 14,34.0,1972859
2582,1491,5 2 4,40,1972809
2583,1490,14 12 14,32.0,1972801
2584,1494,11 9 8,35.0,1972790
2585,1496,14 8 15,33.0,1972689
2586,1493,12 12 7,34.0,1972680
2587,1494,12 10 7,34.5,1972650
2588,1492,9 6 8,36.5,1972570
2589,1490,10 8 8,35.5,1972551
2590,1497,11 6 7,36.0,1972536
2591,1501,6 2 4,39.5,1972517
2592,1505,6 2 5,39.5,1972517
2593,1488,14 13 5,33.5,1972511
2594,1490,7 4 7,38.0,1972465
2595,1488,13 4 15,34.5,1972422
2596,1492,7 3 6,38.5,1972352
2597,1462,0 2 11,40,1972140
2598,1498,13 11 7,34.0,1972129
2599,1495,10 1 14,36.5,1972125
2600,1496,15 9 14,32.5,1972120
2601,1499,15 9 15,32.5,1972120
2602,1494,15 11 14,32.0,1972075
2603,1499,12 8 8,35.0,1972034
2604,1494,7 2 5,39.0,1972027
2605,1493,10 2 15,36.0,1972020
2606,1497,10 0 13,37.0,1972008
2607,1489,10 0 14,37.0,1972008
2608,1499,10 4 7,37.0,1972008
2609,1463,0 6 5,40,1971969
2610,1468,1 5 5,40,1971969
2611,1489,9 7 9,36.0,1971932
2612,1499,13 9 7,34.5,1971904
2613,1496,6 1 4,40,1971876
2614,1495,11 7 8,35.5,1971784
2615,1493,13 13 6,33.5,1971771
2616,1474,2 4 5,40,1971760
2617,1497,14 6 15,33.5,1971741
2618,1467,1 1 11,40,1971710
2619,1496,10 5 8,36.5,1971689
2620,1496,12 3 15,35.0,1971602
2621,1489,15 7 15,33.0,1971570
2622,1493,8 4 8,37.5,1971565
2623,1495,8 3 7,38.0,1971559
2624,1491,11 10 9,34.5,1971506
2625,1494,14 15 4,33.0,1971501
2626,1498,14 15 5,33.0,1971501
2627,1506,7 1 4,39.5,1971488
2628,1510,7 1 5,39.5,1971488
2629,1493,15 13 14,31.5,1971443
2630,1479,3 3 5,40,1971343
2631,1497,8 2 6,38.5,1971338
2632,1498,14 12 6,33.5,1971227
2633,1491,8 0 14,37.5,1971215
2634,1494,10 6 9,36.0,1971154
2635,1491,12 11 8,34.0,1971149
2636,1472,2 0 11,40,1971065
2637,1499,15 14 4,33.0,1971057
2638,1498,8 1 5,39.0,1970903
2639,1490,12 13 8,33.5,1970868
2640,1493,12 9 8,34.5,1970849
2641,1496,12 9 9,34.5,1970849
2642,1492,13 15 6,33.0,1970840
2643,1499,12 6 8,35.5,1970826
2644,1492,11 8 9,35.0,1970816
2645,1500,7 0 4,40,1970736
2646,1484,4 2 5,40,1970717
2647,1497,11 1 15,36.0,1970618
2648,1499,11 0 14,36.5,1970612
2649,1494,9 3 7,37.5,1970565
2650,1498,9 3 8,37.5,1970565
2651,1496,13 10 8,34.0,1970501
2652,1496,14 14 6,33.0,1970482
2653,1492,9 4 8,37.0,1970463
2654,1489,9 2 7,38.0,1970451
2655,1491,13 12 7,33.5,1970411
2656,1495,13 12 8,33.5,1970411
2657,1492,10 7 10,35.5,1970403
2658,1489,8 0 4,39.5,1970253
2659,1493,15 10 15,32.0,1970225
2660,1499,11 5 9,36.0,1970183
2661,1491,8 9 0,37.5,1970167
2662,1490,9 5 9,36.5,1970145
2663,1488,13 2 15,35.0,1970132
2664,1490,6 2 7,39.0,1970129
2665,1494,9 0 15,37.0,1970114
2666,1497,13 8 8,34.5,1970005
2667,1497,12 7 9,35.0,1969960
2668,1489,5 1 5,40,1969882
2669,1491,15 12 15,31.5,1969858
2670,1496,14 11 7,33.5,1969773
2671,1488,14 11 8,33.5,1969773
2672,1490,13 14 7,33.0,1969744
2673,1490,9 11 0,36.5,1969711
2674,1496,9 8 0,37.5,1969686
2675,1489,11 9 10,34.5,1969632
2676,1492,7 7 0,38.5,1969624
2677,1494,10 12 0,36.0,1969596
2678,1503,6 1 6,39.5,1969591
2679,1490,7 2 7,38.5,1969536
2680,1493,11 6 9,35.5,1969535
2681,1496,11 6 10,35.5,1969535
2682,1490,12 10 9,34.0,1969447
2683,1493,12 10 10,34.0,1969447
2684,1461,0 5 6,40,1969402
2685,1497,10 3 8,37.0,1969371
2686,1499,10 2 7,37.5,1969365
2687,1495,10 10 0,36.5,1969334
2688,1466,1 4 6,40,1969297
2689,1495,14 13 7,33.0,1969294
2690,1499,11 11 0,36.0,1969224
2691,1494,10 4 9,36.5,1969160
2692,1492,7 1 6,39.0,1969101
2693,1495,7 1 7,39.0,1969101
2694,1491,9 9 0,37.0,1969066
2695,1494,9 9 1,37.0,1969066
2696,1497,8 6 0,38.5,1969034
2697,1472,2 3 6,40,1968982
2698,1489,15 14 15,31.0,1968907
2699,1493,13 11 9,33.5,1968882
2700,1494,12 8 10,34.5,1968877
2701,1491,8 3 9,37.5,1968857
2702,1494,6 0 5,40,1968839
2703,1492,8 7 0,38.0,1968831
2704,1496,15 15 5,32.5,1968814
2705,1493,10 0 15,36.5,1968811
2706,1460,0 1 12,40,1968803
2707,1463,0 1 13,40,1968803
2708,1489,11 9 0,36.5,1968768
2709,1493,8 2 8,38.0,1968743
2710,1492,10 5 10,36.0,1968730
2711,1494,13 9 9,34.0,1968702
2712,1498,13 9 10,34.0,1968702
2713,1490,11 7 10,35.0,1968670
2714,1499,15 12 7,33.0,1968664
2715,1496,10 8 0,37.0,1968493
2716,1499,10 8 1,37.0,1968493
2717,1492,13 13 9,33.0,1968479
2718,1498,12 5 9,35.5,1968475
2719,1477,3 2 6,40,1968457
2720,1508,7 0 6,39.5,1968452
2721,1490,8 8 1,37.5,1968421
2722,1495,8 1 7,38.5,1968413
2723,1492,10 11 1,36.0,1968298
2724,1465,1 0 12,40,1968262
2725,1468,1 0 13,40,1968262
2726,1490,14 15 6,32.5,1968240
2727,1493,14 15 7,32.5,1968240
2728,1492,9 10 2,36.5,1968239
2729,1497,9 6 0,38.0,1968147
2730,1498,14 10 9,33.5,1968147
2731,1490,10 6 11,35.5,1968084
2732,1493,11 12 0,35.5,1967978
2733,1499,11 3 9,36.5,1967978
2734,1493,14 12 8,33.0,1967936
2735,1497,14 12 9,33.0,1967936
2736,1499,13 7 10,34.5,1967933
2737,1496,8 0 6,39.0,1967867
2738,1489,8 0 7,39.0,1967867
2739,1495,9 7 1,37.5,1967839
2740,1497,11 10 1,36.0,1967829
2741,1494,15 14 6,32.5,1967797
2742,1498,15 14 7,32.5,1967797
2743,1499,14 8 9,34.0,1967772
2744,1493,10 9 1,36.5,1967764
2745,1497,10 9 2,36.5,1967764
2746,1490,9 3 9,37.0,1967757
2747,1493,9 3 10,37.0,1967757
2748,1495,9 2 9,37.5,1967751
2749,1489,11 7 0,37.0,1967727
2750,1482,4 1 6,40,1967723
2751,1495,12 6 10,35.0,1967713
2752,1497,11 4 10,36.0,1967655
2753,1491,7 6 1,38.5,1967600
2754,1492,7 5 0,39.0,1967594
2755,1491,12 9 11,34.0,1967575
2756,1492,11 14 0,35.0,1967554
2757,1491,9 4 11,36.5,1967546
2758,1497,9 1 8,38.0,1967527
2759,1498,12 11 0,35.5,1967517
2760,1492,9 8 2,37.0,1967321
2761,1497,12 13 0,35.0,1967281
2762,1498,15 11 8,33.0,1967212
2763,1491,13 10 10,33.5,1967182
2764,1491,14 14 8,32.5,1967145
2765,1494,11 5 11,35.5,1967113
2766,1498,11 8 1,36.5,1967100
2767,1499,9 0 7,38.5,1967086
2768,1499,10 6 1,37.5,1967063
2769,1490,10 12 2,35.5,1967053
2770,1490,13 12 10,33.0,1967045
2771,1472,2 7 0,40,1966985
2772,1496,8 5 1,38.5,1966907
2773,1467,1 8 0,40,1966883
2774,1477,3 6 0,40,1966883
2775,1491,10 10 2,36.0,1966826
2776,1490,8 6 1,38.0,1966808
2777,1494,8 6 2,38.0,1966808
2778,1497,8 4 0,39.0,1966796
2779,1487,5 0 6,40,1966778
2780,1492,12 7 11,34.5,1966733
2781,1496,13 8 11,34.0,1966732
2782,1491,11 11 1,35.5,1966681
2783,1495,11 11 2,35.5,1966681
2784,1459,0 4 7,40,1966663
2785,1463,0 4 8,40,1966663
2786,1497,10 7 2,37.0,1966647
2787,1496,15 13 8,32.5,1966610
2788,1490,9 9 3,36.5,1966593
2789,1483,4 5 0,40,1966578
2790,1461,0 9 0,40,1966578
2791,1488,13 5 10,35.0,1966565
2792,1495,10 2 9,37.0,1966559
2793,1498,10 2 10,37.0,1966559
2794,1491,7 1 9,38.5,1966544
2795,1490,11 13 1,35.0,1966524
2796,1492,8 7 3,37.5,1966500
2797,1501,6 0 7,39.5,1966487
2798,1492,10 3 10,36.5,1966456
2799,1496,10 3 11,36.5,1966456
2800,1464,1 3 7,40,1966452
2801,1468,1 3 8,40,1966452
2802,1489,10 1 9,37.5,1966444
2803,1495,14 11 10,33.0,1966408
2804,1492,11 6 12,35.0,1966353
2805,1496,14 9 10,33.5,1966351
2806,1496,11 9 2,36.0,1966261
2807,1495,12 12 1,35.0,1966158
2808,1490,10 4 11,36.0,1966133
2809,1496,12 10 1,35.5,1966123
2810,1488,12 10 2,35.5,1966123
2811,1488,5 4 0,40,1966069
2812,1470,2 2 7,40,1966030
2813,1473,2 2 8,40,1966030
2814,1495,9 5 1,38.0,1966021
2815,1498,9 5 2,38.0,1966021
2816,1495,10 8 3,36.5,1966020
2817,1489,9 4 1,38.5,1966016
2818,1493,7 0 8,39.0,1965998
2819,1499,12 4 11,35.5,1965949
2820,1490,14 13 9,32.5,1965882
2821,1493,9 6 2,37.5,1965817
2822,1496,9 6 3,37.5,1965817
2823,1502,6 4 1,39.5,1965778
2824,1491,8 1 9,38.0,1965752
2825,1497,13 6 11,34.5,1965688
2826,1490,12 14 0,34.5,1965618
2827,1494,12 14 1,34.5,1965618
2828,1488,13 11 1,35.0,1965608
2829,1499,15 10 10,33.0,1965588
2830,1489,12 8 12,34.0,1965533
2831,1489,12 8 2,36.0,1965507
2832,1491,15 15 7,32.0,1965432
2833,1494,15 15 8,32.0,1965432
2834,1491,9 7 3,37.0,1965401
2835,1475,3 1 7,40,1965397
2836,1478,3 1 8,40,1965397
2837,1489,11 7 13,34.5,1965373
2838,1493,6 3 0,40,1965356
2839,1492,11 12 3,35.0,1965323
2840,1490,13 9 11,33.5,1965312
2841,1493,13 9 12,33.5,1965312
2842,1492,8 0 8,38.5,1965311
2843,1496,8 0 9,38.5,1965311
2844,1461,0 0 14,40,1965294
2845,1493,12 5 11,35.0,1965294
2846,1496,12 5 12,35.0,1965294
2847,1491,7 4 1,39.0,1965289
2848,1494,7 4 2,39.0,1965289
2849,1495,13 13 0,34.5,1965257
2850,1499,13 13 1,34.5,1965257
2851,1489,11 7 3,36.5,1965255
2852,1494,15 12 9,32.5,1965254
2853,1493,11 10 3,35.5,1965211
2854,1493,10 9 4,36.0,1965181
2855,1497,11 2 10,36.5,1965168
2856,1489,11 2 11,36.5,1965168
2857,1499,11 1 9,37.0,1965161
2858,1489,10 4 1,38.0,1965039
2859,1503,7 3 0,39.5,1964969
2860,1507,7 3 1,39.5,1964969
2861,1495,11 3 11,36.0,1964953
2862,1498,10 5 2,37.5,1964938
2863,1491,9 2 11,37.0,1964877
2864,1493,12 11 2,35.0,1964862
2865,1497,12 11 3,35.0,1964862
2866,1465,1 7 1,40,1964815
2867,1470,2 6 1,40,1964815
2868,1493,9 1 10,37.5,1964761
2869,1488,14 12 0,34.5,1964714
2870,1493,14 10 11,33.0,1964710
2871,1496,10 6 3,37.0,1964626
2872,1460,0 8 1,40,1964610
2873,1476,3 5 1,40,1964610
2874,1492,8 5 3,38.0,1964608
2875,1494,8 4 2,38.5,1964602
2876,1494,13 7 12,34.0,1964591
2877,1492,12 13 2,34.5,1964589
2878,1498,12 9 3,35.5,1964556
2879,1480,4 0 7,40,1964552
2880,1483,4 0 8,40,1964552
2881,1492,11 4 12,35.5,1964519
2882,1494,11 8 3,36.0,1964518
2883,1497,11 8 4,36.0,1964518
2884,1492,14 12 11,32.5,1964451
2885,1497,7 2 0,40,1964440
2886,1495,9 0 9,38.0,1964427
2887,1490,12 6 12,34.5,1964417
2888,1494,12 6 13,34.5,1964417
2889,1490,8 6 4,37.5,1964404
2890,1495,8 3 1,39.0,1964386
2891,1499,8 3 2,39.0,1964386
2892,1494,14 8 11,33.5,1964383
2893,1498,14 8 12,33.5,1964383
2894,1493,15 14 9,32.0,1964338
2895,1494,13 15 0,34.0,1964334
2896,1498,13 10 2,35.0,1964216
2897,1481,4 4 1,40,1964200
2898,1497,13 12 2,34.5,1964134
2899,1493,10 7 4,36.5,1964101
2900,1497,13 4 11,35.0,1964042
2901,1499,14 14 0,34.0,1963977
2902,1508,8 2 0,39.5,1963958
2903,1491,11 11 4,35.0,1963949
2904,1490,11 5 13,35.0,1963863
2905,1498,15 9 11,33.0,1963794
2906,1461,0 3 9,40,1963754
2907,1491,12 15 2,34.0,1963746
2908,1493,15 11 10,32.5,1963728
2909,1496,15 11 11,32.5,1963728
2910,1497,9 4 3,38.0,1963718
2911,1490,13 10 13,33.0,1963673
2912,1499,12 7 3,36.0,1963664
2913,1489,11 5 3,37.0,1963657
2914,1495,9 5 4,37.5,1963618
2915,1498,9 3 2,38.5,1963606
2916,1486,5 3 1,40,1963586
2917,1494,10 2 12,36.5,1963577
2918,1499,12 2 11,36.0,1963576
2919,1496,10 1 11,37.0,1963571
2920,1491,11 9 4,35.5,1963567
2921,1492,13 14 1,34.0,1963477
2922,1496,13 14 2,34.0,1963477
2923,1499,14 6 12,34.0,1963460
2924,1466,1 2 9,40,1963436
2925,1495,12 10 4,35.0,1963392
2926,1491,12 12 3,34.5,1963388
2927,1491,10 3 13,36.0,1963363
2928,1491,10 8 5,36.0,1963363
2929,1498,10 0 10,37.5,1963345
2930,1492,9 6 5,37.0,1963306
2931,1489,9 2 1,39.0,1963282
2932,1491,13 8 13,33.5,1963272
2933,1495,13 5 12,34.5,1963271
2934,1498,13 5 13,34.5,1963271
2935,1499,15 7 11,33.5,1963268
2936,1497,12 3 12,35.5,1963250
2937,1498,11 6 4,36.5,1963236
2938,1491,15 13 10,32.0,1963077
2939,1497,14 13 1,34.0,1963029
2940,1490,7 4 4,38.5,1963023
2941,1490,8 1 12,37.5,1962919
2942,1471,2 1 9,40,1962905
2943,1490,14 11 12,32.5,1962851
2944,1491,14 9 12,33.0,1962843
2945,1495,14 9 13,33.0,1962843
2946,1495,13 11 3,34.5,1962839
2947,1496,12 8 4,35.5,1962814
2948,1489,12 14 3,34.0,1962810
2949,1492,7 3 3,39.0,1962807
2950,1491,6 2 1,40,1962766
2951,1494,12 4 13,35.0,1962701
2952,1489,13 9 4,35.0,1962650
2953,1499,10 4 4,37.5,1962637
2954,1496,11 7 5,36.0,1962600
2955,1492,8 0 11,38.0,1962585
2956,1463,1 6 2,40,1962574
2957,1467,1 6 3,40,1962574
2958,1458,0 7 2,40,1962471
2959,1461,0 7 3,40,1962471
2960,1469,2 5 2,40,1962471
2961,1472,2 5 3,40,1962471
2962,1494,13 13 3,34.0,1962449
2963,1494,10 5 4,37.0,1962429
2964,1497,10 5 5,37.0,1962429
2965,1505,7 2 2,39.5,1962380
2966,1492,13 6 13,34.0,1962278
2967,1496,14 7 13,33.5,1962244
2968,1490,8 4 4,38.0,1962233
2969,1498,11 1 12,36.5,1962182
2970,1476,3 0 9,40,1962162
2971,1474,3 4 2,40,1962162
2972,1477,3 4 3,40,1962162
2973,1492,8 3 3,38.5,1962121
2974,1495,8 3 4,38.5,1962121
2975,1489,14 10 3,34.5,1962107
2976,1493,11 2 12,36.0,1962077
2977,1496,11 2 13,36.0,1962077
2978,1489,11 0 11,37.0,1962065
2979,1494,15 10 12,32.5,1962032
2980,1489,12 11 4,34.5,1962016
2981,1493,12 11 5,34.5,1962016
2982,1491,10 6 5,36.5,1962007
2983,1496,14 15 1,33.5,1961987
2984,1499,14 4 12,34.5,1961934
2985,1492,12 5 14,34.5,1961931
2986,1499,14 12 3,34.0,1961908
2987,1489,15 15 10,31.5,1961850
2988,1496,15 8 12,33.0,1961829
2989,1499,15 8 13,33.0,1961829
2990,1497,8 2 3,39.0,1961797
2991,1490,11 3 13,35.5,1961751
2992,1494,11 3 14,35.5,1961751
2993,1490,11 8 5,35.5,1961751
2994,1493,11 8 6,35.5,1961751
2995,1494,12 9 5,35.0,1961751
2996,1495,7 1 1,40,1961742
2997,1489,15 12 11,32.0,1961648
2998,1493,15 12 12,32.0,1961648
2999,1479,4 3 2,40,1961646
3000,1482,4 3 3,40,1961646
3001,1489,12 6 5,36.0,1961646
3002,1491,9 0 11,37.5,1961596
3003,1495,9 0 12,37.5,1961596
3004,1489,15 14 1,33.5,1961545
3005,1489,13 15 2,33.5,1961487
3006,1494,13 10 4,34.5,1961372
3007,1497,13 10 5,34.5,1961372
3008,1498,11 4 4,37.0,1961357
3009,1499,13 3 13,35.0,1961345
3010,1509,8 1 2,39.5,1961261
3011,1493,13 12 4,34.0,1961250
3012,1493,9 4 5,37.5,1961244
3013,1495,9 3 4,38.0,1961238
3014,1494,14 14 2,33.5,1961132
3015,1489,13 7 14,33.5,1961062
3016,1497,14 5 13,34.0,1961046
3017,1496,11 5 5,36.5,1961040
3018,1490,9 5 6,37.0,1961037
3019,1488,15 6 13,33.5,1961028
3020,1496,9 2 3,38.5,1961018
3021,1489,9 2 4,38.5,1961018
3022,1484,5 2 2,40,1960925
3023,1487,5 2 3,40,1960925
3024,1498,13 8 5,35.0,1960910
3025,1494,12 7 5,35.5,1960899
3026,1498,12 7 6,35.5,1960899
3027,1493,14 8 14,33.0,1960806
3028,1491,11 9 7,35.0,1960687
3029,1496,13 4 14,34.5,1960681
3030,1459,0 2 10,40,1960674
3031,1497,14 11 4,34.0,1960614
3032,1499,15 13 2,33.5,1960598
3033,1497,12 1 12,36.0,1960593
3034,1489,12 1 13,36.0,1960593
3035,1491,13 14 4,33.5,1960553
3036,1498,14 9 4,34.5,1960543
3037,1492,10 1 13,36.5,1960525
3038,1500,8 0 1,40,1960513
3039,1494,11 6 6,36.0,1960508
3040,1491,12 10 6,34.5,1960473
3041,1490,12 12 6,34.0,1960428
3042,1489,10 2 14,36.0,1960420
3043,1494,10 0 12,37.0,1960408
3044,1495,12 2 13,35.5,1960376
3045,1498,12 2 14,35.5,1960376
3046,1464,1 1 10,40,1960247
3047,1492,15 9 13,32.5,1960168
3048,1460,0 6 4,40,1960160
3049,1465,1 5 4,40,1960160
3050,1497,10 3 5,37.5,1960158
3051,1490,7 2 4,39.0,1960147
3052,1492,14 13 3,33.5,1960105
3053,1496,14 13 4,33.5,1960105
3054,1495,10 4 6,37.0,1960056
3055,1491,15 11 13,32.0,1960050
3056,1499,10 2 4,38.0,1960044
3057,1489,6 1 2,40,1959997
3058,1492,6 1 3,40,1959997
3059,1470,2 4 4,40,1959953
3060,1492,12 8 6,35.0,1959936
3061,1492,12 3 14,35.0,1959936
3062,1495,12 8 7,35.0,1959936
3063,1494,14 6 14,33.5,1959934
3064,1491,13 11 5,34.0,1959879
3065,1494,13 11 6,34.0,1959879
3066,1499,13 6 5,35.5,1959857
3067,1490,13 5 14,34.0,1959794
3068,1493,13 5 15,34.0,1959794
3069,1491,11 7 7,35.5,1959761
3070,1489,10 5 6,36.5,1959740
3071,1493,10 5 7,36.5,1959740
3072,1496,13 9 6,34.5,1959732
3073,1497,15 7 14,33.0,1959693
3074,1491,8 3 6,38.0,1959682
3075,1503,7 1 3,39.5,1959611
3076,1469,2 0 10,40,1959606
3077,1475,3 3 4,40,1959538
3078,1497,15 12 3,33.5,1959478
3079,1493,8 2 5,38.5,1959462
3080,1498,12 5 6,36.0,1959452
3081,1490,13 13 5,33.5,1959448
3082,1497,15 15 2,33.0,1959436
3083,1489,15 13 13,31.5,1959348
3084,1490,12 4 15,34.5,1959272
3085,1491,10 6 8,36.0,1959208
3086,1496,14 10 5,34.0,1959148
3087,1499,14 10 6,34.0,1959148
3088,1489,14 9 15,32.5,1959145
3089,1495,8 1 4,39.0,1959030
3090,1494,11 1 14,36.0,1959027
3091,1491,14 15 3,33.0,1959023
3092,1496,11 0 13,36.5,1959020
3093,1496,13 7 6,35.0,1958996
3094,1488,13 7 7,35.0,1958996
3095,1480,4 2 4,40,1958916
3096,1494,14 12 5,33.5,1958907
3097,1489,11 3 6,37.0,1958880
3098,1493,7 0 2,40,1958864
3099,1497,7 0 3,40,1958864
3100,1491,11 2 15,35.5,1958810
3101,1496,12 6 7,35.5,1958809
3102,1499,13 1 13,35.5,1958805
3103,1489,14 8 6,34.5,1958805
3104,1489,12 9 7,34.5,1958758
3105,1491,9 3 6,37.5,1958694
3106,1494,11 4 6,36.5,1958669
3107,1498,11 4 7,36.5,1958669
3108,1498,15 5 14,33.5,1958617
3109,1491,14 7 15,33.0,1958599
3110,1490,9 0 14,37.0,1958593
3111,1496,15 14 3,33.0,1958582
3112,1493,9 2 5,38.0,1958580
3113,1496,9 2 6,38.0,1958580
3114,1497,13 2 14,35.0,1958474
3115,1494,14 4 14,34.0,1958459
3116,1498,14 4 15,34.0,1958459
3117,1507,8 0 3,39.5,1958384
3118,1493,13 10 7,34.0,1958338
3119,1489,15 10 14,32.0,1958284
3120,1498,9 1 5,38.5,1958252
3121,1492,11 5 7,36.0,1958242
3122,1495,11 5 8,36.0,1958242
3123,1489,15 9 5,34.0,1958235
3124,1499,15 11 5,33.5,1958186
3125,1491,15 8 14,32.5,1958133
3126,1494,15 8 15,32.5,1958133
3127,1489,14 14 4,33.0,1958089
3128,1493,14 14 5,33.0,1958089
3129,1485,5 1 4,40,1958087
3130,1493,12 7 8,35.0,1957948
3131,1494,13 8 7,34.5,1957919
3132,1494,13 3 15,34.5,1957919
3133,1489,9 0 4,39.0,1957709
3134,1458,0 5 5,40,1957679
3135,1489,11 6 8,35.5,1957599
3136,1463,1 4 5,40,1957575
3137,1494,15 13 4,33.0,1957556
3138,1498,15 13 5,33.0,1957556
3139,1493,14 11 6,33.5,1957538
3140,1497,14 9 7,34.0,1957510
3141,1493,10 3 7,37.0,1957508
3142,1495,10 2 6,37.5,1957502
3143,1492,14 5 15,33.5,1957453
3144,1498,12 0 14,36.0,1957434
3145,1456,0 1 11,40,1957422
3146,1499,12 3 6,36.5,1957404
3147,1495,15 6 15,33.0,1957386
3148,1496,12 1 15,35.5,1957328
3149,1491,10 4 8,36.5,1957297
3150,1497,10 1 5,38.0,1957279
3151,1468,2 3 5,40,1957262
3152,1496,12 4 7,36.0,1957083
3153,1489,12 4 8,36.0,1957083
3154,1490,6 0 4,40,1957050
3155,1490,12 2 15,35.0,1956998
3156,1491,14 13 6,33.0,1956986
3157,1499,15 3 14,34.0,1956933
3158,1498,13 6 8,35.0,1956908
3159,1498,14 7 7,34.5,1956893
3160,1462,1 0 11,40,1956885
3161,1491,12 8 9,34.5,1956871
3162,1473,3 2 5,40,1956740
3163,1490,13 11 8,33.5,1956728
3164,1497,15 10 6,33.5,1956722
3165,1504,7 0 5,39.5,1956665
3166,1491,8 1 6,38.5,1956626
3167,1491,13 9 8,34.0,1956624
3168,1494,12 5 8,35.5,1956544
3169,1498,14 2 15,34.5,1956372
3170,1496,15 12 6,33.0,1956360
3171,1492,15 15 4,32.5,1956353
3172,1498,11 2 7,37.0,1956225
3173,1496,11 3 8,36.5,1956122
3174,1489,11 1 6,37.5,1956110
3175,1493,8 0 5,39.0,1956084
3176,1496,15 4 15,33.5,1956033
3177,1478,4 1 5,40,1956010
3178,1491,14 10 7,33.5,1955998
3179,1494,14 10 8,33.5,1955998
3180,1492,9 2 8,37.5,1955968
3181,1492,13 7 8,34.5,1955933
3182,1495,13 7 9,34.5,1955933
3183,1493,11 4 9,36.0,1955802
3184,1491,11 0 15,36.0,1955802
3185,1491,12 6 9,35.0,1955788
3186,1494,9 1 7,38.0,1955746
3187,1490,14 12 7,33.0,1955713
3188,1496,14 8 8,34.0,1955699
3189,1489,13 0 15,35.5,1955649
3190,1491,9 7 0,37.5,1955616
3191,1490,10 9 0,36.5,1955466
3192,1494,11 10 0,36.0,1955453
3193,1494,13 1 15,35.0,1955429
3194,1491,15 14 5,32.5,1955421
3195,1496,9 0 6,38.5,1955307
3196,1499,13 4 8,35.5,1955298
3197,1491,11 5 10,35.5,1955263
3198,1496,15 9 7,33.5,1955086
3199,1499,15 9 8,33.5,1955086
3200,1483,5 0 5,40,1955071
3201,1456,0 4 6,40,1955026
3202,1494,15 11 7,33.0,1954993
3203,1496,10 6 0,37.5,1954846
3204,1461,1 3 6,40,1954817
3205,1496,14 6 8,34.5,1954807
3206,1488,14 6 9,34.5,1954807
3207,1494,11 8 0,36.5,1954805
3208,1499,12 9 0,36.0,1954802
3209,1491,10 2 8,37.0,1954783
3210,1492,8 5 0,38.5,1954765
3211,1489,12 2 8,36.5,1954752
3212,1489,13 8 9,34.0,1954740
3213,1493,13 8 10,34.0,1954740
3214,1493,10 1 7,37.5,1954668
3215,1497,10 1 8,37.5,1954668
3216,1496,13 5 9,35.0,1954646
3217,1488,15 7 8,34.0,1954589
3218,1498,12 3 9,36.0,1954539
3219,1490,10 7 0,37.0,1954432
3220,1494,10 7 1,37.0,1954432
3221,1466,2 2 6,40,1954397
3222,1499,10 0 7,38.0,1954336
3223,1489,15 13 6,32.5,1954319
3224,1493,15 13 7,32.5,1954319
3225,1493,14 9 9,33.5,1954287
3226,1491,14 11 9,33.0,1954270
3227,1492,12 4 9,35.5,1954106
3228,1495,12 4 10,35.5,1954106
3229,1454,0 0 12,40,1954000
3230,1458,0 0 13,40,1954000
3231,1492,11 9 1,36.0,1953972
3232,1499,12 7 0,36.5,1953956
3233,1491,9 5 0,38.0,1953886
3234,1497,9 4 0,38.5,1953880
3235,1492,10 8 2,36.5,1953808
3236,1493,13 6 10,34.5,1953775
3237,1471,3 1 6,40,1953767
3238,1492,12 10 0,35.5,1953758
3239,1494,14 7 9,34.0,1953716
3240,1497,14 7 10,34.0,1953716
3241,1491,12 12 0,35.0,1953714
3242,1499,14 0 15,35.0,1953665
3243,1495,11 6 0,37.0,1953571
3244,1498,11 6 1,37.0,1953571
3245,1492,15 10 8,33.0,1953455
3246,1496,15 10 9,33.0,1953455
3247,1490,12 5 10,35.0,1953454
3248,1494,11 2 9,36.5,1953400
3249,1496,11 1 8,37.0,1953394
3250,1497,15 8 9,33.5,1953277
3251,1497,12 8 1,36.0,1953222
3252,1491,11 3 10,36.0,1953187
3253,1498,11 0 7,37.5,1953169
3254,1496,13 11 0,35.0,1953167
3255,1490,9 1 9,37.5,1953066
3256,1493,11 7 1,36.5,1953049
3257,1496,11 7 2,36.5,1953049
3258,1491,15 12 8,32.5,1953047
3259,1497,13 9 0,35.5,1953019
3260,1490,11 10 2,35.5,1952928
3261,1476,4 0 6,40,1952928
3262,1496,10 4 0,38.0,1952909
3263,1462,1 7 0,40,1952834
3264,1467,2 6 0,40,1952834
3265,1494,10 5 1,37.5,1952809
3266,1497,13 3 9,35.5,1952756
3267,1489,13 3 10,35.5,1952756
3268,1492,9 0 8,38.0,1952734
3269,1491,13 7 11,34.0,1952684
3270,1490,14 10 10,33.0,1952657
3271,1456,0 8 0,40,1952631
3272,1472,3 5 0,40,1952631
3273,1490,8 4 1,38.5,1952550
3274,1498,14 5 10,34.5,1952548
3275,1488,12 5 0,37.0,1952519
3276,1498,15 6 9,34.0,1952506
3277,1490,12 11 1,35.0,1952504
3278,1492,10 6 2,37.0,1952499
3279,1491,14 8 10,33.5,1952405
3280,1492,8 3 0,39.0,1952334
3281,1490,11 8 2,36.0,1952316
3282,1491,12 9 1,35.5,1952277
3283,1494,12 9 2,35.5,1952277
3284,1477,4 4 0,40,1952223
3285,1494,13 4 10,35.0,1952210
3286,1454,0 3 7,40,1952203
3287,1457,0 3 8,40,1952203
3288,1497,12 6 1,36.5,1952099
3289,1489,15 14 8,32.0,1952061
3290,1490,10 7 3,36.5,1951977
3291,1498,12 1 9,36.5,1951923
3292,1490,10 2 11,36.5,1951889
3293,1459,1 2 7,40,1951886
3294,1462,1 2 8,40,1951886
3295,1492,10 1 10,37.0,1951883
3296,1495,13 10 1,35.0,1951862
3297,1496,12 2 10,36.0,1951819
3298,1489,12 0 8,37.0,1951806
3299,1494,15 9 10,33.0,1951746
3300,1499,11 4 1,37.5,1951743
3301,1490,13 12 0,34.5,1951703
3302,1494,13 12 1,34.5,1951703
3303,1493,9 4 2,38.0,1951671
3304,1494,10 0 9,37.5,1951658
3305,1482,5 3 0,40,1951612
3306,1489,15 11 9,32.5,1951606
3307,1491,9 5 3,37.5,1951572
3308,1495,14 6 11,34.0,1951560
3309,1495,9 3 1,38.5,1951560
3310,1497,11 5 2,37.0,1951536
3311,1493,12 3 11,35.5,1951494
3312,1495,12 7 2,36.0,1951468
3313,1491,13 5 11,34.5,1951444
3314,1495,13 8 1,35.5,1951441
3315,1499,13 8 2,35.5,1951441
3316,1464,2 1 7,40,1951358
3317,1468,2 1 8,40,1951358
3318,1495,15 7 10,33.5,1951297
3319,1497,9 2 0,39.0,1951237
3320,1492,12 10 3,35.0,1951121
3321,1494,11 6 3,36.5,1951117
3322,1495,14 11 0,34.5,1951071
3323,1498,14 11 1,34.5,1951071
3324,1499,14 9 1,35.0,1951038
3325,1491,12 4 12,35.0,1950948
3326,1487,6 2 0,40,1950798
3327,1498,14 3 10,35.0,1950775
3328,1460,1 6 1,40,1950679
3329,1493,12 8 3,35.5,1950623
3330,1469,3 0 7,40,1950619
3331,1473,3 0 8,40,1950619
3332,1492,10 4 2,37.5,1950596
3333,1496,10 4 3,37.5,1950596
3334,1494,10 3 1,38.0,1950590
3335,1498,10 3 2,38.0,1950590
3336,1454,0 7 1,40,1950577
3337,1465,2 5 1,40,1950577
3338,1493,14 13 0,34.0,1950525
3339,1491,11 1 10,36.5,1950502
3340,1495,11 1 11,36.5,1950502
3341,1492,13 11 2,34.5,1950495
3342,1492,11 7 4,36.0,1950485
3343,1488,13 6 2,36.0,1950431
3344,1489,14 7 1,35.5,1950419
3345,1501,7 2 1,39.5,1950414
3346,1490,10 5 3,37.0,1950389
3347,1493,11 0 9,37.0,1950386
3348,1497,11 0 10,37.0,1950386
3349,1493,13 9 2,35.0,1950384
3350,1497,13 9 3,35.0,1950384
3351,1499,10 2 1,38.5,1950371
3352,1489,14 7 11,33.5,1950351
3353,1492,14 7 12,33.5,1950351
3354,1470,3 4 1,40,1950270
3355,1499,15 10 0,34.5,1950257
3356,1489,13 1 10,36.0,1950254
3357,1488,15 5 11,34.0,1950249
3358,1496,14 4 11,34.5,1950115
3359,1499,12 5 3,36.5,1950066
3360,1498,13 2 11,35.5,1950038
3361,1491,13 13 2,34.0,1950029
3362,1491,15 10 11,32.5,1949995
3363,1498,15 12 0,34.0,1949902
3364,1492,15 8 11,33.0,1949866
3365,1490,8 2 1,39.0,1949835
3366,1493,8 2 2,39.0,1949835
3367,1492,7 1 0,40,1949780
3368,1497,14 10 2,34.5,1949767
3369,1475,4 3 1,40,1949757
3370,1497,13 7 3,35.5,1949688
3371,1492,13 3 11,35.0,1949601
3372,1495,13 3 12,35.0,1949601
3373,1490,12 9 4,35.0,1949566
3374,1493,12 6 3,36.0,1949537
3375,1497,12 6 4,36.0,1949537
3376,1492,14 12 1,34.0,1949491
3377,1495,14 12 2,34.0,1949491
3378,1498,14 8 2,35.0,1949461
3379,1497,11 3 2,37.5,1949425
3380,1489,11 3 3,37.5,1949425
3381,1492,14 15 0,33.5,1949410
3382,1495,11 4 3,37.0,1949324
3383,1499,11 2 1,38.0,1949312
3384,1502,8 1 0,39.5,1949302
3385,1506,8 1 1,39.5,1949302
3386,1491,9 3 3,38.0,1949279
3387,1493,14 5 12,34.0,1949232
3388,1455,0 2 9,40,1949208
3389,1493,15 6 11,33.5,1949143
3390,1497,15 6 12,33.5,1949143
3391,1490,13 10 3,34.5,1949113
3392,1493,9 2 2,38.5,1949061
3393,1480,5 2 1,40,1949040
3394,1493,11 5 4,36.5,1949009
3395,1497,15 14 0,33.5,1948971
3396,1489,13 4 12,34.5,1948941
3397,1493,13 4 13,34.5,1948941
3398,1494,12 1 11,36.0,1948923
3399,1489,14 8 13,33.0,1948922
3400,1496,12 0 10,36.5,1948917
3401,1499,12 0 11,36.5,1948917
3402,1489,13 12 3,34.0,1948915
3403,1490,10 0 11,37.0,1948808
3404,1491,12 7 4,35.5,1948794
3405,1460,1 1 9,40,1948783
3406,1497,15 11 1,34.0,1948773
3407,1488,15 11 2,34.0,1948773
3408,1495,13 8 4,35.0,1948731
3409,1491,12 2 12,35.5,1948707
3410,1490,14 14 1,33.5,1948640
3411,1495,9 1 1,39.0,1948631
3412,1498,9 1 2,39.0,1948631
3413,1489,15 3 11,34.5,1948595
3414,1497,8 0 0,40,1948558
3415,1490,11 6 5,36.0,1948481
3416,1498,13 5 3,36.0,1948399
3417,1453,0 6 2,40,1948352
3418,1456,0 6 3,40,1948352
3419,1458,1 5 2,40,1948352
3420,1461,1 5 3,40,1948352
3421,1495,14 9 3,34.5,1948290
3422,1494,14 11 3,34.0,1948283
3423,1489,15 9 12,32.5,1948215
3424,1494,10 3 4,37.5,1948205
3425,1465,2 0 9,40,1948146
3426,1463,2 4 2,40,1948146
3427,1467,2 4 3,40,1948146
3428,1490,14 6 13,33.5,1948127
3429,1485,6 1 1,40,1948119
3430,1495,15 13 1,33.5,1948110
3431,1492,10 4 5,37.0,1948105
3432,1496,10 2 3,38.0,1948092
3433,1499,12 3 3,37.0,1948065
3434,1496,14 2 11,35.0,1948060
3435,1488,14 2 12,35.0,1948060
3436,1507,9 0 0,39.5,1947988
3437,1489,9 0 1,39.5,1947988
3438,1497,12 4 4,36.5,1947856
3439,1498,15 4 12,34.0,1947819
3440,1490,15 7 12,33.0,1947816
3441,1494,15 7 13,33.0,1947816
3442,1497,10 1 2,38.5,1947766
3443,1495,13 6 4,35.5,1947759
3444,1468,3 3 2,40,1947734
3445,1472,3 3 3,40,1947734
3446,1499,14 7 4,35.0,1947710
3447,1489,14 13 2,33.5,1947699
3448,1490,8 2 4,38.5,1947587
3449,1492,13 9 5,34.5,1947559
3450,1494,14 3 12,34.5,1947508
3451,1497,14 3 13,34.5,1947508
3452,1498,15 10 3,34.0,1947471
3453,1490,11 1 13,36.0,1947435
3454,1495,12 5 5,36.0,1947431
3455,1493,11 0 12,36.5,1947429
3456,1499,15 8 3,34.5,1947283
3457,1498,13 0 11,36.0,1947251
3458,1499,10 0 1,39.0,1947226
3459,1491,8 1 3,39.0,1947157
3460,1496,13 1 12,35.5,1947146
3461,1473,4 2 2,40,1947116
3462,1477,4 2 3,40,1947116
3463,1494,15 12 2,33.5,1947077
3464,1490,7 0 1,40,1946992
3465,1493,11 3 4,37.0,1946935
3466,1496,11 3 5,37.0,1946935
3467,1498,11 2 4,37.5,1946929
3468,1492,14 10 4,34.0,1946904
3469,1493,13 7 5,35.0,1946904
3470,1490,15 15 0,33.0,1946876
3471,1494,15 15 1,33.0,1946876
3472,1495,15 5 13,33.5,1946818
3473,1493,13 2 13,35.0,1946817
3474,1492,12 6 6,35.5,1946791
3475,1491,14 4 13,34.0,1946731
3476,1491,11 4 5,36.5,1946726
3477,1489,11 1 3,38.0,1946708
3478,1493,14 8 4,34.5,1946639
3479,1497,14 8 5,34.5,1946639
3480,1491,14 12 4,33.5,1946587
3481,1488,14 5 4,35.5,1946536
3482,1504,8 0 2,39.5,1946515
3483,1491,9 1 3,38.5,1946384
3484,1494,9 1 4,38.5,1946384
3485,1478,5 1 2,40,1946291
3486,1482,5 1 3,40,1946291
3487,1491,13 3 14,34.5,1946264
3488,1499,13 4 5,36.0,1946191
3489,1489,13 10 6,34.0,1946174
3490,1492,15 14 2,33.0,1946107
3491,1453,0 1 10,40,1946042
3492,1497,15 9 4,34.0,1945996
3493,1454,0 5 4,40,1945956
3494,1490,12 7 7,35.0,1945936
3495,1498,15 2 12,34.5,1945883
3496,1492,15 11 3,33.5,1945871
3497,1495,15 11 4,33.5,1945871
3498,1460,1 4 4,40,1945853
3499,1491,12 0 12,36.0,1945852
3500,1495,12 0 13,36.0,1945852
3501,1496,9 0 3,39.0,1945844
3502,1490,13 8 6,34.5,1945833
3503,1497,14 6 5,35.0,1945783
3504,1492,12 1 14,35.5,1945746
3505,1494,13 5 5,35.5,1945655
3506,1497,13 5 6,35.5,1945655
3507,1490,10 3 6,37.0,1945644
3508,1492,10 2 5,37.5,1945638
3509,1492,15 6 14,33.0,1945594
3510,1497,12 2 4,37.0,1945571
3511,1465,2 3 4,40,1945542
3512,1498,15 7 4,34.5,1945534
3513,1458,1 0 10,40,1945508
3514,1495,12 3 5,36.5,1945469
3515,1494,10 1 4,38.0,1945417
3516,1489,14 0 12,35.5,1945389
3517,1490,14 9 5,34.0,1945352
3518,1494,14 9 6,34.0,1945352
3519,1489,14 11 5,33.5,1945304
3520,1483,6 0 2,40,1945261
3521,1487,6 0 3,40,1945261
3522,1495,15 3 13,34.0,1945215
3523,1498,14 1 13,35.0,1945170
3524,1491,15 13 3,33.0,1945167
3525,1493,12 4 6,36.0,1945150
3526,1470,3 2 4,40,1945023
3527,1495,10 0 3,38.5,1944981
3528,1499,10 0 4,38.5,1944981
3529,1491,13 6 6,35.0,1944903
3530,1495,13 6 7,35.0,1944903
3531,1495,14 7 6,34.5,1944814
3532,1495,14 2 14,34.5,1944727
3533,1491,12 5 7,35.5,1944614
3534,1494,15 10 5,33.5,1944493
3535,1494,11 2 6,37.0,1944369
3536,1495,15 8 5,34.0,1944347
3537,1498,15 8 6,34.0,1944347
3538,1498,14 4 5,35.5,1944330
3539,1493,15 4 14,33.5,1944321
3540,1475,4 1 4,40,1944297
3541,1492,11 3 7,36.5,1944267
3542,1496,11 1 5,37.5,1944255
3543,1493,13 0 13,35.5,1944077
3544,1497,13 0 14,35.5,1944077
3545,1489,14 3 14,34.0,1944058
3546,1492,14 3 15,34.0,1944058
3547,1489,15 12 4,33.0,1944056
3548,1492,15 12 5,33.0,1944056
3549,1488,13 2 5,36.5,1944018
3550,1490,9 1 6,38.0,1943964
3551,1490,11 4 8,36.0,1943948
3552,1498,11 0 4,38.0,1943924
3553,1489,15 15 3,32.5,1943892
3554,1491,13 1 14,35.0,1943859
3555,1497,13 3 6,36.0,1943806
3556,1496,14 5 6,35.0,1943681
3557,1499,14 5 7,35.0,1943681
3558,1492,14 8 7,34.0,1943627
3559,1499,15 6 6,34.5,1943609
3560,1492,9 0 5,38.5,1943528
3561,1452,0 4 5,40,1943389
3562,1495,13 4 7,35.5,1943376
3563,1480,5 0 4,40,1943364
3564,1490,15 5 15,33.0,1943202
3565,1458,1 3 5,40,1943181
3566,1499,15 1 14,34.5,1942997
3567,1492,15 9 6,33.5,1942943
3568,1493,12 2 6,36.5,1942905
3569,1497,12 2 7,36.5,1942905
3570,1499,12 1 6,37.0,1942899
3571,1490,10 1 6,37.5,1942893
3572,1493,14 6 7,34.5,1942815
3573,1491,15 11 6,33.0,1942774
3574,1463,2 2 5,40,1942763
3575,1493,13 5 8,35.0,1942728
3576,1451,0 0 11,40,1942705
3577,1491,12 3 7,36.0,1942693
3578,1494,12 3 8,36.0,1942693
3579,1490,12 0 15,35.5,1942611
3580,1492,10 0 5,38.0,1942563
3581,1495,10 0 6,38.0,1942563
3582,1497,15 7 7,34.0,1942524
3583,1493,15 2 14,34.0,1942437
3584,1497,15 2 15,34.0,1942437
3585,1488,15 4 6,35.0,1942272
3586,1489,14 9 8,33.5,1942224
3587,1468,3 1 5,40,1942138
3588,1495,14 0 14,35.0,1942105
3589,1499,14 3 7,35.5,1941947
3590,1490,13 6 9,34.5,1941862
3591,1493,14 1 15,34.5,1941772
3592,1490,14 7 8,34.0,1941730
3593,1490,15 3 15,33.5,1941651
3594,1490,11 2 8,36.5,1941633
3595,1492,11 1 7,37.0,1941627
3596,1497,15 5 7,34.5,1941509
3597,1497,14 4 8,35.0,1941404
3598,1494,11 0 6,37.5,1941403
3599,1498,13 1 6,36.5,1941348
3600,1489,15 10 7,33.0,1941322
3601,1473,4 0 5,40,1941303
3602,1495,13 2 7,36.0,1941244
3603,1499,13 2 8,36.0,1941244
3604,1490,15 8 7,33.5,1941220
3605,1494,15 8 8,33.5,1941220
3606,1493,12 8 0,36.0,1940938
3607,1493,13 3 8,35.5,1940921
3608,1490,10 5 0,37.5,1940680
3609,1450,0 3 6,40,1940651
3610,1491,14 5 8,34.5,1940642
3611,1494,14 5 9,34.5,1940642
3612,1495,15 6 8,34.0,1940527
3613,1491,13 4 9,35.0,1940379
3614,1456,1 2 6,40,1940336
3615,1495,12 1 8,36.5,1940164
3616,1492,12 2 9,36.0,1940061
3617,1497,12 0 7,37.0,1940048
3618,1498,13 7 0,36.0,1940008
3619,1491,10 0 8,37.5,1939972
3620,1497,15 0 15,34.5,1939935
3621,1494,12 6 0,36.5,1939899
3622,1461,2 1 6,40,1939812
3623,1490,12 3 10,35.5,1939738
3624,1491,15 9 9,33.0,1939698
3625,1492,14 6 10,34.0,1939660
3626,1495,11 4 0,37.5,1939620
3627,1488,14 1 7,36.0,1939602
3628,1491,9 3 0,38.5,1939513
3629,1491,13 10 0,35.0,1939509
3630,1489,11 5 0,37.0,1939415
3631,1493,11 5 1,37.0,1939415
3632,1497,14 2 8,35.5,1939388
3633,1492,15 7 9,33.5,1939325
3634,1491,12 7 1,36.0,1939271
3635,1495,15 4 8,34.5,1939235
3636,1499,15 4 9,34.5,1939235
3637,1492,13 8 0,35.5,1939168
3638,1466,3 0 6,40,1939077
3639,1491,11 6 2,36.5,1938998
3640,1495,14 3 9,35.0,1938952
3641,1456,1 6 0,40,1938785
3642,1498,13 5 0,36.5,1938767
3643,1490,11 0 8,37.0,1938707
3644,1496,14 9 0,35.0,1938689
3645,1451,0 7 0,40,1938683
3646,1461,2 5 0,40,1938683
3647,1490,10 3 0,38.0,1938549
3648,1497,13 1 9,36.0,1938506
3649,1499,13 0 8,36.5,1938500
3650,1467,3 4 0,40,1938378
3651,1489,12 3 0,37.5,1938367
3652,1493,15 5 9,34.0,1938357
3653,1496,15 5 10,34.0,1938357
3654,1496,10 2 0,38.5,1938332
3655,1492,14 4 10,34.5,1938296
3656,1491,13 2 9,35.5,1938291
3657,1494,13 2 10,35.5,1938291
3658,1494,12 4 0,37.0,1938267
3659,1498,12 4 1,37.0,1938267
3660,1496,13 6 1,36.0,1938241
3661,1496,14 7 0,35.5,1938152
3662,1489,13 9 1,35.0,1938117
3663,1492,12 5 1,36.5,1937954
3664,1496,12 5 2,36.5,1937954
3665,1489,15 8 10,33.0,1937904
3666,1472,4 3 0,40,1937869
3667,1448,0 2 7,40,1937742
3668,1452,0 2 8,40,1937742
3669,1489,15 8 0,35.0,1937688
3670,1490,13 7 1,35.5,1937502
3671,1494,13 7 2,35.5,1937502
3672,1490,12 6 2,36.0,1937428
3673,1489,14 10 0,34.5,1937427
3674,1493,14 10 1,34.5,1937427
3675,1490,14 5 11,34.0,1937418
3676,1493,11 3 1,37.5,1937392
3677,1499,15 2 9,35.0,1937335
3678,1454,1 1 7,40,1937320
3679,1457,1 1 8,40,1937320
3680,1491,11 4 2,37.0,1937291
3681,1495,11 2 0,38.0,1937279
3682,1490,15 6 10,33.5,1937258
3683,1490,12 1 10,36.0,1937253
3684,1492,12 0 9,36.5,1937247
3685,1494,14 8 1,35.0,1937201
3686,1477,5 2 0,40,1937156
3687,1489,11 1 0,38.5,1936954
3688,1499,13 3 0,37.0,1936928
3689,1497,15 3 10,34.5,1936786
3690,1496,13 4 1,36.5,1936720
3691,1489,13 4 2,36.5,1936720
3692,1459,2 0 7,40,1936686
3693,1462,2 0 8,40,1936686
3694,1491,9 1 0,39.0,1936676
3695,1495,14 1 9,35.5,1936652
3696,1499,14 1 10,35.5,1936652
3697,1491,13 8 3,35.0,1936551
3698,1449,0 6 1,40,1936544
3699,1454,1 5 1,40,1936544
3700,1494,15 9 0,34.5,1936523
3701,1498,15 9 1,34.5,1936523
3702,1495,14 6 1,35.5,1936387
3703,1498,14 6 2,35.5,1936387
3704,1493,15 11 0,34.0,1936361
3705,1460,2 4 1,40,1936339
3706,1493,14 2 10,35.0,1936325
3707,1494,13 5 2,36.0,1936297
3708,1490,10 3 3,37.5,1936253
3709,1481,6 1 0,40,1936240
3710,1492,10 2 2,38.0,1936141
3711,1498,15 7 1,35.0,1936101
3712,1496,12 3 2,37.0,1936040
3713,1491,14 9 2,34.5,1936036
3714,1498,12 2 1,37.5,1936034
3715,1494,15 4 11,34.0,1936014
3716,1490,14 11 2,34.0,1935953
3717,1465,3 3 1,40,1935929
3718,1494,12 4 3,36.5,1935832
3719,1494,10 1 1,38.5,1935816
3720,1488,12 1 0,38.0,1935814
3721,1490,14 3 11,34.5,1935776
3722,1492,13 6 3,35.5,1935661
3723,1492,15 13 0,33.5,1935622
3724,1495,13 0 10,36.0,1935591
3725,1492,14 7 2,35.0,1935537
3726,1496,14 7 3,35.0,1935537
3727,1492,13 1 11,35.5,1935486
3728,1491,12 5 4,36.0,1935410
3729,1470,4 2 1,40,1935315
3730,1495,10 0 0,39.0,1935280
3731,1490,13 2 12,35.0,1935159
3732,1491,15 10 1,34.0,1935146
3733,1495,15 10 2,34.0,1935146
3734,1486,7 0 0,40,1935120
3735,1499,15 5 1,35.5,1935086
3736,1496,15 8 2,34.5,1935036
3737,1491,15 5 12,33.5,1935019
3738,1491,11 2 2,37.5,1934985
3739,1495,11 2 3,37.5,1934985
3740,1499,14 4 2,36.0,1934978
3741,1488,15 0 9,35.5,1934820
3742,1489,13 7 4,35.0,1934811
3743,1493,11 1 1,38.0,1934765
3744,1497,11 1 2,38.0,1934765
3745,1490,15 12 1,33.5,1934675
3746,1450,0 1 9,40,1934662
3747,1497,15 1 10,35.0,1934602
3748,1489,13 2 2,37.0,1934596
3749,1475,5 1 1,40,1934495
3750,1498,13 3 3,36.5,1934495
3751,1490,14 8 3,34.5,1934472
3752,1496,14 5 3,35.5,1934446
3753,1497,15 6 2,35.0,1934338
3754,1489,15 6 3,35.0,1934338
3755,1498,11 0 1,38.5,1934331
3756,1447,0 5 2,40,1934234
3757,1451,0 5 3,40,1934234
3758,1492,13 4 3,36.0,1934177
3759,1496,13 4 4,36.0,1934177
3760,1495,15 2 11,34.5,1934161
3761,1455,1 0 9,40,1934131
3762,1453,1 4 2,40,1934131
3763,1456,1 4 3,40,1934131
3764,1492,9 0 2,39.0,1933979
3765,1458,2 3 2,40,1933821
3766,1461,2 3 3,40,1933821
3767,1493,15 9 3,34.0,1933757
3768,1497,14 0 11,35.5,1933740
3769,1494,14 6 4,35.0,1933697
3770,1490,13 5 4,35.5,1933645
3771,1494,12 2 3,37.0,1933635
3772,1490,10 1 3,38.0,1933554
3773,1492,12 3 4,36.5,1933533
3774,1491,14 1 11,35.0,1933522
3775,1494,14 1 12,35.0,1933522
3776,1496,12 1 2,37.5,1933521
3777,1499,12 1 3,37.5,1933521
3778,1492,15 3 12,34.0,1933496
3779,1479,6 0 1,40,1933471
3780,1494,15 7 3,34.5,1933374
3781,1463,3 2 2,40,1933306
3782,1466,3 2 3,40,1933306
3783,1489,12 4 5,36.0,1933216
3784,1497,12 0 1,38.0,1933192
3785,1492,10 0 2,38.5,1933121
3786,1492,14 2 13,34.5,1933082
3787,1497,14 3 3,36.0,1932755
3788,1489,14 3 4,36.0,1932755
3789,1491,14 7 5,34.5,1932734
3790,1489,15 4 13,33.5,1932608
3791,1468,4 1 2,40,1932585
3792,1471,4 1 3,40,1932585
3793,1491,11 2 5,37.0,1932513
3794,1490,13 0 12,35.5,1932505
3795,1493,11 1 4,37.5,1932400
3796,1498,15 5 4,35.0,1932398
3797,1494,14 4 4,35.5,1932328
3798,1490,15 10 4,33.5,1932263
3799,1491,15 8 4,34.0,1932194
3800,1496,13 2 4,36.5,1932091
3801,1498,13 1 3,37.0,1932085
3802,1495,11 0 3,38.0,1932071
3803,1494,13 3 5,36.0,1931881
3804,1489,13 0 2,37.5,1931863
3805,1449,0 4 4,40,1931752
3806,1495,15 0 11,35.0,1931693
3807,1498,15 0 12,35.0,1931693
3808,1492,14 5 5,35.0,1931683
3809,1473,5 0 2,40,1931657
3810,1476,5 0 3,40,1931657
3811,1454,1 3 4,40,1931545
3812,1492,15 6 4,34.5,1931537
3813,1496,15 6 5,34.5,1931537
3814,1492,13 4 6,35.5,1931453
3815,1448,0 0 10,40,1931410
3816,1492,15 1 12,34.5,1931362
3817,1496,15 1 13,34.5,1931362
3818,1459,2 2 4,40,1931130
3819,1490,12 2 5,36.5,1931058
3820,1492,12 1 4,37.0,1931052
3821,1495,12 1 5,37.0,1931052
3822,1497,12 0 4,37.5,1930829
3823,1499,15 3 4,35.5,1930822
3824,1489,14 6 6,34.5,1930822
3825,1489,13 5 7,35.0,1930809
3826,1490,15 2 13,34.0,1930806
3827,1492,14 0 13,35.0,1930545
3828,1464,3 1 4,40,1930508
3829,1490,15 7 5,34.0,1930458
3830,1493,15 7 6,34.0,1930458
3831,1489,14 1 4,36.5,1930457
3832,1498,14 2 5,36.0,1930354
3833,1496,15 4 5,35.0,1930283
3834,1489,14 1 14,34.5,1930214
3835,1492,14 3 5,35.5,1930033
3836,1496,14 3 6,35.5,1930033
3837,1469,4 0 4,40,1929679
3838,1491,11 0 5,37.5,1929637
3839,1494,15 5 6,34.5,1929525
3840,1494,13 1 5,36.5,1929510
3841,1490,14 4 6,35.0,1929494
3842,1494,14 4 7,35.0,1929494
3843,1492,13 2 6,36.0,1929407
3844,1496,13 0 4,37.0,1929395
3845,1488,13 0 5,37.0,1929395
3846,1447,0 3 5,40,1929100
3847,1490,13 3 7,35.5,1929086
3848,1452,1 2 5,40,1928787
3849,1491,15 6 7,34.0,1928549
3850,1497,15 2 5,35.5,1928424
3851,1489,15 2 6,35.5,1928424
3852,1491,12 1 7,36.5,1928405
3853,1494,15 0 14,34.5,1928388
3854,1493,12 0 6,37.0,1928290
3855,1457,2 1 5,40,1928265
3856,1494,15 3 6,35.0,1927990
3857,1498,15 3 7,35.0,1927990
3858,1491,15 1 15,34.0,1927941
3859,1496,14 1 6,36.0,1927776
3860,1498,14 0 5,36.5,1927769
3861,1494,14 2 7,35.5,1927562
3862,1462,3 0 5,40,1927535
3863,1492,15 4 7,34.5,1927338
3864,1492,14 3 8,35.0,1927129
3865,1490,13 1 7,36.0,1926757
3866,1493,13 1 8,36.0,1926757
3867,1492,13 0 6,36.5,1926751
3868,1495,13 0 7,36.5,1926751
3869,1489,14 4 9,34.5,1926477
3870,1489,15 5 8,34.0,1926466
3871,1445,0 2 6,40,1926276
3872,1492,13 6 0,36.0,1926051
3873,1489,15 0 6,36.0,1925952
3874,1450,1 1 6,40,1925856
3875,1498,15 1 7,35.5,1925847
3876,1496,15 2 8,35.0,1925522
3877,1490,11 3 0,37.5,1925358
3878,1455,2 0 6,40,1925227
3879,1494,14 0 7,36.0,1925019
3880,1498,14 0 8,36.0,1925019
3881,1490,15 3 8,34.5,1924976
3882,1493,15 3 9,34.5,1924976
3883,1490,14 8 0,35.0,1924940
3884,1492,14 1 8,35.5,1924915
3885,1497,14 5 0,36.0,1924841
3886,1446,0 6 0,40,1924736
3887,1451,1 5 0,40,1924736
3888,1493,13 4 0,36.5,1924615
3889,1489,14 2 9,35.0,1924589
3890,1456,2 4 0,40,1924532
3891,1491,15 4 10,34.0,1924209
3892,1491,14 6 0,35.5,1924209
3893,1491,13 5 1,36.0,1924196
3894,1461,3 3 0,40,1924125
3895,1492,12 3 1,37.0,1924015
3896,1494,12 2 0,37.5,1924009
3897,1491,13 0 9,36.0,1923931
3898,1490,10 1 0,38.5,1923867
3899,1495,15 7 0,35.0,1923847
3900,1490,12 4 2,36.5,1923808
3901,1466,4 2 0,40,1923514
3902,1443,0 1 7,40,1923281
3903,1446,0 1 8,40,1923281
3904,1497,14 3 0,36.5,1923200
3905,1496,15 0 8,35.5,1923094
3906,1495,15 5 0,35.5,1922916
3907,1495,14 4 1,36.0,1922885
3908,1494,15 1 9,35.0,1922877
3909,1492,15 8 1,34.5,1922789
3910,1448,1 0 7,40,1922753
3911,1452,1 0 8,40,1922753
3912,1471,5 1 0,40,1922700
3913,1493,13 2 0,37.0,1922580
3914,1497,13 2 1,37.0,1922580
3915,1444,0 5 1,40,1922511
3916,1491,13 3 1,36.5,1922479
3917,1495,13 3 2,36.5,1922479
3918,1498,13 1 0,37.5,1922467
3919,1491,15 2 10,34.5,1922439
3920,1449,1 4 1,40,1922409
3921,1495,11 0 0,38.5,1922391
3922,1489,14 5 1,35.5,1922355
3923,1493,14 5 2,35.5,1922355
3924,1493,15 6 1,35.0,1922172
3925,1454,2 3 1,40,1922101
3926,1490,14 0 9,35.5,1922091
3927,1493,14 0 10,35.5,1922091
3928,1490,12 2 2,37.0,1921699
3929,1476,6 0 0,40,1921682
3930,1490,14 6 3,35.0,1921612
3931,1459,3 2 1,40,1921589
3932,1492,12 1 1,37.5,1921586
3933,1490,15 9 2,34.0,1921518
3934,1499,15 3 1,36.0,1921387
3935,1494,12 0 0,38.0,1921259
3936,1491,15 7 2,34.5,1921214
3937,1494,15 4 1,35.5,1920961
3938,1497,15 4 2,35.5,1920961
3939,1495,14 2 1,36.5,1920960
3940,1499,14 2 2,36.5,1920960
3941,1497,14 1 0,37.0,1920954
3942,1464,4 1 1,40,1920872
3943,1493,14 3 2,36.0,1920751
3944,1491,14 4 3,35.5,1920326
3945,1491,15 5 2,35.0,1920321
3946,1495,15 5 3,35.0,1920321
3947,1491,11 0 2,38.0,1920218
3948,1493,13 2 3,36.5,1920165
3949,1495,13 1 2,37.0,1920159
3950,1444,0 0 9,40,1920115
3951,1442,0 4 2,40,1920115
3952,1446,0 4 3,40,1920115
3953,1492,15 0 10,35.0,1920056
3954,1490,13 3 4,36.0,1919956
3955,1469,5 0 1,40,1919950
3956,1496,13 0 1,37.5,1919938
3957,1447,1 3 2,40,1919909
3958,1451,1 3 3,40,1919909
3959,1489,15 1 11,34.5,1919727
3960,1452,2 2 2,40,1919497
3961,1456,2 2 3,40,1919497
3962,1488,15 1 1,36.5,1919251
3963,1497,15 2 2,36.0,1919149
3964,1490,12 0 2,37.5,1918984
3965,1494,12 0 3,37.5,1918984
3966,1457,3 1 2,40,1918879
3967,1461,3 1 3,40,1918879
3968,1495,15 3 3,35.5,1918829
3969,1497,14 1 3,36.5,1918541
3970,1491,14 2 3,36.0,1918439
3971,1495,14 2 4,36.0,1918439
3972,1499,14 0 2,37.0,1918427
3973,1493,15 4 4,35.0,1918293
3974,1462,4 0 2,40,1918054
3975,1466,4 0 3,40,1918054
3976,1490,13 1 4,36.5,1917673
3977,1492,13 0 3,37.0,1917558
3978,1444,0 3 4,40,1917548
3979,1490,15 5 5,34.5,1917540
3980,1449,1 2 4,40,1917237
3981,1490,15 0 13,34.5,1916840
3982,1495,15 1 3,36.0,1916732
3983,1499,15 1 4,36.0,1916732
3984,1454,2 1 4,40,1916719
3985,1490,12 0 5,37.0,1916533
3986,1493,15 2 4,35.5,1916520
3987,1491,15 3 5,35.0,1916089
3988,1459,3 0 4,40,1915993
3989,1493,14 1 5,36.0,1915949
3990,1495,14 0 4,36.5,1915943
3991,1490,14 2 6,35.5,1915737
3992,1442,0 2 5,40,1914810
3993,1447,1 1 5,40,1914393
3994,1497,15 0 5,36.0,1914136
3995,1491,15 1 5,35.5,1914032
3996,1495,15 1 6,35.5,1914032
3997,1452,2 0 5,40,1913767
3998,1492,15 2 7,35.0,1913709
3999,1491,14 0 6,36.0,1913281
4000,1440,0 1 6,40,1911901
4001,1445,1 0 6,40,1911376
4002,1493,15 0 7,35.5,1911367
4003,1490,15 1 8,35.0,1911153
4004,1492,14 4 0,36.0,1910791
4005,1440,0 5 0,40,1910788
4006,1446,1 4 0,40,1910687
4007,1451,2 3 0,40,1910381
4008,1489,15 6 0,35.0,1910006
4009,1456,3 2 0,40,1909872
4010,1496,15 3 0,36.0,1909302
4011,1461,4 1 0,40,1909160
4012,1492,14 2 0,36.5,1908954
4013,1490,15 4 0,35.5,1908880
4014,1438,0 0 7,40,1908820
4015,1441,0 0 8,40,1908820
4016,1490,14 3 1,36.0,1908746
4017,1439,0 4 1,40,1908478
4018,1444,1 3 1,40,1908273
4019,1466,5 0 0,40,1908243
4020,1491,13 1 1,37.0,1908233
4021,1493,13 0 0,37.5,1908012
4022,1449,2 2 1,40,1907864
4023,1496,15 1 0,36.5,1907256
4024,1454,3 1 1,40,1907249
4025,1494,15 2 1,36.0,1907154
4026,1492,15 3 2,35.5,1906837
4027,1490,14 1 1,36.5,1906625
4028,1493,14 1 2,36.5,1906625
4029,1492,14 0 0,37.0,1906511
4030,1495,14 0 1,37.0,1906511
4031,1459,4 0 1,40,1906430
4032,1489,15 4 3,35.0,1906304
4033,1437,0 3 2,40,1905997
4034,1440,0 3 3,40,1905997
4035,1442,1 2 2,40,1905688
4036,1445,1 2 3,40,1905688
4037,1447,2 1 2,40,1905172
4038,1450,2 1 3,40,1905172
4039,1492,15 1 2,36.0,1904827
4040,1494,15 0 1,36.5,1904821
4041,1498,15 0 2,36.5,1904821
4042,1490,15 2 3,35.5,1904616
4043,1452,3 0 2,40,1904451
4044,1455,3 0 3,40,1904451
4045,1491,14 0 3,36.5,1904116
4046,1438,0 2 4,40,1903344
4047,1443,1 1 4,40,1902929
4048,1490,15 0 3,36.0,1902320
4049,1493,15 0 4,36.0,1902320
4050,1448,2 0 4,40,1902307
4051,1436,0 1 5,40,1900520
4052,1441,1 0 5,40,1899999
4053,1434,0 0 6,40,1897526
4054,1435,0 4 0,40,1896841
4055,1440,1 3 0,40,1896637
4056,1445,2 2 0,40,1896230
4057,1450,3 1 0,40,1895619
4058,1490,15 2 0,36.0,1895159
4059,1455,4 0 0,40,1894805
4060,1433,0 3 1,40,1894445
4061,1438,1 2 1,40,1894138
4062,1443,2 1 1,40,1893626
4063,1490,15 0 0,36.5,1892916
4064,1448,3 0 1,40,1892909
4065,1431,0 2 2,40,1891878
4066,1435,0 2 3,40,1891878
4067,1437,1 1 2,40,1891466
4068,1440,1 1 3,40,1891466
4069,1441,2 0 2,40,1890848
4070,1445,2 0 3,40,1890848
4071,1433,0 1 4,40,1889140
4072,1438,1 0 4,40,1888622
4073,1431,0 0 5,40,1886231
4074,1430,0 3 0,40,1882894
4075,1435,1 2 0,40,1882588
4076,1440,2 1 0,40,1882079
4077,1445,3 0 0,40,1881367
4078,1428,0 2 1,40,1880412
4079,1433,1 1 1,40,1880003
4080,1438,2 0 1,40,1879388
4081,1426,0 1 2,40,1877760
4082,1430,0 1 3,40,1877760
4083,1431,1 0 2,40,1877244
4084,1435,1 0 3,40,1877244
4085,1428,0 0 4,40,1874936
4086,1425,0 2 0,40,1868946
4087,1430,1 1 0,40,1868539
4088,1435,2 0 0,40,1867928
4089,1423,0 1 1,40,1866379
4090,1428,1 0 1,40,1865867
4091,1421,0 0 2,40,1863641
4092,1424,0 0 3,40,1863641
4093,1419,0 1 0,40,1854999
4094,1424,1 0 0,40,1854490
4095,1417,0 0 1,40,1852346
4096,1414,0 0 0,40,1841052
rank,cp,ivs,maxlevel,stat-product
1,1498,0 15 14,38.0,2101678
2,1498,0 15 11,38.5,2092507
3,1499,0 13 11,39.0,2091328
4,1497,0 14 12,38.5,2090498
5,1489,0 14 13,38.5,2090498
6,1489,1 14 13,38.0,2090393
7,1494,0 15 13,38.0,2089459
8,1498,1 15 14,37.5,2089241
9,1498,0 13 14,38.5,2088321
10,1498,1 13 14,38.0,2088216
11,1489,3 15 15,36.5,2088133
12,1493,0 14 14,38.0,2087381
13,1496,0 14 15,38.0,2087381
14,1496,1 14 15,37.5,2087163
15,1499,0 11 14,39.0,2086604
16,1490,0 15 15,37.5,2086231
17,1497,0 12 15,38.5,2085976
18,1510,0 9 14,39.5,2084303
19,1497,0 10 15,39.0,2083990
20,1499,1 15 8,38.5,2082984
21,1499,0 15 8,39.0,2082978
22,1489,0 13 8,39.5,2081839
23,1497,0 14 9,39.0,2081122
24,1495,0 15 10,38.5,2080199
25,1495,1 15 10,38.0,2080094
26,1498,1 15 11,38.0,2080094
27,1498,2 15 11,37.5,2079768
28,1509,0 12 9,39.5,2079715
29,1499,1 13 11,38.5,2079104
30,1496,0 13 10,39.0,2079098
31,1493,0 14 11,38.5,2078273
32,1497,1 14 12,38.0,2078168
33,1489,2 14 13,37.5,2077843
34,1489,1 11 11,39.0,2077537
35,1510,0 11 11,39.5,2077421
36,1499,3 14 13,37.0,2077295
37,1491,0 15 12,38.0,2077240
38,1494,1 15 13,37.5,2077023
39,1497,1 12 12,38.5,2076911
40,1494,0 12 11,39.0,2076905
41,1497,0 12 12,39.0,2076905
42,1494,2 15 13,37.0,2076584
43,1497,2 15 14,37.0,2076584
44,1492,0 13 12,38.5,2076179
45,1495,0 13 13,38.5,2076179
46,1495,1 13 13,38.0,2076075
47,1497,3 15 14,36.5,2075921
48,1498,2 13 14,37.5,2075750
49,1499,0 15 2,40,2075419
50,1500,0 9 11,40,2075162
51,1488,4 15 15,36.0,2075036
52,1492,1 14 14,37.5,2075029
53,1508,0 10 12,39.5,2074958
54,1496,2 14 15,37.0,2074590
55,1499,1 11 14,38.5,2074549
56,1496,0 11 13,39.0,2074543
57,1499,2 11 14,38.0,2074336
58,1495,3 14 15,36.5,2073928
59,1493,0 12 14,38.5,2073918
60,1493,1 12 14,38.0,2073814
61,1497,1 12 15,38.0,2073814
62,1490,1 15 15,37.0,2073772
63,1496,2 12 15,37.5,2073489
64,1489,2 15 15,36.5,2073217
65,1499,1 15 5,39.0,2073204
66,1506,0 15 4,39.5,2073089
67,1510,0 15 5,39.5,2073089
68,1491,0 13 15,38.0,2073084
69,1491,1 13 15,37.5,2072868
70,1499,1 9 14,39.0,2072439
71,1498,0 8 12,40,2072424
72,1507,0 9 13,39.5,2072324
73,1497,1 10 15,38.5,2072019
74,1494,0 10 14,39.0,2072013
75,1500,0 13 5,40,2071996
76,1498,1 14 6,39.0,2071504
77,1491,0 11 15,38.5,2071490
78,1508,0 14 6,39.5,2071390
79,1495,1 15 7,38.5,2070585
80,1492,0 15 6,39.0,2070579
81,1495,0 15 7,39.0,2070579
82,1499,2 15 8,38.0,2070372
83,1498,0 12 6,40,2070028
84,1510,1 7 14,39.5,2069736
85,1497,1 8 15,39.0,2069635
86,1489,1 13 8,39.0,2069635
87,1489,2 13 8,38.5,2069533
88,1505,0 8 14,39.5,2069520
89,1508,0 8 15,39.5,2069520
90,1507,0 13 7,39.5,2069520
91,1499,0 7 14,40,2069515
92,1492,0 9 15,39.0,2069314
93,1494,1 14 8,38.5,2068814
94,1497,1 14 9,38.5,2068814
95,1494,0 14 8,39.0,2068808
96,1497,2 14 9,38.0,2068601
97,1489,3 14 10,37.5,2068170
98,1489,1 11 8,39.5,2068110
99,1492,0 15 9,38.5,2067890
100,1496,0 11 7,40,2067889
101,1500,0 11 8,40,2067889
102,1491,1 15 9,38.0,2067786
103,1498,1 12 9,39.0,2067596
104,1505,0 12 8,39.5,2067482
105,1495,2 15 10,37.5,2067462
106,1498,3 15 11,37.0,2066917
107,1496,1 13 10,38.5,2066874
108,1492,0 13 9,39.0,2066868
109,1495,2 13 10,38.0,2066661
110,1499,2 13 11,38.0,2066661
111,1497,0 6 15,40,2066434
112,1499,3 13 11,37.5,2066231
113,1490,0 14 10,38.5,2066048
114,1490,1 14 10,38.0,2065944
115,1493,1 14 11,38.0,2065944
116,1509,1 10 9,39.5,2065800
117,1493,2 14 11,37.5,2065620
118,1496,2 14 12,37.5,2065620
119,1498,0 10 9,40,2065578
120,1496,1 11 10,39.0,2065387
121,1489,2 11 11,38.5,2065285
122,1503,0 11 9,39.5,2065273
123,1507,0 11 10,39.5,2065273
124,1489,5 15 12,36.0,2065167
125,1496,3 14 12,37.0,2065076
126,1491,1 15 12,37.5,2064806
127,1494,1 12 11,38.5,2064765
128,1490,0 12 10,39.0,2064759
129,1497,2 12 12,38.0,2064553
130,1490,2 15 12,37.0,2064369
131,1499,4 14 13,36.5,2064312
132,1489,3 12 13,37.5,2064123
133,1492,1 13 12,38.0,2063934
134,1493,3 15 13,36.5,2063710
135,1495,2 13 13,37.5,2063611
136,1489,4 12 13,37.0,2063474
137,1489,2 9 11,39.0,2063324
138,1489,1 9 11,39.5,2063318
139,1496,0 9 10,40,2063097
140,1494,3 13 13,37.0,2063067
141,1498,3 13 14,37.0,2063067
142,1510,1 15 2,39.5,2063061
143,1494,1 10 11,39.0,2063008
144,1498,1 10 12,39.0,2063008
145,1498,2 10 12,38.5,2062906
146,1505,0 10 11,39.5,2062894
147,1496,0 15 1,40,2062840
148,1496,4 15 14,36.0,2062830
149,1492,1 11 12,38.5,2062488
150,1496,1 11 13,38.5,2062488
151,1492,0 11 12,39.0,2062482
152,1492,2 14 14,37.0,2062457
153,1497,4 13 14,36.5,2062304
154,1495,2 11 13,38.0,2062276
155,1500,1 13 2,40,2062125
156,1490,0 12 13,38.5,2061861
157,1498,3 11 14,37.5,2061846
158,1492,3 14 14,36.5,2061799
159,1490,1 12 13,38.0,2061757
160,1499,5 15 15,35.5,2061728
161,1509,1 14 3,39.5,2061521
162,1493,2 12 14,37.5,2061434
163,1488,5 13 15,36.0,2061321
164,1494,0 14 2,40,2061300
165,1498,0 14 3,40,2061300
166,1494,4 14 15,36.0,2060920
167,1496,3 12 15,37.0,2060891
168,1496,1 15 4,39.0,2060714
169,1509,1 8 12,39.5,2060665
170,1500,1 7 11,40,2060659
171,1499,2 15 5,38.5,2060612
172,1503,0 15 3,39.5,2060600
173,1496,1 9 13,39.0,2060459
174,1494,0 8 11,40,2060444
175,1498,6 15 15,35.0,2060405
176,1490,2 13 15,37.0,2060380
177,1499,2 9 14,38.5,2060357
178,1503,0 9 12,39.5,2060345
179,1499,3 15 5,38.0,2060294
180,1495,4 12 15,36.5,2060129
181,1494,1 10 14,38.5,2060042
182,1499,3 9 14,38.0,2060039
183,1490,0 10 13,39.0,2060036
184,1494,2 10 14,38.0,2059830
185,1497,2 10 15,38.0,2059830
186,1489,2 13 5,39.0,2059815
187,1507,1 13 4,39.5,2059809
188,1489,1 13 5,39.5,2059809
189,1490,3 13 15,36.5,2059723
190,1496,0 13 4,40,2059589
191,1491,1 11 15,38.0,2059413
192,1497,3 10 15,37.5,2059401
193,1494,1 14 5,39.0,2059100
194,1491,2 11 15,37.5,2059090
195,1498,2 14 6,38.5,2058998
196,1501,0 14 4,39.5,2058986
197,1505,0 14 5,39.5,2058986
198,1500,1 11 5,40,2058332
199,1492,1 15 6,38.5,2058186
200,1495,2 15 7,38.0,2057975
201,1498,2 12 6,39.0,2057933
202,1509,1 12 6,39.5,2057927
203,1499,2 7 14,39.0,2057847
204,1507,1 7 13,39.5,2057841
205,1494,1 8 14,39.0,2057741
206,1498,1 6 12,40,2057729
207,1495,0 12 5,40,2057706
208,1497,2 8 15,38.5,2057639
209,1501,0 8 13,39.5,2057627
210,1492,0 7 12,40,2057621
211,1496,0 7 13,40,2057621
212,1495,3 15 7,37.5,2057546
213,1499,3 15 8,37.5,2057546
214,1492,1 9 15,38.5,2057427
215,1493,1 13 6,39.0,2057316
216,1496,1 13 7,39.0,2057316
217,1496,2 13 7,38.5,2057214
218,1503,0 13 6,39.5,2057202
219,1498,4 15 8,37.0,2056899
220,1499,3 13 8,38.0,2056896
221,1490,1 14 7,38.5,2056499
222,1490,0 14 7,39.0,2056493
223,1494,2 14 8,38.0,2056288
224,1498,1 10 6,40,2056177
225,1489,2 11 8,39.0,2055879
226,1507,1 11 7,39.5,2055873
227,1497,3 14 9,37.5,2055859
228,1489,3 11 8,38.5,2055671
229,1493,0 11 6,40,2055653
230,1494,1 12 8,39.0,2055362
231,1494,2 12 8,38.5,2055260
232,1498,2 12 9,38.5,2055260
233,1502,0 12 7,39.5,2055248
234,1496,4 14 9,37.0,2055213
235,1489,4 14 10,37.0,2055213
236,1491,2 15 9,37.5,2055155
237,1498,3 12 9,38.0,2054942
238,1497,2 6 15,39.0,2054852
239,1492,1 7 15,39.0,2054852
240,1505,1 6 14,39.5,2054846
241,1508,1 6 15,39.5,2054846
242,1503,0 7 15,39.5,2054738
243,1510,2 5 14,39.5,2054738
244,1492,1 13 9,38.5,2054644
245,1494,0 6 14,40,2054626
246,1499,1 5 14,40,2054626
247,1491,3 15 9,37.0,2054614
248,1494,3 15 10,37.0,2054614
249,1492,2 13 9,38.0,2054433
250,1499,5 14 10,36.5,2054349
251,1495,3 13 10,37.5,2054004
252,1489,2 9 8,39.5,2053962
253,1494,4 15 10,36.5,2053854
254,1497,4 15 11,36.5,2053854
255,1497,1 9 7,40,2053850
256,1500,1 9 8,40,2053850
257,1498,2 10 9,39.0,2053654
258,1506,1 10 8,39.5,2053648
259,1491,0 10 7,40,2053428
260,1495,0 10 8,40,2053428
261,1490,2 14 10,37.5,2053397
262,1498,4 13 11,37.0,2053359
263,1493,1 11 9,39.0,2053238
264,1496,2 11 10,38.5,2053136
265,1496,5 15 11,36.0,2052875
266,1493,3 14 11,37.0,2052857
267,1496,3 11 10,38.0,2052819
268,1499,3 11 11,38.0,2052819
269,1490,1 12 10,38.5,2052620
270,1490,2 12 10,38.0,2052409
271,1494,2 12 11,38.0,2052409
272,1499,4 11 11,37.5,2052286
273,1496,4 14 12,36.5,2052097
274,1493,3 12 11,37.5,2051981
275,1497,3 12 12,37.5,2051981
276,1499,6 15 12,35.5,2051677
277,1490,3 15 12,36.5,2051499
278,1491,2 13 12,37.5,2051472
279,1509,2 8 9,39.5,2051463
280,1492,0 5 15,40,2051460
281,1489,6 13 12,36.0,2051415
282,1498,1 8 9,40,2051351
283,1497,1 4 15,40,2051351
284,1496,4 12 12,37.0,2051336
285,1509,2 14 0,39.5,2051290
286,1496,2 9 10,39.0,2051258
287,1504,1 9 9,39.5,2051252
288,1507,1 9 10,39.5,2051252
289,1498,1 14 0,40,2051178
290,1495,5 14 12,36.0,2051119
291,1498,5 14 13,36.0,2051119
292,1489,3 9 11,38.5,2051050
293,1493,0 9 9,40,2051032
294,1491,1 10 10,39.0,2050944
295,1491,3 13 12,37.0,2050932
296,1494,2 10 11,38.5,2050842
297,1502,0 10 10,39.5,2050830
298,1489,4 15 12,36.0,2050624
299,1493,4 15 13,36.0,2050624
300,1497,3 10 12,38.0,2050525
301,1496,2 15 1,39.0,2050488
302,1499,2 15 2,39.0,2050488
303,1503,1 15 0,39.5,2050482
304,1507,1 15 1,39.5,2050482
305,1499,5 12 13,36.5,2050473
306,1499,3 15 2,38.5,2050280
307,1492,0 15 0,40,2050262
308,1492,2 11 12,38.0,2050216
309,1494,4 13 13,36.5,2050173
310,1489,4 10 13,37.5,2049993
311,1497,6 14 13,35.5,2049921
312,1495,3 11 13,37.5,2049788
313,1489,2 13 2,39.5,2049739
314,1496,1 13 1,40,2049627
315,1492,5 15 13,35.5,2049529
316,1495,5 15 14,35.5,2049529
317,1490,2 12 13,37.5,2049379
318,1489,5 10 13,37.0,2049246
319,1496,5 13 14,36.0,2049195
320,1495,4 11 13,37.0,2049144
321,1498,4 11 14,37.0,2049144
322,1498,2 14 3,39.0,2049033
323,1505,1 14 2,39.5,2049027
324,1493,3 12 14,37.0,2048839
325,1498,3 14 3,38.5,2048825
326,1491,0 14 1,40,2048807
327,1491,4 14 14,36.0,2048797
328,1489,2 7 11,39.5,2048791
329,1495,2 8 11,39.0,2048691
330,1498,2 8 12,39.0,2048691
331,1489,3 7 11,39.0,2048691
332,1505,1 8 11,39.5,2048685
333,1496,1 7 10,40,2048679
334,1488,7 14 14,35.0,2048506
335,1498,3 8 12,38.5,2048483
336,1492,1 9 12,39.0,2048480
337,1491,0 8 10,40,2048465
338,1500,2 11 2,40,2048418
339,1492,2 9 12,38.5,2048378
340,1496,2 9 13,38.5,2048378
341,1497,5 11 14,36.5,2048283
342,1492,1 15 3,39.0,2048225
343,1494,6 15 14,35.0,2048213
344,1492,2 15 3,38.5,2048124
345,1496,2 15 4,38.5,2048124
346,1492,4 12 14,36.5,2048081
347,1490,1 10 13,38.5,2048065
348,1496,3 9 13,38.0,2048062
349,1509,2 12 3,39.5,2048015
350,1499,6 13 15,35.5,2047999
351,1495,1 12 2,40,2047903
352,1498,1 12 3,40,2047903
353,1490,2 10 13,38.0,2047854
354,1495,3 15 4,38.0,2047807
355,1494,5 14 15,35.5,2047703
356,1499,4 9 14,37.5,2047531
357,1493,3 10 14,37.5,2047428
358,1496,2 13 4,39.0,2047407
359,1504,1 13 3,39.5,2047401
360,1499,4 15 5,37.5,2047276
361,1489,6 11 15,36.0,2047205
362,1489,3 13 5,38.5,2047199
363,1489,0 13 2,40,2047182
364,1493,0 13 3,40,2047182
365,1495,5 12 15,36.0,2047105
366,1489,4 13 15,36.0,2046804
367,1496,4 10 15,37.0,2046784
368,1499,4 13 5,38.0,2046779
369,1491,1 14 4,39.0,2046696
370,1497,7 15 15,34.5,2046678
371,1494,2 14 5,38.5,2046594
372,1498,7 13 15,35.0,2046585
373,1491,3 11 15,37.0,2046579
374,1493,6 14 15,35.0,2046389
375,1494,3 14 5,38.0,2046278
376,1497,3 14 6,38.0,2046278
377,1508,2 11 4,39.5,2046119
378,1490,2 11 5,39.5,2046119
379,1489,3 11 5,39.0,2046019
380,1497,1 11 4,40,2046007
381,1496,2 7 13,39.0,2045952
382,1509,2 6 12,39.5,2045946
383,1503,1 7 12,39.5,2045946
384,1495,5 10 15,36.5,2045924
385,1491,1 8 13,39.0,2045846
386,1494,1 6 11,40,2045834
387,1490,4 11 15,36.5,2045822
388,1497,4 14 6,37.5,2045747
389,1494,2 8 14,38.5,2045745
390,1499,3 7 14,38.5,2045745
391,1489,0 7 11,40,2045727
392,1500,2 5 11,40,2045727
393,1495,2 12 5,39.0,2045610
394,1502,1 12 4,39.5,2045604
395,1505,1 12 5,39.5,2045604
396,1492,2 15 6,38.0,2045577
397,1494,3 8 14,38.0,2045429
398,1497,3 8 15,38.0,2045429
399,1498,3 12 6,38.5,2045403
400,1491,0 12 4,40,2045385
401,1492,2 9 15,38.0,2045324
402,1499,4 7 14,38.0,2045324
403,1492,3 15 6,37.5,2045151
404,1489,5 14 7,37.0,2045001
405,1491,3 9 15,37.5,2044898
406,1497,4 8 15,37.5,2044898
407,1493,2 13 6,38.5,2044895
408,1496,3 13 7,38.0,2044579
409,1495,4 15 7,37.0,2044508
410,1500,2 9 5,40,2044251
411,1509,2 10 6,39.5,2044050
412,1495,4 13 7,37.5,2044049
413,1499,4 13 8,37.5,2044049
414,1490,2 14 7,38.0,2043975
415,1498,3 10 6,39.0,2043950
416,1495,1 10 5,40,2043938
417,1497,5 15 8,36.5,2043649
418,1493,2 11 6,39.0,2043642
419,1497,2 11 7,39.0,2043642
420,1504,1 11 6,39.5,2043636
421,1490,3 14 7,37.5,2043549
422,1493,3 14 8,37.5,2043549
423,1496,3 11 7,38.5,2043434
424,1489,0 11 5,40,2043417
425,1498,5 13 8,37.0,2043303
426,1491,1 12 7,39.0,2043128
427,1494,2 6 14,39.0,2043043
428,1501,1 6 13,39.5,2043037
429,1491,2 12 7,38.5,2043026
430,1489,4 11 8,38.0,2043014
431,1492,2 7 15,38.5,2042941
432,1507,2 5 13,39.5,2042929
433,1493,4 14 8,37.0,2042906
434,1497,3 6 15,38.5,2042836
435,1499,3 5 14,39.0,2042830
436,1487,0 6 12,40,2042818
437,1490,0 6 13,40,2042818
438,1492,1 5 12,40,2042818
439,1496,1 5 13,40,2042818
440,1494,3 12 8,38.0,2042710
441,1498,2 4 12,40,2042602
442,1489,6 15 9,36.0,2042573
443,1497,4 12 9,37.5,2042180
444,1496,5 14 9,36.5,2042048
445,1499,2 8 6,40,2041907
446,1508,2 9 7,39.5,2041809
447,1492,3 13 9,37.5,2041778
448,1489,3 9 8,39.0,2041709
449,1493,1 9 6,40,2041697
450,1490,4 15 9,36.5,2041555
451,1495,2 10 8,39.0,2041502
452,1502,1 10 7,39.5,2041496
453,1497,5 12 9,37.0,2041436
454,1489,5 12 10,37.0,2041436
455,1489,4 9 8,38.5,2041398
456,1495,3 10 8,38.5,2041295
457,1498,3 10 9,38.5,2041295
458,1499,7 15 9,35.5,2041281
459,1488,0 10 6,40,2041278
460,1491,4 13 9,37.0,2041136
461,1495,4 13 10,37.0,2041136
462,1493,2 11 9,38.5,2040987
463,1498,6 14 10,36.0,2040973
464,1498,4 10 9,38.0,2040876
465,1492,3 11 9,38.0,2040672
466,1493,5 15 10,36.0,2040582
467,1499,6 12 10,36.5,2040477
468,1494,5 13 10,36.5,2040278
469,1498,5 13 11,36.5,2040278
470,1495,4 11 10,37.5,2040142
471,1492,2 5 15,39.0,2039962
472,1503,1 5 15,39.5,2039956
473,1492,4 14 11,36.5,2039882
474,1490,3 12 10,37.5,2039839
475,1505,2 4 14,39.5,2039740
476,1508,2 4 15,39.5,2039740
477,1488,0 5 14,40,2039737
478,1497,3 4 15,39.0,2039640
479,1494,1 4 14,40,2039629
480,1498,5 11 11,37.0,2039398
481,1506,2 8 8,39.5,2039395
482,1490,3 7 8,39.5,2039395
483,1496,6 15 11,35.5,2039391
484,1497,2 7 7,40,2039389
485,1500,2 7 8,40,2039389
486,1510,3 3 14,39.5,2039308
487,1499,2 3 14,40,2039303
488,1498,3 8 9,39.0,2039296
489,1491,1 8 7,40,2039284
490,1495,1 8 8,40,2039284
491,1497,6 13 11,36.0,2039205
492,1493,4 12 11,37.0,2039198
493,1493,2 9 9,39.0,2039192
494,1496,3 9 10,38.5,2038985
495,1486,0 9 7,40,2038967
496,1489,0 9 8,40,2038967
497,1491,5 14 11,36.0,2038910
498,1491,2 10 10,38.5,2038778
499,1498,3 14 0,39.0,2038606
500,1496,4 9 10,38.0,2038566
501,1499,4 9 11,38.0,2038566
502,1491,3 10 10,38.0,2038463
503,1494,3 10 11,38.0,2038463
504,1496,5 12 12,36.5,2038340
505,1488,8 14 11,35.0,2038175
506,1490,4 13 12,36.5,2038041
507,1495,7 15 11,35.0,2037982
508,1498,7 15 12,35.0,2037982
509,1494,4 10 11,37.5,2037934
510,1497,4 10 12,37.5,2037934
511,1499,5 9 11,37.5,2037934
512,1499,7 13 12,35.5,2037915
513,1492,2 15 0,39.0,2037908
514,1509,3 12 0,39.5,2037746
515,1498,2 12 0,40,2037740
516,1492,3 11 12,37.5,2037731
517,1494,6 14 12,35.5,2037720
518,1496,3 15 1,38.5,2037701
519,1495,4 15 1,38.0,2037283
520,1499,4 15 2,38.0,2037283
521,1495,6 12 12,36.0,2037268
522,1498,6 12 13,36.0,2037268
523,1489,7 11 12,36.0,2037268
524,1504,2 13 0,39.5,2037240
525,1507,2 13 1,39.5,2037240
526,1497,5 10 12,37.0,2037191
527,1496,3 13 1,39.0,2037141
528,1489,3 13 2,39.0,2037141
529,1493,1 13 0,40,2037129
530,1491,4 11 12,37.0,2037090
531,1490,5 13 12,36.0,2037070
532,1493,5 13 13,36.0,2037070
533,1489,4 13 2,38.5,2036831
534,1504,2 7 9,39.5,2036809
535,1507,2 7 10,39.5,2036809
536,1491,2 8 10,39.0,2036710
537,1496,3 7 10,39.0,2036710
538,1502,1 8 10,39.5,2036704
539,1509,3 6 9,39.5,2036704
540,1493,1 7 9,40,2036698
541,1498,2 6 9,40,2036698
542,1499,5 15 2,37.5,2036652
543,1491,2 14 1,39.0,2036539
544,1494,2 14 2,39.0,2036539
545,1502,1 14 1,39.5,2036533
546,1494,3 8 11,38.5,2036504
547,1486,0 4 15,40,2036486
548,1487,0 8 9,40,2036486
549,1489,4 7 11,38.5,2036400
550,1497,8 15 12,34.5,2036356
551,1489,8 15 13,34.5,2036356
552,1494,3 14 2,38.5,2036332
553,1487,0 14 0,40,2036315
554,1496,7 14 13,35.0,2036312
555,1492,1 3 15,40,2036267
556,1494,5 11 13,36.5,2036234
557,1499,6 10 13,36.5,2036234
558,1492,3 9 12,38.0,2036085
559,1497,4 8 12,38.0,2036085
560,1491,6 15 13,35.0,2036022
561,1490,3 11 2,39.5,2036009
562,1497,2 11 1,40,2036004
563,1497,7 12 13,35.5,2035979
564,1497,4 14 3,38.0,2035914
565,1492,6 13 13,35.5,2035881
566,1496,6 13 14,35.5,2035881
567,1497,2 2 15,40,2035830
568,1506,2 12 2,39.5,2035603
569,1490,5 14 14,35.5,2035586
570,1495,4 9 13,37.5,2035557
571,1498,3 12 3,39.0,2035503
572,1491,1 12 1,40,2035492
573,1490,3 10 13,37.5,2035454
574,1489,5 8 13,37.5,2035454
575,1492,3 15 3,38.0,2035320
576,1498,4 12 3,38.5,2035193
577,1497,6 11 14,36.0,2035162
578,1491,5 12 14,36.0,2035063
579,1493,2 13 3,39.0,2034998
580,1495,5 9 13,37.0,2034814
581,1493,4 10 14,37.0,2034814
582,1498,5 9 14,37.0,2034814
583,1495,4 15 4,37.5,2034792
584,1493,3 13 3,38.5,2034792
585,1496,3 13 4,38.5,2034792
586,1486,0 13 1,40,2034774
587,1498,8 14 14,34.5,2034687
588,1489,6 8 13,37.0,2034611
589,1499,9 15 13,34.0,2034512
590,1493,7 15 14,34.5,2034495
591,1495,7 13 14,35.0,2034475
592,1488,8 12 14,35.0,2034475
593,1489,6 14 4,37.0,2034440
594,1496,4 13 4,38.0,2034374
595,1489,6 14 14,35.0,2034280
596,1491,2 14 4,38.5,2034191
597,1509,3 10 3,39.5,2034100
598,1495,2 10 2,40,2034094
599,1499,2 10 3,40,2034094
600,1493,2 7 12,39.0,2034057
601,1505,2 6 11,39.5,2034051
602,1495,5 15 4,37.0,2034050
603,1498,5 15 5,37.0,2034050
604,1492,5 10 14,36.5,2033959
605,1494,3 6 11,39.0,2033952
606,1498,3 6 12,39.0,2033952
607,1491,1 6 10,40,2033940
608,1490,3 14 4,38.0,2033876
609,1494,6 12 15,35.5,2033875
610,1499,7 11 15,35.5,2033875
611,1497,6 9 14,36.5,2033858
612,1490,2 8 13,38.5,2033851
613,1492,3 7 12,38.5,2033851
614,1496,3 7 13,38.5,2033851
615,1489,3 5 11,39.5,2033839
616,1486,0 7 10,40,2033833
617,1496,2 5 10,40,2033833
618,1504,2 11 3,39.5,2033793
619,1499,5 13 5,37.5,2033744
620,1497,3 11 4,39.0,2033693
621,1490,1 11 2,40,2033681
622,1493,1 11 3,40,2033681
623,1498,4 6 12,38.5,2033642
624,1489,4 5 11,39.0,2033636
625,1490,3 8 13,38.0,2033537
626,1496,4 7 13,38.0,2033433
627,1489,4 11 5,38.5,2033383
628,1494,4 14 5,37.5,2033349
629,1491,2 12 4,39.0,2033287
630,1497,6 15 5,36.5,2033095
631,1495,3 12 5,38.5,2033081
632,1484,0 12 2,40,2033063
633,1487,0 12 3,40,2033063
634,1493,4 8 14,37.5,2033009
635,1489,5 11 15,36.0,2032889
636,1495,6 10 15,36.0,2032889
637,1489,5 11 5,38.0,2032863
638,1497,8 13 15,34.5,2032851
639,1497,9 14 14,34.0,2032845
640,1498,5 7 14,37.5,2032803
641,1492,7 14 15,34.5,2032755
642,1492,8 15 14,34.0,2032750
643,1495,8 15 15,34.0,2032750
644,1488,7 9 15,36.0,2032688
645,1494,4 12 5,38.0,2032663
646,1498,4 12 6,38.0,2032663
647,1497,5 14 6,37.0,2032607
648,1493,7 12 15,35.0,2032470
649,1498,8 11 15,35.0,2032372
650,1491,4 9 15,37.0,2032370
651,1496,5 8 15,37.0,2032268
652,1492,3 13 6,38.0,2032262
653,1491,4 15 6,37.0,2032117
654,1497,5 12 6,37.5,2032033
655,1508,3 9 4,39.5,2032016
656,1490,3 9 5,39.5,2032016
657,1497,2 9 4,40,2032010
658,1489,7 15 6,36.0,2031925
659,1489,4 9 5,39.0,2031813
660,1502,2 10 4,39.5,2031810
661,1506,2 10 5,39.5,2031810
662,1492,4 13 6,37.5,2031735
663,1495,3 10 5,39.0,2031711
664,1491,1 10 4,40,2031699
665,1496,6 14 6,36.5,2031652
666,1499,6 14 7,36.5,2031652
667,1490,5 9 15,36.5,2031516
668,1498,4 10 6,38.5,2031401
669,1495,6 8 15,36.5,2031313
670,1490,5 15 6,36.5,2031263
671,1494,5 15 7,36.5,2031263
672,1491,2 6 13,39.0,2031233
673,1493,3 11 6,38.5,2031198
674,1489,6 12 7,37.0,2031192
675,1486,0 11 4,40,2031181
676,1503,2 5 12,39.5,2031120
677,1494,3 6 14,38.5,2031027
678,1496,3 5 13,39.0,2031021
679,1484,0 6 11,40,2031010
680,1489,1 5 11,40,2031010
681,1495,5 13 7,37.0,2030994
682,1489,7 7 15,36.5,2030907
683,1492,3 7 15,38.0,2030818
684,1509,3 4 12,39.5,2030801
685,1494,2 4 11,40,2030795
686,1499,10 14 15,33.5,2030785
687,1494,9 15 15,33.5,2030785
688,1496,4 11 7,38.0,2030781
689,1499,4 5 14,38.5,2030712
690,1494,4 6 14,38.0,2030610
691,1497,4 6 15,38.0,2030610
692,1489,4 14 7,37.0,2030600
693,1498,7 14 7,36.0,2030484
694,1491,3 12 7,38.0,2030479
695,1500,3 3 11,40,2030365
696,1491,4 7 15,37.5,2030292
697,1493,6 15 7,36.0,2030194
698,1497,6 15 8,36.0,2030194
699,1499,5 5 14,38.0,2030192
700,1496,5 11 7,37.5,2030152
701,1499,5 11 8,37.5,2030152
702,1498,6 13 8,36.5,2030040
703,1496,5 6 15,37.5,2029981
704,1490,4 12 7,37.5,2029952
705,1494,4 12 8,37.5,2029952
706,1509,3 8 6,39.5,2029759
707,1495,2 8 5,40,2029753
708,1492,5 14 8,36.5,2029746
709,1504,2 9 6,39.5,2029655
710,1499,4 8 6,39.0,2029556
711,1493,3 9 6,39.0,2029556
712,1497,3 9 7,39.0,2029556
713,1490,1 9 5,40,2029544
714,1491,2 10 7,39.0,2029350
715,1498,6 11 8,37.0,2029311
716,1496,4 9 7,38.5,2029247
717,1493,5 12 8,37.0,2029212
718,1491,3 10 7,38.5,2029145
719,1484,0 10 5,40,2029127
720,1496,7 15 8,35.5,2028910
721,1489,7 13 9,36.0,2028872
722,1489,5 9 8,38.0,2028728
723,1494,4 10 8,38.0,2028728
724,1495,6 14 9,36.0,2028678
725,1490,5 15 9,36.0,2028289
726,1496,6 12 9,36.5,2028258
727,1497,5 10 9,37.5,2028099
728,1491,5 13 9,36.5,2028061
729,1492,3 5 15,38.5,2028032
730,1501,2 4 13,39.5,2028017
731,1482,0 5 12,40,2028015
732,1485,0 5 13,40,2028015
733,1492,4 11 9,37.5,2027999
734,1494,3 4 14,39.0,2027918
735,1487,1 4 12,40,2027907
736,1490,1 4 13,40,2027907
737,1497,4 4 15,38.5,2027609
738,1506,3 3 13,39.5,2027588
739,1492,2 3 12,40,2027583
740,1496,2 3 13,40,2027583
741,1499,8 13 9,35.5,2027491
742,1498,8 15 9,35.0,2027411
743,1494,7 14 9,35.5,2027395
744,1497,7 14 10,35.5,2027395
745,1499,4 3 14,39.0,2027386
746,1502,2 8 7,39.5,2027328
747,1508,3 7 7,39.5,2027328
748,1493,2 7 6,40,2027322
749,1497,6 10 9,37.0,2027259
750,1491,5 11 9,37.0,2027259
751,1495,5 11 10,37.0,2027259
752,1489,6 10 10,37.0,2027259
753,1495,3 8 8,39.0,2027229
754,1488,1 8 6,40,2027217
755,1499,3 6 6,40,2027217
756,1489,4 7 8,39.0,2027125
757,1492,6 15 10,35.5,2027106
758,1499,7 12 10,36.0,2027091
759,1490,4 12 10,37.0,2027059
760,1497,3 2 12,40,2027042
761,1493,6 13 10,36.0,2026994
762,1495,4 8 8,38.5,2026920
763,1493,3 9 9,38.5,2026920
764,1498,4 8 9,38.5,2026920
765,1482,0 9 6,40,2026902
766,1489,5 7 8,38.5,2026715
767,1492,4 9 9,38.0,2026503
768,1498,5 8 9,38.0,2026401
769,1494,6 11 10,36.5,2026307
770,1498,6 11 11,36.5,2026307
771,1492,5 12 11,36.5,2026207
772,1499,7 10 10,36.5,2026207
773,1496,8 14 10,35.0,2025897
774,1490,4 10 10,37.5,2025876
775,1495,5 9 10,37.5,2025876
776,1498,4 14 0,38.5,2025713
777,1496,7 13 11,35.5,2025712
778,1491,7 15 10,35.0,2025705
779,1489,9 15 10,34.5,2025697
780,1491,6 14 11,35.5,2025518
781,1497,5 14 0,38.0,2025195
782,1492,6 12 11,36.0,2025141
783,1497,7 11 11,36.0,2025141
784,1493,5 10 11,37.0,2025137
785,1492,3 15 0,38.5,2025123
786,1498,4 12 0,39.0,2025042
787,1498,6 9 11,37.0,2025036
788,1483,0 4 14,40,2024849
789,1502,2 3 15,39.5,2024742
790,1493,3 7 9,39.0,2024729
791,1506,3 6 8,39.5,2024723
792,1486,1 7 7,40,2024718
793,1490,1 7 8,40,2024718
794,1491,2 6 7,40,2024718
795,1495,2 6 8,40,2024718
796,1492,4 15 0,38.0,2024707
797,1493,3 13 0,39.0,2024643
798,1492,3 3 15,39.0,2024643
799,1488,1 3 14,40,2024631
800,1491,3 8 10,38.5,2024524
801,1498,4 6 9,39.0,2024521
802,1481,0 8 7,40,2024506
803,1484,0 8 8,40,2024506
804,1497,3 5 7,40,2024506
805,1500,3 5 8,40,2024506
806,1489,6 14 1,37.5,2024468
807,1496,4 7 10,38.5,2024421
808,1489,4 5 8,39.5,2024409
809,1496,4 13 1,38.5,2024335
810,1495,8 13 11,35.0,2024215
811,1498,8 13 12,35.0,2024215
812,1504,3 2 14,39.5,2024202
813,1508,3 2 15,39.5,2024202
814,1493,2 2 14,40,2024197
815,1491,5 11 12,36.5,2024185
816,1496,6 10 12,36.5,2024185
817,1499,9 14 11,34.5,2024184
818,1489,7 14 11,35.0,2024119
819,1493,7 14 12,35.0,2024119
820,1488,9 12 11,35.0,2024119
821,1491,4 8 10,38.0,2024108
822,1494,4 8 11,38.0,2024108
823,1493,8 15 11,34.5,2024089
824,1495,5 15 1,37.5,2024080
825,1497,4 2 15,39.0,2024000
826,1496,5 7 10,38.0,2023903
827,1499,5 7 11,38.0,2023903
828,1499,3 10 0,40,2023894
829,1494,7 12 12,35.5,2023860
830,1491,3 14 1,38.5,2023840
831,1496,5 13 1,38.0,2023817
832,1499,5 13 2,38.0,2023817
833,1509,4 10 0,39.5,2023797
834,1499,8 11 12,35.5,2023763
835,1504,3 11 0,39.5,2023595
836,1508,3 11 1,39.5,2023595
837,1493,2 11 0,40,2023589
838,1492,4 9 12,37.5,2023583
839,1499,3 1 14,40,2023545
840,1494,5 8 11,37.5,2023481
841,1497,5 8 12,37.5,2023481
842,1509,4 1 14,39.5,2023447
843,1490,4 14 1,38.0,2023424
844,1494,4 14 2,38.0,2023424
845,1497,4 11 1,39.0,2023393
846,1489,4 11 2,39.0,2023393
847,1498,6 15 2,37.0,2023241
848,1502,2 12 1,39.5,2023190
849,1499,6 7 11,37.5,2023176
850,1490,6 11 12,36.0,2023120
851,1493,6 11 13,36.0,2023120
852,1491,3 12 1,39.0,2023092
853,1495,3 12 2,39.0,2023092
854,1499,6 13 2,37.5,2023090
855,1488,1 12 0,40,2023080
856,1495,7 10 12,36.0,2023021
857,1498,7 10 13,36.0,2023021
858,1489,5 11 2,38.5,2022983
859,1491,5 9 12,37.0,2022845
860,1493,5 14 2,37.5,2022797
861,1497,5 14 3,37.5,2022797
862,1495,4 12 2,38.5,2022783
863,1489,8 9 12,36.0,2022724
864,1496,6 8 12,37.0,2022643
865,1497,9 13 12,34.5,2022504
866,1489,9 13 13,34.5,2022504
867,1492,8 14 12,34.5,2022504
868,1495,8 14 13,34.5,2022504
869,1482,0 13 0,40,2022367
870,1491,7 13 13,35.0,2022365
871,1496,8 12 13,35.0,2022365
872,1490,7 15 13,34.5,2022312
873,1492,4 15 3,37.5,2022309
874,1498,5 12 3,38.0,2022266
875,1495,9 15 12,34.0,2022256
876,1502,2 6 10,39.5,2022156
877,1491,3 6 10,39.0,2022057
878,1488,1 6 9,40,2022046
879,1497,3 9 1,40,2021971
880,1492,4 13 3,38.0,2021969
881,1496,6 14 3,37.0,2021959
882,1504,3 5 9,39.5,2021945
883,1507,3 5 10,39.5,2021945
884,1482,0 7 9,40,2021939
885,1493,2 5 9,40,2021939
886,1494,6 9 13,36.5,2021894
887,1490,4 9 2,39.5,2021873
888,1490,6 12 14,35.5,2021840
889,1492,7 11 13,35.5,2021840
890,1496,7 11 14,35.5,2021840
891,1506,3 10 2,39.5,2021772
892,1492,2 10 1,40,2021766
893,1494,4 6 11,38.5,2021749
894,1496,4 5 10,39.0,2021743
895,1497,8 10 13,35.5,2021644
896,1498,3 4 9,40,2021621
897,1499,7 8 13,36.5,2021594
898,1491,5 15 3,37.0,2021572
899,1499,4 10 3,39.0,2021570
900,1492,4 7 12,38.0,2021541
901,1509,4 4 9,39.5,2021524
902,1481,0 3 15,40,2021512
903,1493,3 11 3,39.0,2021368
904,1486,1 11 1,40,2021356
905,1495,5 13 4,37.5,2021343
906,1499,5 5 11,38.5,2021334
907,1497,5 6 12,38.0,2021232
908,1486,1 2 15,40,2021184
909,1498,5 10 3,38.5,2021160
910,1490,4 8 13,37.5,2021120
911,1493,4 11 3,38.5,2021060
912,1496,4 11 4,38.5,2021060
913,1490,4 14 4,37.5,2020950
914,1488,8 15 3,36.0,2020931
915,1491,6 10 14,36.0,2020930
916,1495,5 7 13,37.5,2020915
917,1499,7 14 4,36.5,2020910
918,1491,3 12 4,38.5,2020759
919,1493,8 13 14,34.5,2020751
920,1480,0 12 1,40,2020742
921,1496,7 9 14,36.0,2020731
922,1494,9 14 13,34.0,2020672
923,1498,9 12 14,34.5,2020655
924,1491,2 1 15,40,2020637
925,1494,6 15 4,36.5,2020622
926,1489,7 12 4,37.0,2020603
927,1499,10 13 13,34.0,2020577
928,1496,5 11 4,38.0,2020543
929,1489,6 6 13,37.5,2020506
930,1495,6 13 4,37.0,2020506
931,1498,6 13 5,37.0,2020506
932,1489,7 12 14,35.0,2020444
933,1493,5 8 14,37.0,2020383
934,1495,8 11 14,35.0,2020346
935,1491,4 12 4,38.0,2020344
936,1489,5 14 4,37.0,2020213
937,1493,5 14 5,37.0,2020213
938,1497,10 15 13,33.5,2020207
939,1494,6 7 13,37.0,2020078
940,1498,6 7 14,37.0,2020078
941,1488,9 10 14,35.0,2020054
942,1496,3 0 15,40,2019872
943,1495,3 8 2,40,2019872
944,1499,3 8 3,40,2019872
945,1499,6 11 5,37.5,2019817
946,1509,4 8 3,39.5,2019775
947,1504,3 9 3,39.5,2019775
948,1490,2 9 2,40,2019769
949,1493,2 9 3,40,2019769
950,1494,5 12 5,37.5,2019718
951,1494,7 10 15,35.5,2019652
952,1497,4 9 4,39.0,2019573
953,1499,7 6 13,37.0,2019570
954,1491,3 10 4,39.0,2019472
955,1484,1 10 2,40,2019460
956,1488,1 10 3,40,2019460
957,1497,7 15 5,36.0,2019459
958,1498,7 13 5,36.5,2019457
959,1492,6 8 14,36.5,2019434
960,1499,8 9 15,35.5,2019356
961,1492,6 14 5,36.5,2019264
962,1490,3 6 13,38.5,2019219
963,1492,3 5 12,39.0,2019213
964,1480,0 6 10,40,2019201
965,1486,1 5 10,40,2019201
966,1495,4 10 5,38.5,2019164
967,1489,5 9 5,38.5,2019164
968,1497,7 7 14,36.5,2019030
969,1505,3 4 11,39.5,2018994
970,1491,2 4 10,40,2018988
971,1479,0 11 2,40,2018945
972,1482,0 11 3,40,2018945
973,1490,8 14 15,34.0,2018921
974,1492,9 13 14,34.0,2018921
975,1495,9 13 15,34.0,2018921
976,1492,4 5 12,38.5,2018905
977,1496,4 5 13,38.5,2018905
978,1497,6 12 6,37.0,2018881
979,1492,8 12 15,34.5,2018832
980,1490,4 6 13,38.0,2018804
981,1494,4 4 11,39.0,2018792
982,1498,4 4 12,39.0,2018792
983,1497,10 12 14,34.0,2018731
984,1489,10 12 15,34.0,2018731
985,1491,5 13 6,37.0,2018685
986,1494,5 10 5,38.0,2018647
987,1498,5 10 6,38.0,2018647
988,1497,9 11 15,34.5,2018638
989,1496,10 14 14,33.5,2018625
990,1491,9 15 14,33.5,2018625
991,1489,6 9 15,36.0,2018572
992,1496,3 3 10,40,2018561
993,1493,4 11 6,38.0,2018547
994,1489,6 9 5,38.0,2018547
995,1510,4 3 11,39.5,2018463
996,1495,5 5 13,38.0,2018389
997,1497,5 4 12,38.5,2018383
998,1495,7 8 15,36.0,2018272
999,1489,8 13 6,36.0,2018199
1000,1493,5 6 14,37.5,2018179
1001,1499,5 3 11,39.0,2018160
1002,1493,8 10 15,35.0,2018160
1003,1495,7 14 6,36.0,2018103
1004,1496,8 15 5,35.5,2018085
1005,1499,8 15 6,35.5,2018085
1006,1499,11 15 14,33.0,2017942
1007,1492,5 11 6,37.5,2017922
1008,1497,6 10 6,37.5,2017922
1009,1496,7 12 6,36.5,2017834
1010,1499,7 12 7,36.5,2017834
1011,1490,6 15 6,36.0,2017815
1012,1488,8 7 15,36.0,2017772
1013,1498,9 9 15,35.0,2017768
1014,1489,6 4 13,38.0,2017766
1015,1491,5 7 15,37.0,2017751
1016,1491,6 13 6,36.5,2017737
1017,1494,6 13 7,36.5,2017737
1018,1498,6 5 14,37.5,2017664
1019,1502,3 8 4,39.5,2017604
1020,1506,3 8 5,39.5,2017604
1021,1492,2 8 4,40,2017599
1022,1497,3 7 4,40,2017599
1023,1508,4 7 4,39.5,2017502
1024,1490,4 7 5,39.5,2017502
1025,1495,4 8 5,39.0,2017403
1026,1486,1 9 4,40,2017391
1027,1496,6 6 15,37.0,2017343
1028,1489,5 7 5,39.0,2017199
1029,1493,4 9 6,38.5,2017096
1030,1495,6 11 7,37.0,2017086
1031,1498,5 8 6,38.5,2016994
1032,1490,5 12 7,37.0,2016987
1033,1489,7 10 7,37.0,2016987
1034,1481,0 10 4,40,2016977
1035,1489,9 14 15,33.5,2016970
1036,1494,10 13 15,33.5,2016876
1037,1490,6 7 15,36.5,2016803
1038,1497,8 14 7,35.5,2016729
1039,1499,11 12 15,33.5,2016592
1040,1496,5 9 7,38.0,2016580
1041,1491,4 10 7,38.0,2016580
1042,1493,7 13 7,36.0,2016576
1043,1497,7 13 8,36.0,2016576
1044,1498,8 12 7,36.0,2016576
1045,1492,7 15 7,35.5,2016538
1046,1498,9 15 6,35.0,2016498
1047,1492,10 15 15,33.0,2016454
1048,1492,6 14 8,36.0,2016383
1049,1497,11 14 15,33.0,2016361
1050,1495,7 6 15,36.5,2016296
1051,1478,0 5 11,40,2016292
1052,1490,3 4 13,39.0,2016196
1053,1484,1 4 11,40,2016185
1054,1498,7 11 8,36.5,2016040
1055,1492,6 12 8,36.5,2016040
1056,1490,5 10 7,37.5,2015955
1057,1494,5 10 8,37.5,2015955
1058,1491,4 5 15,38.0,2015895
1059,1494,4 4 14,38.5,2015889
1060,1503,3 3 12,39.5,2015868
1061,1489,2 3 11,40,2015862
1062,1496,6 9 7,37.5,2015855
1063,1499,6 9 8,37.5,2015855
1064,1496,4 3 13,39.0,2015667
1065,1489,8 5 15,36.5,2015586
1066,1497,12 15 14,32.5,2015460
1067,1493,5 4 14,38.0,2015373
1068,1497,5 4 15,38.0,2015373
1069,1494,3 2 11,40,2015325
1070,1491,5 5 15,37.5,2015271
1071,1504,3 7 6,39.5,2015260
1072,1499,5 3 14,38.5,2015258
1073,1490,2 7 5,40,2015255
1074,1508,4 2 12,39.5,2015228
1075,1496,8 13 8,35.5,2015203
1076,1491,3 8 7,39.0,2015162
1077,1484,1 8 5,40,2015150
1078,1495,3 6 5,40,2015150
1079,1488,9 14 8,35.0,2015143
1080,1493,6 10 8,37.0,2015120
1081,1491,7 14 8,35.5,2015108
1082,1493,4 7 6,39.0,2015059
1083,1497,4 7 7,39.0,2015059
1084,1509,4 6 6,39.5,2015053
1085,1495,8 15 8,35.0,2015048
1086,1498,7 9 8,37.0,2014921
1087,1495,7 12 9,36.0,2014880
1088,1491,4 8 7,38.5,2014855
1089,1500,4 5 5,40,2014837
1090,1479,0 9 5,40,2014837
1091,1490,6 13 9,36.0,2014783
1092,1489,8 11 9,36.0,2014783
1093,1498,5 6 6,39.0,2014751
1094,1488,10 15 7,34.5,2014698
1095,1496,5 7 7,38.5,2014651
1096,1496,6 4 15,37.5,2014649
1097,1498,6 3 14,38.0,2014643
1098,1499,4 1 11,40,2014573
1099,1494,5 8 8,38.0,2014340
1100,1491,6 11 9,36.5,2014173
1101,1496,7 10 9,36.5,2014074
1102,1499,6 7 8,38.0,2014036
1103,1492,5 9 9,37.5,2013817
1104,1493,8 14 9,35.0,2013619
1105,1498,9 13 9,35.0,2013619
1106,1497,6 8 9,37.5,2013616
1107,1492,7 13 10,35.5,2013509
1108,1494,8 12 9,35.5,2013509
1109,1498,8 12 10,35.5,2013509
1110,1498,10 14 8,34.5,2013345
1111,1493,9 15 8,34.5,2013345
1112,1497,9 15 9,34.5,2013345
1113,1499,9 11 9,35.5,2013316
1114,1476,0 4 12,40,2013212
1115,1480,0 4 13,40,2013212
1116,1490,5 10 10,37.0,2013083
1117,1493,7 11 10,36.0,2013014
1118,1482,1 3 12,40,2012996
1119,1485,1 3 13,40,2012996
1120,1491,6 9 9,37.0,2012983
1121,1495,6 9 10,37.0,2012983
1122,1498,8 10 10,36.0,2012819
1123,1499,13 15 15,32.0,2012762
1124,1502,3 6 7,39.5,2012743
1125,1483,1 7 6,40,2012737
1126,1488,2 6 6,40,2012737
1127,1491,4 3 15,38.5,2012701
1128,1497,7 8 9,37.0,2012683
1129,1489,7 8 10,37.0,2012683
1130,1501,3 2 13,39.5,2012569
1131,1487,2 2 12,40,2012563
1132,1490,2 2 13,40,2012563
1133,1495,4 6 8,39.0,2012542
1134,1477,0 8 6,40,2012527
1135,1493,3 5 6,40,2012527
1136,1493,4 7 9,38.5,2012442
1137,1507,4 5 7,39.5,2012430
1138,1493,4 2 14,39.0,2012368
1139,1492,6 10 11,36.5,2012137
1140,1498,5 12 0,38.5,2012134
1141,1494,5 6 8,38.5,2012134
1142,1498,5 6 9,38.5,2012134
1143,1489,5 5 8,39.0,2012128
1144,1498,4 4 6,40,2012107
1145,1491,8 13 10,35.0,2012021
1146,1496,5 2 15,38.5,2011960
1147,1494,7 9 10,36.5,2011938
1148,1498,7 9 11,36.5,2011938
1149,1492,5 7 9,38.0,2011927
1150,1496,9 12 10,35.0,2011925
1151,1495,9 14 10,34.5,2011916
1152,1492,3 1 12,40,2011915
1153,1495,3 1 13,40,2011915
1154,1497,6 14 0,37.5,2011893
1155,1493,4 13 0,38.5,2011839
1156,1489,10 13 10,34.5,2011822
1157,1490,8 15 10,34.5,2011822
1158,1506,4 1 13,39.5,2011818
1159,1491,7 12 11,35.5,2011741
1160,1496,8 11 11,35.5,2011644
1161,1489,6 5 8,38.5,2011621
1162,1499,8 8 10,36.5,2011542
1163,1497,6 6 9,38.0,2011519
1164,1497,6 12 0,38.0,2011519
1165,1498,5 1 14,39.0,2011516
1166,1490,5 8 10,37.5,2011508
1167,1491,5 15 0,37.5,2011508
1168,1495,10 15 9,34.0,2011427
1169,1499,10 15 10,34.0,2011427
1170,1489,11 14 9,34.0,2011334
1171,1492,5 13 0,38.0,2011324
1172,1495,6 7 10,37.5,2011204
1173,1498,5 10 0,39.0,2011079
1174,1497,4 0 12,40,2011051
1175,1500,4 0 13,40,2011051
1176,1493,4 11 0,39.0,2010979
1177,1492,7 10 11,36.0,2010979
1178,1496,7 14 0,37.0,2010961
1179,1488,7 14 1,37.0,2010961
1180,1489,8 15 0,36.5,2010940
1181,1489,5 0 13,39.5,2010853
1182,1489,7 6 10,37.5,2010698
1183,1489,7 12 1,37.5,2010698
1184,1497,8 9 11,36.0,2010684
1185,1493,6 8 11,37.0,2010675
1186,1491,6 15 0,37.0,2010675
1187,1494,6 15 1,37.0,2010675
1188,1495,6 13 1,37.5,2010601
1189,1496,5 11 1,38.5,2010572
1190,1491,4 12 1,38.5,2010374
1191,1493,9 13 11,34.5,2010320
1192,1490,5 14 1,37.5,2010310
1193,1498,7 7 11,37.0,2010273
1194,1490,8 12 11,35.0,2010255
1195,1493,8 12 12,35.0,2010255
1196,1481,1 6 7,40,2010151
1197,1484,1 6 8,40,2010151
1198,1498,10 12 11,34.5,2010130
1199,1495,9 11 11,35.0,2010062
1200,1498,9 11 12,35.0,2010062
1201,1475,0 7 7,40,2010046
1202,1479,0 7 8,40,2010046
1203,1486,2 5 7,40,2010046
1204,1489,2 5 8,40,2010046
1205,1492,9 15 11,34.0,2010000
1206,1497,10 14 11,34.0,2010000
1207,1477,0 3 14,40,2009960
1208,1496,6 11 1,38.0,2009958
1209,1499,6 11 2,38.0,2009958
1210,1491,6 9 12,36.5,2009930
1211,1491,5 12 1,38.0,2009859
1212,1494,5 12 2,38.0,2009859
1213,1491,4 6 10,38.5,2009857
1214,1493,4 5 9,39.0,2009851
1215,1499,8 14 1,36.5,2009821
1216,1491,3 4 7,40,2009729
1217,1495,3 4 8,40,2009729
1218,1488,10 10 11,35.0,2009677
1219,1498,7 13 2,37.0,2009670
1220,1499,4 8 0,40,2009642
1221,1493,3 9 0,40,2009642
1222,1483,1 2 14,40,2009634
1223,1505,4 4 8,39.5,2009632
1224,1496,7 8 12,36.5,2009631
1225,1494,7 15 1,36.5,2009631
1226,1497,7 15 2,36.5,2009631
1227,1494,8 10 12,35.5,2009610
1228,1504,4 9 0,39.5,2009545
1229,1508,4 9 1,39.5,2009545
1230,1493,6 14 2,37.0,2009478
1231,1502,3 10 1,39.5,2009444
1232,1509,5 8 0,39.5,2009444
1233,1496,5 5 10,38.5,2009443
1234,1488,2 10 0,40,2009438
1235,1490,5 6 10,38.0,2009342
1236,1494,5 6 11,38.0,2009342
1237,1498,5 4 9,39.0,2009331
1238,1497,11 15 10,33.5,2009296
1239,1491,4 10 1,39.0,2009243
1240,1495,4 10 2,39.0,2009243
1241,1497,5 9 1,39.0,2009243
1242,1489,5 9 2,39.0,2009243
1243,1499,9 9 12,35.5,2009220
1244,1496,4 3 7,40,2009201
1245,1500,4 3 8,40,2009201
1246,1494,6 12 2,37.5,2009137
1247,1497,6 12 3,37.5,2009137
1248,1499,7 11 2,37.5,2009137
1249,1502,3 1 15,39.5,2009097
1250,1488,2 1 14,40,2009091
1251,1482,1 11 0,40,2009031
1252,1492,5 7 12,37.5,2009028
1253,1489,5 3 8,39.5,2009003
1254,1492,5 13 3,37.5,2008942
1255,1491,4 1 15,39.0,2008896
1256,1495,5 10 2,38.5,2008836
1257,1495,6 5 10,38.0,2008830
1258,1499,6 5 11,38.0,2008830
1259,1490,7 9 12,36.0,2008774
1260,1493,7 9 13,36.0,2008774
1261,1489,6 9 2,38.5,2008736
1262,1490,8 13 13,34.5,2008651
1263,1493,6 6 11,37.5,2008620
1264,1497,6 6 12,37.5,2008620
1265,1492,9 12 12,34.5,2008555
1266,1495,9 12 13,34.5,2008555
1267,1490,9 14 12,34.0,2008500
1268,1496,7 14 3,36.5,2008435
1269,1477,0 12 0,40,2008420
1270,1495,10 13 12,34.0,2008405
1271,1496,8 15 2,36.0,2008379
1272,1495,8 8 12,36.0,2008379
1273,1498,8 8 13,36.0,2008379
1274,1493,3 0 14,40,2008330
1275,1491,8 11 13,35.0,2008321
1276,1497,10 11 12,34.5,2008269
1277,1488,10 11 13,34.5,2008269
1278,1504,4 0 14,39.5,2008233
1279,1507,4 0 15,39.5,2008233
1280,1493,5 11 3,38.0,2008222
1281,1498,6 10 3,38.0,2008222
1282,1497,7 12 3,37.0,2008207
1283,1491,6 7 12,37.0,2008195
1284,1490,6 15 3,36.5,2008149
1285,1489,11 12 12,34.0,2008123
1286,1489,7 4 10,38.0,2008112
1287,1491,6 13 3,37.0,2008110
1288,1496,9 10 13,35.0,2008030
1289,1498,7 5 11,37.5,2008010
1290,1491,10 15 11,33.5,2007963
1291,1494,10 15 12,33.5,2007963
1292,1496,5 0 15,39.0,2007932
1293,1496,11 14 11,33.5,2007871
1294,1499,11 14 12,33.5,2007871
1295,1488,9 7 12,36.0,2007785
1296,1490,7 10 14,35.5,2007702
1297,1496,7 6 12,37.0,2007690
1298,1492,3 8 1,40,2007631
1299,1489,12 13 11,33.5,2007592
1300,1506,4 8 2,39.5,2007534
1301,1501,3 9 2,39.5,2007534
1302,1486,2 9 1,40,2007528
1303,1497,4 7 1,40,2007528
1304,1496,6 11 4,37.5,2007501
1305,1492,8 9 13,35.5,2007407
1306,1495,8 9 14,35.5,2007407
1307,1490,5 12 4,37.5,2007403
1308,1477,0 6 9,40,2007393
1309,1482,1 5 9,40,2007393
1310,1493,4 9 3,39.0,2007333
1311,1490,5 7 2,39.5,2007330
1312,1498,5 8 3,39.0,2007232
1313,1481,1 10 1,40,2007221
1314,1502,3 4 10,39.5,2007187
1315,1495,8 14 3,36.0,2007183
1316,1498,8 14 4,36.0,2007183
1317,1488,9 13 3,36.0,2007183
1318,1487,2 4 9,40,2007181
1319,1494,7 7 13,36.5,2007154
1320,1494,7 13 4,36.5,2007068
1321,1499,8 12 4,36.5,2007068
1322,1489,7 15 3,36.0,2006994
1323,1493,7 15 4,36.0,2006994
1324,1491,4 4 10,39.0,2006986
1325,1499,12 15 11,33.0,2006951
1326,1491,4 10 4,38.5,2006927
1327,1493,5 9 3,38.5,2006927
1328,1496,5 9 4,38.5,2006927
1329,1497,9 8 13,35.5,2006916
1330,1489,9 8 14,35.5,2006916
1331,1499,9 15 3,35.5,2006916
1332,1493,3 3 9,40,2006756
1333,1498,6 8 3,38.5,2006726
1334,1475,0 11 1,40,2006709
1335,1503,4 3 9,39.5,2006659
1336,1507,4 3 10,39.5,2006659
1337,1494,10 12 13,34.0,2006642
1338,1493,9 11 14,34.5,2006623
1339,1492,5 5 12,38.0,2006585
1340,1494,5 4 11,38.5,2006579
1341,1490,6 12 4,37.0,2006571
1342,1493,6 12 5,37.0,2006571
1343,1495,7 11 4,37.0,2006571
1344,1498,7 11 5,37.0,2006571
1345,1499,8 6 13,36.5,2006552
1346,1475,0 2 15,40,2006538
1347,1492,10 14 13,33.5,2006464
1348,1491,5 10 4,38.0,2006413
1349,1491,7 8 14,36.0,2006400
1350,1490,5 6 13,37.5,2006376
1351,1489,8 10 4,37.0,2006376
1352,1496,5 3 10,39.0,2006358
1353,1496,6 9 4,38.0,2006314
1354,1497,11 13 13,33.5,2006277
1355,1499,11 11 13,34.0,2006263
1356,1498,10 10 14,34.5,2006238
1357,1489,8 10 14,35.0,2006218
1358,1498,4 2 9,40,2006119
1359,1481,1 1 15,40,2006100
1360,1497,6 4 12,38.0,2005967
1361,1508,5 2 9,39.5,2005922
1362,1496,8 7 14,36.0,2005902
1363,1495,6 5 13,37.5,2005864
1364,1499,6 3 11,38.5,2005852
1365,1494,9 9 14,35.0,2005828
1366,1497,8 13 5,36.0,2005817
1367,1491,7 14 5,36.0,2005722
1368,1497,9 14 4,35.5,2005721
1369,1492,11 15 12,33.0,2005712
1370,1496,11 15 13,33.0,2005712
1371,1494,6 10 5,37.5,2005692
1372,1492,8 15 4,35.5,2005627
1373,1492,6 6 14,37.0,2005545
1374,1492,7 12 5,36.5,2005530
1375,1497,12 14 12,33.0,2005527
1376,1499,7 9 5,37.5,2005495
1377,1486,2 0 15,40,2005444
1378,1485,2 8 2,40,2005444
1379,1488,2 8 3,40,2005444
1380,1490,3 7 2,40,2005444
1381,1493,3 7 3,40,2005444
1382,1498,8 11 5,36.5,2005433
1383,1504,4 7 3,39.5,2005348
1384,1491,4 8 4,39.0,2005250
1385,1499,10 8 14,35.0,2005244
1386,1479,1 9 2,40,2005238
1387,1483,1 9 3,40,2005238
1388,1495,4 6 2,40,2005238
1389,1499,4 6 3,40,2005238
1390,1489,7 4 13,37.5,2005148
1391,1497,5 7 4,39.0,2005047
1392,1509,5 6 3,39.5,2005041
1393,1493,8 8 15,35.5,2005034
1394,1490,9 12 15,34.0,2004998
1395,1494,7 5 13,37.0,2004935
1396,1497,7 5 14,37.0,2004935
1397,1491,6 11 6,37.0,2004861
1398,1495,5 8 5,38.5,2004844
1399,1474,0 10 2,40,2004826
1400,1477,0 10 3,40,2004826
1401,1500,5 5 2,40,2004826
1402,1490,10 13 14,33.5,2004798
1403,1497,7 10 6,37.0,2004763
1404,1492,10 11 14,34.0,2004712
1405,1495,10 11 15,34.0,2004712
1406,1475,0 5 10,40,2004569
1407,1489,6 7 5,38.5,2004541
1408,1491,9 10 15,34.5,2004522
1409,1495,11 12 14,33.5,2004516
1410,1492,7 6 14,36.5,2004505
1411,1480,1 4 10,40,2004463
1412,1498,9 7 15,35.5,2004442
1413,1493,5 9 6,38.0,2004432
1414,1488,13 15 12,32.5,2004393
1415,1490,8 14 5,35.5,2004356
1416,1494,8 14 6,35.5,2004356
1417,1496,9 13 5,35.5,2004356
1418,1499,9 13 6,35.5,2004356
1419,1489,10 15 14,33.0,2004307
1420,1490,7 13 6,36.0,2004280
1421,1495,8 12 6,36.0,2004280
1422,1497,11 10 14,34.0,2004235
1423,1488,11 10 15,34.0,2004235
1424,1494,6 8 5,38.0,2004231
1425,1498,6 8 6,38.0,2004231
1426,1494,11 14 14,33.0,2004214
1427,1490,4 4 13,38.5,2004169
1428,1485,2 3 10,40,2004142
1429,1499,8 4 13,37.0,2004122
1430,1489,9 11 6,36.0,2004088
1431,1499,10 14 5,35.0,2004050
1432,1494,9 15 5,35.0,2004050
1433,1489,12 11 14,33.5,2004046
1434,1496,10 9 15,34.5,2004039
1435,1492,4 3 12,39.0,2003948
1436,1499,12 13 14,33.0,2003936
1437,1499,7 7 5,38.0,2003831
1438,1491,7 11 6,36.5,2003821
1439,1494,7 11 7,36.5,2003821
1440,1497,8 5 14,36.5,2003799
1441,1492,6 9 6,37.5,2003711
1442,1490,5 4 13,38.0,2003656
1443,1496,8 10 6,36.5,2003627
1444,1499,8 10 7,36.5,2003627
1445,1491,3 2 10,40,2003608
1446,1492,5 3 12,38.5,2003542
1447,1495,5 3 13,38.5,2003542
1448,1505,4 2 11,39.5,2003512
1449,1492,9 8 15,35.0,2003457
1450,1497,7 8 6,37.5,2003413
1451,1488,11 15 4,34.5,2003362
1452,1494,8 6 15,36.0,2003255
1453,1494,12 15 13,32.5,2003245
1454,1494,5 2 11,39.0,2003211
1455,1497,5 2 12,39.0,2003211
1456,1501,3 7 5,39.5,2003193
1457,1486,2 7 4,40,2003187
1458,1481,1 8 4,40,2003084
1459,1492,3 6 4,40,2003084
1460,1502,4 6 4,39.5,2002987
1461,1506,4 6 5,39.5,2002987
1462,1490,6 10 7,37.0,2002981
1463,1499,13 14 13,32.5,2002971
1464,1493,6 4 14,37.5,2002936
1465,1495,6 3 13,38.0,2002930
1466,1492,8 13 7,35.5,2002916
1467,1496,4 1 10,40,2002861
1468,1497,9 12 7,35.5,2002820
1469,1495,7 9 7,37.0,2002783
1470,1493,9 14 6,35.0,2002780
1471,1496,9 14 7,35.0,2002780
1472,1497,4 5 4,40,2002773
1473,1475,0 9 4,40,2002773
1474,1497,10 7 15,35.0,2002771
1475,1490,6 5 15,37.0,2002724
1476,1497,6 2 12,38.5,2002706
1477,1489,6 2 13,38.5,2002706
1478,1495,5 6 5,39.0,2002686
1479,1498,10 13 6,35.0,2002686
1480,1491,8 15 7,35.0,2002686
1481,1492,7 12 8,36.0,2002669
1482,1510,5 1 11,39.5,2002663
1483,1494,11 11 15,33.5,2002588
1484,1493,5 7 6,38.5,2002587
1485,1507,5 5 4,39.5,2002575
1486,1489,5 5 5,39.5,2002575
1487,1493,8 11 7,36.0,2002572
1488,1497,8 11 8,36.0,2002572
1489,1492,11 13 15,33.0,2002550
1490,1499,9 5 15,36.0,2002454
1491,1489,8 8 7,37.0,2002389
1492,1498,9 10 7,36.0,2002282
1493,1491,5 8 7,38.0,2002278
1494,1499,6 1 11,39.0,2002263
1495,1497,10 15 6,34.5,2002262
1496,1498,6 6 6,38.5,2002181
1497,1497,12 12 15,33.0,2002177
1498,1489,6 5 5,39.0,2002175
1499,1498,7 3 14,37.5,2002112
1500,1498,12 10 15,33.5,2002020
1501,1495,7 4 15,37.0,2002009
1502,1489,7 2 13,38.0,2001996
1503,1496,6 7 7,38.0,2001975
1504,1492,7 10 8,36.5,2001942
1505,1491,11 15 15,32.5,2001934
1506,1492,12 14 14,32.5,2001749
1507,1495,12 14 15,32.5,2001749
1508,1490,7 5 15,36.5,2001685
1509,1498,8 9 8,36.5,2001648
1510,1473,0 4 11,40,2001575
1511,1490,6 8 7,37.5,2001558
1512,1494,6 8 8,37.5,2001558
1513,1497,13 13 14,32.5,2001381
1514,1488,13 13 15,32.5,2001381
1515,1478,1 3 11,40,2001360
1516,1489,8 14 8,35.0,2001340
1517,1495,9 13 8,35.0,2001340
1518,1491,8 12 8,35.5,2001305
1519,1495,7 7 7,37.5,2001158
1520,1499,7 7 8,37.5,2001158
1521,1488,10 12 8,35.0,2001151
1522,1496,9 11 8,35.5,2001114
1523,1489,8 3 15,37.0,2001089
1524,1495,10 14 7,34.5,2000993
1525,1490,9 15 7,34.5,2000993
1526,1483,2 2 11,40,2000930
1527,1490,7 11 9,36.0,2000888
1528,1494,8 4 15,36.5,2000873
1529,1488,11 13 7,34.5,2000806
1530,1479,1 7 5,40,2000756
1531,1484,2 6 5,40,2000756
1532,1490,4 2 13,39.0,2000736
1533,1495,8 10 9,36.0,2000694
1534,1493,7 8 8,37.0,2000631
1535,1495,13 15 14,32.0,2000563
1536,1491,4 6 7,39.0,2000562
1537,1489,8 6 7,37.5,2000558
1538,1491,5 3 15,38.0,2000554
1539,1474,0 8 5,40,2000548
1540,1490,3 5 5,40,2000548
1541,1504,4 5 6,39.5,2000451
1542,1493,5 2 14,38.5,2000331
1543,1489,9 9 9,36.0,2000305
1544,1488,3 1 11,40,2000286
1545,1499,11 15 7,34.0,2000263
1546,1488,14 14 14,32.0,2000201
1547,1502,4 1 12,39.5,2000189
1548,1491,5 6 7,38.5,2000157
1549,1493,5 5 6,39.0,2000151
1550,1496,5 5 7,39.0,2000151
1551,1498,8 7 8,37.0,2000135
1552,1495,4 4 5,40,2000131
1553,1509,5 4 6,39.5,1999934
1554,1491,7 9 9,36.5,1999891
1555,1495,5 1 13,39.0,1999889
1556,1499,9 3 15,36.5,1999859
1557,1490,6 3 15,37.5,1999836
1558,1493,9 12 9,35.0,1999732
1559,1493,6 2 14,38.0,1999720
1560,1496,6 2 15,38.0,1999720
1561,1492,9 14 9,34.5,1999649
1562,1496,6 5 7,38.5,1999647
1563,1493,10 13 8,34.5,1999555
1564,1497,10 13 9,34.5,1999555
1565,1494,6 6 8,38.0,1999546
1566,1498,6 4 6,39.0,1999534
1567,1492,8 11 10,35.5,1999526
1568,1500,5 3 5,40,1999505
1569,1496,8 8 9,36.5,1999497
1570,1498,10 11 9,35.0,1999446
1571,1493,4 0 11,40,1999426
1572,1498,6 1 14,38.5,1999384
1573,1489,12 15 15,32.0,1999344
1574,1498,11 12 8,34.5,1999273
1575,1494,9 10 9,35.5,1999237
1576,1497,9 10 10,35.5,1999237
1577,1492,6 7 9,37.5,1999233
1578,1507,5 0 12,39.5,1999229
1579,1492,10 15 8,34.0,1999087
1580,1493,13 14 15,32.0,1999070
1581,1497,11 14 8,34.0,1998995
1582,1499,7 5 8,38.0,1998938
1583,1495,7 2 15,37.5,1998903
1584,1489,6 0 13,39.0,1998830
1585,1499,10 9 9,35.5,1998754
1586,1497,7 6 9,37.5,1998730
1587,1490,6 8 10,37.0,1998706
1588,1497,7 1 14,38.0,1998676
1589,1493,8 9 10,36.0,1998644
1590,1498,14 13 15,32.0,1998613
1591,1471,0 3 12,40,1998409
1592,1474,0 3 13,40,1998409
1593,1491,7 7 9,37.0,1998307
1594,1495,7 7 10,37.0,1998307
1595,1477,1 6 6,40,1998257
1596,1497,7 12 0,37.5,1998209
1597,1498,6 10 0,38.5,1998161
1598,1493,5 11 0,38.5,1998161
1599,1498,9 8 10,36.0,1998155
1600,1472,0 7 6,40,1998152
1601,1483,2 5 6,40,1998152
1602,1490,9 13 10,34.5,1998136
1603,1492,6 13 0,37.5,1998113
1604,1476,1 2 12,40,1998085
1605,1479,1 2 13,40,1998085
1606,1497,12 15 7,33.5,1998052
1607,1489,12 15 8,33.5,1998052
1608,1491,9 11 10,35.0,1997953
1609,1495,10 12 10,34.5,1997947
1610,1488,3 4 6,40,1997837
1611,1489,8 1 15,37.5,1997764
1612,1490,10 14 9,34.0,1997744
1613,1494,10 14 10,34.0,1997744
1614,1502,4 4 7,39.5,1997741
1615,1496,8 6 9,37.0,1997708
1616,1488,8 6 10,37.0,1997708
1617,1492,7 8 11,36.5,1997669
1618,1496,14 15 15,31.5,1997667
1619,1491,8 10 11,35.5,1997577
1620,1496,10 10 10,35.0,1997571
1621,1488,11 11 10,34.5,1997570
1622,1495,11 13 9,34.0,1997558
1623,1499,11 13 10,34.0,1997558
1624,1492,5 5 9,38.5,1997553
1625,1492,6 11 0,38.0,1997551
1626,1481,2 1 12,40,1997544
1627,1485,2 1 13,40,1997544
1628,1497,7 10 0,38.0,1997453
1629,1494,5 4 8,39.0,1997441
1630,1493,4 3 6,40,1997313
1631,1495,8 14 0,36.5,1997260
1632,1489,9 13 0,36.5,1997260
1633,1495,9 9 11,35.5,1997189
1634,1496,8 12 0,37.0,1997188
1635,1491,7 13 0,37.0,1997188
1636,1495,7 13 1,37.0,1997188
1637,1489,8 12 1,37.0,1997188
1638,1488,12 12 9,34.0,1997186
1639,1494,8 7 10,36.5,1997174
1640,1497,8 7 11,36.5,1997174
1641,1507,5 3 7,39.5,1997116
1642,1490,7 15 0,36.5,1997071
1643,1494,11 15 9,33.5,1996969
1644,1499,9 15 0,36.0,1996952
1645,1491,5 1 15,38.5,1996946
1646,1492,6 5 9,38.0,1996943
1647,1494,6 4 8,38.5,1996937
1648,1498,6 4 9,38.5,1996937
1649,1493,5 9 0,39.0,1996916
1650,1486,3 0 12,40,1996788
1651,1490,3 0 13,40,1996788
1652,1499,12 14 9,33.5,1996786
1653,1490,6 12 1,37.5,1996735
1654,1490,6 6 10,37.5,1996735
1655,1495,7 11 1,37.5,1996735
1656,1499,6 3 8,39.0,1996717
1657,1498,6 8 0,39.0,1996717
1658,1489,10 8 11,35.5,1996607
1659,1498,5 2 6,40,1996578
1660,1489,8 10 1,37.5,1996541
1661,1491,5 10 1,38.5,1996512
1662,1499,9 6 10,36.5,1996480
1663,1491,8 8 11,36.0,1996424
1664,1496,6 9 1,38.5,1996413
1665,1493,5 0 14,39.0,1996392
1666,1492,10 13 11,34.0,1996233
1667,1497,7 4 9,38.0,1996230
1668,1493,10 11 11,34.5,1996171
1669,1495,7 5 10,37.5,1996128
1670,1499,7 3 8,38.5,1996116
1671,1494,8 13 1,36.5,1996055
1672,1497,8 13 2,36.5,1996055
1673,1489,9 10 11,35.0,1996006
1674,1493,9 10 12,35.0,1996006
1675,1492,7 14 2,36.5,1995960
1676,1499,9 12 1,36.5,1995960
1677,1497,11 12 11,34.0,1995952
1678,1498,9 14 1,36.0,1995920
1679,1491,6 10 1,38.0,1995902
1680,1494,6 10 2,38.0,1995902
1681,1496,6 0 15,38.5,1995888
1682,1496,9 7 11,36.0,1995834
1683,1493,8 15 1,36.0,1995826
1684,1493,7 12 2,37.0,1995810
1685,1493,7 6 11,37.0,1995810
1686,1498,8 11 2,37.0,1995714
1687,1496,7 9 1,38.0,1995705
1688,1499,7 9 2,38.0,1995705
1689,1498,11 10 11,34.5,1995696
1690,1499,13 15 8,33.0,1995630
1691,1492,11 14 10,33.5,1995627
1692,1470,0 6 7,40,1995585
1693,1473,0 6 8,40,1995585
1694,1475,1 5 7,40,1995585
1695,1479,1 5 8,40,1995585
1696,1494,10 9 11,35.0,1995524
1697,1498,10 9 12,35.0,1995524
1698,1498,10 15 0,35.5,1995404
1699,1488,3 8 0,40,1995389
1700,1481,2 4 7,40,1995374
1701,1484,2 4 8,40,1995374
1702,1497,12 13 10,33.5,1995350
1703,1489,8 4 10,37.5,1995319
1704,1502,4 8 1,39.5,1995293
1705,1483,2 9 0,40,1995287
1706,1493,4 7 0,40,1995287
1707,1490,7 7 12,36.5,1995277
1708,1492,6 11 3,37.5,1995185
1709,1498,8 5 11,37.0,1995107
1710,1504,5 7 0,39.5,1995091
1711,1508,5 7 1,39.5,1995091
1712,1494,7 10 2,37.5,1995087
1713,1497,7 10 3,37.5,1995087
1714,1472,0 2 14,40,1995072
1715,1491,5 8 1,39.0,1994993
1716,1495,5 8 2,39.0,1994993
1717,1477,1 10 0,40,1994982
1718,1498,5 6 0,40,1994982
1719,1494,9 8 12,35.5,1994970
1720,1486,3 3 7,40,1994952
1721,1489,3 3 8,40,1994952
1722,1499,11 8 11,35.0,1994851
1723,1499,8 9 2,37.5,1994795
1724,1490,5 4 10,38.5,1994776
1725,1491,8 14 2,36.0,1994716
1726,1496,9 13 2,36.0,1994716
1727,1496,6 7 1,39.0,1994692
1728,1489,6 7 2,39.0,1994692
1729,1509,6 6 0,39.5,1994686
1730,1490,7 13 3,36.5,1994679
1731,1495,8 6 12,36.5,1994679
1732,1496,8 12 3,36.5,1994679
1733,1495,12 15 10,33.0,1994639
1734,1477,1 1 14,40,1994637
1735,1490,9 11 13,34.5,1994607
1736,1492,5 3 9,39.0,1994556
1737,1490,10 12 12,34.0,1994554
1738,1495,6 8 2,38.5,1994490
1739,1472,0 11 0,40,1994473
1740,1492,9 15 1,35.5,1994373
1741,1495,9 15 2,35.5,1994373
1742,1497,10 14 1,35.5,1994373
1743,1489,10 14 2,35.5,1994373
1744,1488,13 14 10,33.0,1994366
1745,1491,4 2 7,40,1994318
1746,1494,4 2 8,40,1994318
1747,1489,10 14 12,33.5,1994304
1748,1498,10 7 12,35.5,1994287
1749,1491,7 11 3,37.0,1994261
1750,1491,10 10 12,34.5,1994225
1751,1495,10 10 13,34.5,1994225
1752,1495,11 11 12,34.0,1994177
1753,1490,6 4 10,38.0,1994167
1754,1493,6 4 11,38.0,1994167
1755,1505,5 2 8,39.5,1994122
1756,1490,11 13 11,33.5,1994118
1757,1494,11 13 12,33.5,1994118
1758,1489,7 7 2,38.5,1994091
1759,1492,6 9 3,38.0,1994080
1760,1496,8 10 3,37.0,1994067
1761,1491,6 5 12,37.5,1994065
1762,1495,6 3 10,38.5,1994053
1763,1489,8 7 12,36.0,1994033
1764,1493,8 7 13,36.0,1994033
1765,1482,2 0 14,40,1993985
1766,1491,9 9 13,35.0,1993889
1767,1489,9 5 12,36.5,1993881
1768,1498,7 8 3,38.0,1993783
1769,1495,12 12 11,33.5,1993746
1770,1499,12 12 12,33.5,1993746
1771,1497,6 2 9,39.0,1993724
1772,1496,11 9 12,34.5,1993652
1773,1488,11 9 13,34.5,1993652
1774,1489,11 15 1,35.0,1993649
1775,1488,12 10 12,34.0,1993612
1776,1489,11 15 11,33.0,1993482
1777,1496,5 1 7,40,1993474
1778,1499,5 1 8,40,1993474
1779,1490,6 10 4,37.5,1993462
1780,1490,8 13 3,36.0,1993435
1781,1493,8 13 4,36.0,1993435
1782,1493,7 4 11,37.5,1993353
1783,1496,7 4 12,37.5,1993353
1784,1495,7 3 10,38.0,1993346
1785,1498,7 3 11,38.0,1993346
1786,1495,9 12 3,36.0,1993341
1787,1494,9 6 12,36.0,1993341
1788,1498,9 6 13,36.0,1993341
1789,1498,9 12 4,36.0,1993341
1790,1496,10 8 13,35.0,1993308
1791,1494,12 14 11,33.0,1993299
1792,1481,2 8 1,40,1993290
1793,1486,3 7 1,40,1993290
1794,1495,7 9 4,37.5,1993266
1795,1494,9 14 3,35.5,1993264
1796,1501,4 7 2,39.5,1993194
1797,1488,13 11 11,33.5,1993189
1798,1510,6 1 8,39.5,1993179
1799,1499,10 13 3,35.5,1993170
1800,1490,8 8 14,35.5,1993170
1801,1491,7 5 12,37.0,1993142
1802,1494,8 11 4,36.5,1993130
1803,1489,7 2 10,38.5,1993123
1804,1476,1 9 1,40,1993085
1805,1492,4 6 1,40,1993085
1806,1488,10 11 3,36.0,1993056
1807,1488,14 15 9,32.5,1992998
1808,1499,13 13 11,33.0,1992932
1809,1493,5 7 3,39.0,1992895
1810,1506,5 6 2,39.5,1992889
1811,1489,8 8 4,37.5,1992873
1812,1471,0 5 9,40,1992847
1813,1499,9 10 4,36.5,1992842
1814,1477,1 4 9,40,1992741
1815,1494,10 15 2,35.0,1992711
1816,1497,10 15 3,35.0,1992711
1817,1491,5 8 4,38.5,1992693
1818,1470,0 10 1,40,1992676
1819,1497,5 5 1,40,1992676
1820,1499,11 14 2,35.0,1992619
1821,1492,9 7 13,35.5,1992581
1822,1495,9 7 14,35.5,1992581
1823,1490,7 10 4,37.0,1992539
1824,1493,7 10 5,37.0,1992539
1825,1498,6 6 3,39.0,1992491
1826,1499,10 5 12,36.0,1992450
1827,1492,11 12 13,33.5,1992441
1828,1498,8 3 11,37.5,1992437
1829,1482,2 3 9,40,1992422
1830,1493,6 7 3,38.5,1992392
1831,1496,6 7 4,38.5,1992392
1832,1489,6 5 2,39.5,1992381
1833,1495,8 4 12,37.0,1992333
1834,1489,8 2 10,38.0,1992321
1835,1495,8 9 4,37.0,1992247
1836,1498,8 9 5,37.0,1992247
1837,1493,11 10 13,34.0,1992233
1838,1493,10 9 14,34.5,1992110
1839,1494,13 15 10,32.5,1992096
1840,1497,13 15 11,32.5,1992096
1841,1491,6 8 4,38.0,1992084
1842,1491,11 14 13,33.0,1992067
1843,1493,8 5 13,36.5,1992012
1844,1491,8 12 5,36.0,1991984
1845,1492,9 13 4,35.5,1991984
1846,1497,12 11 13,33.5,1991973
1847,1487,3 2 9,40,1991891
1848,1498,7 6 3,38.5,1991891
1849,1496,10 6 13,35.5,1991795
1850,1488,10 6 14,35.5,1991795
1851,1497,10 12 4,35.5,1991795
1852,1501,4 2 10,39.5,1991795
1853,1497,9 11 5,36.0,1991793
1854,1492,12 13 12,33.0,1991791
1855,1495,12 13 13,33.0,1991791
1856,1488,9 8 4,37.0,1991760
1857,1498,14 14 10,32.5,1991735
1858,1496,7 7 4,38.0,1991686
1859,1496,10 14 4,35.0,1991603
1860,1491,9 15 4,35.0,1991603
1861,1498,12 9 13,34.0,1991570
1862,1470,0 1 15,40,1991563
1863,1490,5 2 10,39.0,1991496
1864,1491,8 6 14,36.0,1991471
1865,1498,11 8 14,34.5,1991437
1866,1492,8 10 5,36.5,1991409
1867,1497,13 12 12,33.0,1991330
1868,1488,13 12 13,33.0,1991330
1869,1489,9 3 12,37.0,1991323
1870,1494,7 8 5,37.5,1991271
1871,1491,6 3 12,38.0,1991217
1872,1492,4 1 9,40,1991148
1873,1479,2 7 2,40,1991120
1874,1483,2 7 3,40,1991120
1875,1498,9 4 13,36.5,1991109
1876,1490,12 15 12,32.5,1991030
1877,1497,9 9 5,36.5,1991023
1878,1475,1 0 15,40,1991017
1879,1474,1 8 2,40,1991017
1880,1477,1 8 3,40,1991017
1881,1484,3 6 2,40,1991017
1882,1488,3 6 3,40,1991017
1883,1493,6 2 11,38.5,1990994
1884,1503,5 1 9,39.5,1990952
1885,1506,5 1 10,39.5,1990952
1886,1494,10 7 14,35.0,1990921
1887,1496,11 15 3,34.5,1990841
1888,1499,8 7 5,37.5,1990777
1889,1495,13 14 12,32.5,1990758
1890,1490,4 5 2,40,1990708
1891,1493,4 5 3,40,1990708
1892,1468,0 9 2,40,1990708
1893,1472,0 9 3,40,1990708
1894,1490,10 10 15,34.0,1990693
1895,1496,9 5 14,36.0,1990675
1896,1491,7 9 6,37.0,1990645
1897,1491,5 6 4,39.0,1990622
1898,1490,11 11 14,33.5,1990596
1899,1495,6 1 10,39.0,1990554
1900,1490,9 12 5,35.5,1990533
1901,1494,9 12 6,35.5,1990533
1902,1504,5 5 3,39.5,1990512
1903,1489,11 13 14,33.0,1990487
1904,1489,9 14 5,35.0,1990417
1905,1494,7 3 13,37.5,1990404
1906,1490,8 11 6,36.0,1990361
1907,1494,10 13 5,35.0,1990324
1908,1488,14 13 12,32.5,1990303
1909,1492,7 4 14,37.0,1990301
1910,1496,7 2 12,38.0,1990288
1911,1496,8 8 6,37.0,1990253
1912,1495,10 11 5,35.5,1990249
1913,1499,10 11 6,35.5,1990249
1914,1497,5 0 9,40,1990192
1915,1495,5 4 2,40,1990192
1916,1498,5 4 3,40,1990192
1917,1491,11 9 14,34.0,1990121
1918,1495,11 9 15,34.0,1990121
1919,1494,6 6 5,38.5,1990120
1920,1494,12 12 14,33.0,1990116
1921,1496,6 5 4,39.0,1990114
1922,1495,9 10 6,36.0,1990073
1923,1499,11 12 5,35.0,1990044
1924,1499,11 6 14,35.0,1990044
1925,1495,12 10 14,33.5,1990032
1926,1493,9 6 15,35.5,1990021
1927,1498,7 1 11,38.5,1989955
1928,1469,0 4 10,40,1989938
1929,1492,6 7 6,38.0,1989915
1930,1508,6 0 9,39.5,1989898
1931,1490,6 0 10,39.5,1989898
1932,1509,6 4 3,39.5,1989898
1933,1491,10 8 15,34.5,1989826
1934,1489,10 15 4,34.5,1989826
1935,1493,10 15 5,34.5,1989826
1936,1489,11 10 5,35.5,1989776
1937,1494,11 14 4,34.5,1989733
1938,1498,11 14 5,34.5,1989733
1939,1475,1 3 10,40,1989724
1940,1489,10 4 14,36.0,1989680
1941,1489,12 14 13,32.5,1989618
1942,1488,10 9 6,36.0,1989593
1943,1498,13 11 14,33.0,1989559
1944,1491,8 9 6,36.5,1989517
1945,1494,8 9 7,36.5,1989517
1946,1499,7 5 5,38.5,1989515
1947,1500,6 3 2,40,1989471
1948,1499,12 13 4,34.5,1989457
1949,1494,7 6 5,38.0,1989415
1950,1497,7 6 6,38.0,1989415
1951,1489,7 0 10,39.0,1989403
1952,1493,8 3 13,37.0,1989386
1953,1497,8 3 14,37.0,1989386
1954,1499,8 2 13,37.5,1989380
1955,1496,12 8 14,34.0,1989358
1956,1488,12 8 15,34.0,1989358
1957,1495,14 15 11,32.0,1989341
1958,1498,14 15 12,32.0,1989341
1959,1480,2 2 10,40,1989297
1960,1488,13 9 14,33.5,1989279
1961,1494,13 13 13,32.5,1989252
1962,1491,8 4 14,36.5,1989172
1963,1498,10 5 15,35.5,1989132
1964,1492,7 7 6,37.5,1989103
1965,1491,9 13 7,35.0,1989062
1966,1496,11 7 15,34.5,1989052
1967,1495,9 8 6,36.5,1989030
1968,1499,9 8 7,36.5,1989030
1969,1492,9 11 7,35.5,1988912
1970,1488,15 14 11,32.0,1988893
1971,1493,10 12 6,35.0,1988874
1972,1496,10 12 7,35.0,1988874
1973,1476,1 7 4,40,1988776
1974,1481,2 6 4,40,1988776
1975,1498,12 15 4,34.0,1988762
1976,1499,8 5 5,38.0,1988714
1977,1498,14 12 13,32.5,1988703
1978,1490,5 2 13,38.5,1988701
1979,1485,3 1 10,40,1988656
1980,1491,10 14 6,34.5,1988641
1981,1490,7 8 7,37.0,1988579
1982,1470,0 8 4,40,1988569
1983,1486,3 5 4,40,1988569
1984,1492,8 10 8,36.0,1988568
1985,1497,10 10 7,35.5,1988531
1986,1497,8 6 6,37.5,1988507
1987,1498,11 11 6,35.0,1988499
1988,1496,11 13 6,34.5,1988456
1989,1492,13 15 13,32.0,1988365
1990,1492,10 6 15,35.0,1988363
1991,1489,10 7 6,36.5,1988349
1992,1492,12 11 15,33.0,1988273
1993,1498,9 2 13,37.0,1988268
1994,1492,5 1 12,39.0,1988262
1995,1493,9 9 7,36.0,1988182
1996,1497,9 9 8,36.0,1988182
1997,1496,9 3 14,36.5,1988164
1998,1491,4 4 4,40,1988154
1999,1495,8 7 7,37.0,1988086
2000,1489,12 6 15,34.5,1988085
2001,1490,12 13 15,32.5,1988039
2002,1497,14 14 13,32.0,1988004
2003,1502,5 4 4,39.5,1987958
2004,1505,5 4 5,39.5,1987958
2005,1493,12 9 15,33.5,1987921
2006,1492,11 15 5,34.0,1987839
2007,1495,11 15 6,34.0,1987839
2008,1493,9 4 15,36.0,1987838
2009,1490,4 0 10,40,1987802
2010,1491,6 1 12,38.5,1987760
2011,1495,6 1 13,38.5,1987760
2012,1493,6 5 6,38.5,1987673
2013,1496,12 14 5,34.0,1987656
2014,1488,12 14 6,34.0,1987656
2015,1497,13 10 15,33.0,1987620
2016,1504,5 0 11,39.5,1987606
2017,1498,10 8 7,36.0,1987602
2018,1492,13 12 14,32.5,1987579
2019,1495,13 12 15,32.5,1987579
2020,1491,6 6 7,38.0,1987573
2021,1494,6 4 5,39.0,1987561
2022,1489,9 12 8,35.0,1987538
2023,1496,5 3 4,40,1987532
2024,1492,8 8 8,36.5,1987452
2025,1499,9 6 7,37.0,1987396
2026,1496,11 5 15,35.0,1987383
2027,1490,7 3 15,37.0,1987288
2028,1490,10 13 7,34.5,1987287
2029,1492,7 2 14,37.5,1987282
2030,1494,10 11 8,35.0,1987255
2031,1507,6 3 4,39.5,1987237
2032,1489,6 3 5,39.5,1987237
2033,1493,6 0 11,39.0,1987209
2034,1496,6 0 12,39.0,1987209
2035,1490,9 10 8,35.5,1987120
2036,1498,13 8 15,33.5,1987069
2037,1494,7 1 13,38.0,1987056
2038,1495,11 12 7,34.5,1987008
2039,1495,7 5 7,38.0,1986968
2040,1497,7 4 6,38.5,1986962
2041,1490,13 14 14,32.0,1986954
2042,1497,14 11 14,32.5,1986935
2043,1488,14 11 15,32.5,1986935
2044,1497,9 7 8,36.5,1986864
2045,1467,0 3 11,40,1986857
2046,1499,11 10 8,35.0,1986782
2047,1490,7 6 7,37.5,1986761
2048,1493,7 6 8,37.5,1986761
2049,1499,7 3 5,39.0,1986743
2050,1498,10 3 15,36.0,1986737
2051,1493,11 14 7,34.0,1986655
2052,1495,10 9 8,35.5,1986641
2053,1496,7 0 12,38.5,1986610
2054,1499,7 0 13,38.5,1986610
2055,1490,8 9 9,36.0,1986604
2056,1488,12 11 7,34.5,1986542
2057,1473,1 2 11,40,1986535
2058,1495,14 13 14,32.0,1986501
2059,1488,13 15 5,33.5,1986475
2060,1498,12 13 7,34.0,1986380
2061,1496,15 15 12,31.5,1986373
2062,1487,15 15 13,31.5,1986373
2063,1474,1 6 5,40,1986363
2064,1495,8 2 15,37.0,1986266
2065,1468,0 7 5,40,1986258
2066,1479,2 5 5,40,1986258
2067,1489,8 4 7,38.0,1986163
2068,1497,8 1 14,37.5,1986149
2069,1495,9 8 9,36.0,1986118
2070,1495,8 5 7,37.5,1986062
2071,1498,8 5 8,37.5,1986062
2072,1478,2 1 11,40,1985998
2073,1489,11 8 8,35.5,1985970
2074,1484,3 4 5,40,1985945
2075,1488,15 12 14,32.0,1985865
2076,1499,8 0 13,38.0,1985811
2077,1492,10 12 9,34.5,1985765
2078,1493,8 6 8,37.0,1985746
2079,1493,12 15 6,33.5,1985642
2080,1491,5 4 7,39.0,1985551
2081,1493,14 15 14,31.5,1985486
2082,1493,10 10 9,35.0,1985464
2083,1488,10 7 9,36.0,1985438
2084,1489,4 3 5,40,1985424
2085,1493,11 11 8,34.5,1985389
2086,1496,11 11 9,34.5,1985389
2087,1498,13 14 6,33.5,1985370
2088,1492,11 13 8,34.0,1985303
2089,1483,3 0 11,40,1985246
2090,1503,5 3 6,39.5,1985228
2091,1490,8 7 9,36.5,1985215
2092,1489,9 4 7,37.5,1985162
2093,1492,9 9 10,35.5,1985157
2094,1491,6 4 7,38.5,1985051
2095,1494,9 2 15,36.5,1985045
2096,1499,9 1 15,37.0,1985039
2097,1498,15 14 14,31.5,1985039
2098,1497,9 5 8,37.0,1984952
2099,1497,12 12 8,34.0,1984933
2100,1497,11 9 9,35.0,1984893
2101,1492,6 3 6,39.0,1984832
2102,1496,6 3 7,39.0,1984832
2103,1493,14 12 15,32.0,1984830
2104,1498,12 10 8,34.5,1984827
2105,1490,6 1 15,38.0,1984796
2106,1494,5 2 5,40,1984694
2107,1490,11 15 8,33.5,1984642
2108,1493,10 8 9,35.5,1984579
2109,1497,10 8 10,35.5,1984579
2110,1495,9 6 9,36.5,1984525
2111,1492,12 14 7,33.5,1984460
2112,1495,12 14 8,33.5,1984460
2113,1508,6 2 6,39.5,1984400
2114,1492,6 0 14,38.5,1984351
2115,1494,7 4 8,38.0,1984347
2116,1492,7 11 0,37.5,1984333
2117,1491,7 5 9,37.5,1984246
2118,1495,7 3 7,38.5,1984234
2119,1497,8 10 0,37.5,1984140
2120,1498,15 11 15,32.0,1984100
2121,1497,13 13 7,33.5,1984095
2122,1488,13 13 8,33.5,1984095
2123,1493,6 9 0,38.5,1984089
2124,1491,14 14 15,31.5,1984077
2125,1490,10 11 10,34.5,1984073
2126,1490,7 1 15,37.5,1983986
2127,1497,7 2 6,39.0,1983906
2128,1493,9 7 10,36.0,1983883
2129,1498,11 7 9,35.5,1983807
2130,1498,7 8 0,38.5,1983794
2131,1490,11 12 9,34.0,1983782
2132,1494,11 12 10,34.0,1983782
2133,1467,0 6 6,40,1983777
2134,1472,1 5 6,40,1983777
2135,1499,6 1 5,40,1983755
2136,1498,10 1 15,36.5,1983726
2137,1492,7 0 14,38.0,1983648
2138,1495,7 0 15,38.0,1983648
2139,1489,10 5 9,36.5,1983639
2140,1465,0 2 12,40,1983606
2141,1469,0 2 13,40,1983606
2142,1495,11 10 10,34.5,1983601
2143,1490,8 13 0,36.5,1983580
2144,1477,2 4 6,40,1983567
2145,1496,15 13 15,31.5,1983537
2146,1491,10 9 10,35.0,1983503
2147,1495,9 12 0,36.5,1983486
2148,1496,8 4 9,37.5,1983442
2149,1498,8 3 8,38.0,1983435
2150,1492,7 9 0,38.0,1983386
2151,1494,9 14 0,36.0,1983367
2152,1491,8 11 0,37.0,1983318
2153,1494,8 11 1,37.0,1983318
2154,1495,12 11 9,34.0,1983316
2155,1498,12 11 10,34.0,1983316
2156,1499,10 13 0,36.0,1983274
2157,1495,13 15 7,33.0,1983235
2158,1491,8 5 9,37.0,1983232
2159,1494,8 5 10,37.0,1983232
2160,1489,8 2 7,38.5,1983213
2161,1489,10 11 0,36.5,1983203
2162,1470,1 1 12,40,1983173
2163,1474,1 1 13,40,1983173
2164,1482,3 3 6,40,1983147
2165,1494,12 13 9,33.5,1983109
2166,1498,10 6 10,36.0,1983101
2167,1496,9 10 0,37.0,1983031
2168,1488,9 10 1,37.0,1983031
2169,1490,9 8 11,35.5,1983024
2170,1497,8 8 0,38.0,1982996
2171,1499,12 9 10,34.5,1982940
2172,1488,14 14 7,33.0,1982875
2173,1496,11 8 10,35.0,1982833
2174,1492,8 6 11,36.5,1982806
2175,1490,7 10 1,37.5,1982772
2176,1494,8 0 15,37.5,1982743
2177,1488,13 10 9,34.0,1982665
2178,1498,13 12 9,33.5,1982650
2179,1476,2 0 12,40,1982525
2180,1479,2 0 13,40,1982525
2181,1487,4 2 6,40,1982518
2182,1495,8 9 1,37.5,1982481
2183,1493,6 7 0,39.0,1982455
2184,1491,15 15 14,31.0,1982393
2185,1494,15 15 15,31.0,1982393
2186,1495,10 7 11,35.5,1982345
2187,1495,9 4 9,37.0,1982333
2188,1499,9 4 10,37.0,1982333
2189,1492,12 15 9,33.0,1982326
2190,1501,5 2 7,39.5,1982322
2191,1492,8 12 2,36.5,1982289
2192,1492,6 3 9,38.5,1982254
2193,1491,6 8 1,38.5,1982254
2194,1493,9 13 1,36.0,1982249
2195,1494,9 11 1,36.5,1982100
2196,1497,9 11 2,36.5,1982100
2197,1492,11 11 11,34.0,1982091
2198,1498,10 12 1,36.0,1982062
2199,1493,13 14 8,33.0,1982055
2200,1497,13 14 9,33.0,1982055
2201,1493,9 5 10,36.5,1982013
2202,1497,9 5 11,36.5,1982013
2203,1489,9 8 1,37.5,1981996
2204,1489,12 7 10,35.0,1981972
2205,1498,7 6 0,39.0,1981956
2206,1494,6 2 8,39.0,1981926
2207,1496,7 7 1,38.5,1981858
2208,1493,10 14 0,35.5,1981830
2209,1493,8 10 2,37.0,1981758
2210,1499,10 10 1,36.5,1981720
2211,1492,5 1 6,40,1981678
2212,1498,11 13 0,35.5,1981645
2213,1493,11 9 11,34.5,1981642
2214,1498,14 13 8,33.0,1981602
2215,1492,12 12 10,33.5,1981589
2216,1491,7 3 9,38.0,1981551
2217,1490,7 8 1,38.0,1981551
2218,1494,7 8 2,38.0,1981551
2219,1497,12 10 11,34.0,1981529
2220,1491,9 6 11,36.0,1981475
2221,1488,11 6 11,35.5,1981472
2222,1506,6 1 7,39.5,1981385
2223,1498,9 9 2,37.0,1981373
2224,1492,10 8 12,35.0,1981372
2225,1493,7 2 8,38.5,1981330
2226,1497,7 2 9,38.5,1981330
2227,1499,15 15 6,32.5,1981275
2228,1489,10 3 9,37.0,1981235
2229,1477,2 8 0,40,1981136
2230,1483,3 7 0,40,1981136
2231,1465,0 5 7,40,1981124
2232,1468,0 5 8,40,1981124
2233,1490,12 14 10,33.0,1981070
2234,1495,8 7 1,38.0,1981060
2235,1499,8 7 2,38.0,1981060
2236,1492,7 9 3,37.5,1981037
2237,1497,13 11 10,33.5,1981035
2238,1497,11 15 0,35.0,1981031
2239,1498,10 4 10,36.5,1981022
2240,1470,1 4 7,40,1981019
2241,1473,1 4 8,40,1981019
2242,1491,9 12 2,36.0,1980960
2243,1472,1 9 0,40,1980932
2244,1488,4 6 0,40,1980932
2245,1499,7 1 8,39.0,1980892
2246,1498,12 8 11,34.5,1980882
2247,1490,8 11 3,36.5,1980827
2248,1490,9 14 2,35.5,1980806
2249,1502,5 6 1,39.5,1980737
2250,1492,10 13 1,35.5,1980713
2251,1495,10 13 2,35.5,1980713
2252,1495,13 13 10,33.0,1980705
2253,1475,2 3 7,40,1980702
2254,1479,2 3 8,40,1980702
2255,1496,10 11 2,36.0,1980677
2256,1494,8 3 10,37.5,1980647
2257,1493,8 8 2,37.5,1980647
2258,1497,8 8 3,37.5,1980647
2259,1497,6 0 6,40,1980629
2260,1497,14 15 8,32.5,1980619
2261,1494,11 7 11,35.0,1980602
2262,1497,11 7 12,35.0,1980602
2263,1496,10 5 11,36.0,1980590
2264,1492,8 4 11,37.0,1980545
2265,1495,9 10 3,36.5,1980540
2266,1496,8 2 9,38.0,1980532
2267,1467,0 10 0,40,1980525
2268,1493,5 5 0,40,1980525
2269,1496,11 12 1,35.5,1980434
2270,1489,11 12 2,35.5,1980434
2271,1489,9 6 1,38.0,1980372
2272,1491,6 6 1,39.0,1980342
2273,1495,6 6 2,39.0,1980342
2274,1490,7 0 7,39.5,1980239
2275,1490,11 10 12,34.0,1980232
2276,1504,6 5 0,39.5,1980232
2277,1507,6 5 1,39.5,1980232
2278,1490,8 5 12,36.5,1980225
2279,1498,8 1 8,38.5,1980200
2280,1466,0 1 14,40,1980183
2281,1490,10 9 13,34.5,1980181
2282,1490,10 15 1,35.0,1980178
2283,1480,3 2 7,40,1980174
2284,1484,3 2 8,40,1980174
2285,1488,14 12 10,33.0,1980159
2286,1495,11 14 1,35.0,1980087
2287,1489,10 9 3,36.5,1980063
2288,1498,9 7 2,37.5,1980062
2289,1491,8 9 3,37.0,1980024
2290,1493,10 6 12,35.5,1979940
2291,1498,6 4 0,40,1979914
2292,1490,12 11 11,33.5,1979901
2293,1494,12 11 12,33.5,1979901
2294,1489,12 13 1,35.0,1979812
2295,1490,13 15 9,32.5,1979799
2296,1494,7 6 2,38.5,1979745
2297,1496,7 5 1,39.0,1979740
2298,1489,7 5 2,39.0,1979740
2299,1472,1 0 14,40,1979640
2300,1498,12 6 11,35.0,1979639
2301,1495,12 9 12,34.0,1979572
2302,1492,7 7 3,38.0,1979542
2303,1496,9 8 3,37.0,1979540
2304,1497,9 3 11,37.0,1979540
2305,1499,9 2 10,37.5,1979534
2306,1509,7 4 0,39.5,1979524
2307,1491,11 8 12,34.5,1979512
2308,1494,11 8 13,34.5,1979512
2309,1489,11 4 11,36.0,1979509
2310,1489,9 11 3,36.0,1979498
2311,1493,9 11 4,36.0,1979498
2312,1495,14 14 9,32.5,1979440
2313,1485,4 1 7,40,1979435
2314,1489,4 1 8,40,1979435
2315,1493,10 12 3,35.5,1979424
2316,1495,9 4 12,36.5,1979327
2317,1490,6 2 10,38.5,1979282
2318,1495,13 10 11,33.5,1979250
2319,1498,13 10 12,33.5,1979250
2320,1493,13 12 11,33.0,1979188
2321,1492,10 14 3,35.0,1979155
2322,1490,7 8 4,37.5,1979129
2323,1494,10 10 3,36.0,1979119
2324,1498,10 10 4,36.0,1979119
2325,1495,12 15 0,34.5,1979081
2326,1499,12 15 1,34.5,1979081
2327,1490,10 7 13,35.0,1979070
2328,1476,2 7 1,40,1979052
2329,1498,11 11 3,35.5,1979050
2330,1499,8 5 2,38.5,1979048
2331,1494,11 13 2,35.0,1978971
2332,1497,11 13 3,35.0,1978971
2333,1498,11 5 12,35.5,1978964
2334,1470,1 8 1,40,1978950
2335,1481,3 6 1,40,1978950
2336,1497,8 6 3,38.0,1978949
2337,1488,15 13 9,32.5,1978901
2338,1492,9 5 13,36.0,1978896
2339,1492,6 1 9,39.0,1978845
2340,1489,13 14 0,34.5,1978810
2341,1494,9 9 4,36.5,1978808
2342,1499,13 8 12,34.0,1978724
2343,1491,7 3 12,37.5,1978696
2344,1496,12 7 12,34.5,1978652
2345,1499,12 7 13,34.5,1978652
2346,1486,4 5 1,40,1978643
2347,1465,0 9 1,40,1978643
2348,1495,8 7 4,37.5,1978638
2349,1499,12 12 2,35.0,1978602
2350,1493,7 2 11,38.0,1978581
2351,1499,11 9 3,36.0,1978550
2352,1498,14 11 11,33.0,1978546
2353,1492,13 14 11,32.5,1978544
2354,1490,5 0 7,40,1978485
2355,1494,5 0 8,40,1978485
2356,1488,14 9 11,33.5,1978414
2357,1492,11 15 2,34.5,1978320
2358,1466,0 4 9,40,1978301
2359,1495,7 1 10,38.5,1978249
2360,1490,9 6 14,35.5,1978246
2361,1499,10 8 4,36.5,1978231
2362,1499,10 3 12,36.5,1978231
2363,1495,11 6 13,35.0,1978198
2364,1504,6 0 8,39.5,1978192
2365,1497,12 14 2,34.5,1978138
2366,1491,5 4 1,40,1978131
2367,1493,8 8 5,37.0,1978117
2368,1493,14 13 10,32.5,1978093
2369,1497,14 13 11,32.5,1978093
2370,1471,1 3 9,40,1978088
2371,1491,6 6 4,38.5,1978059
2372,1490,12 12 13,33.0,1978054
2373,1493,6 5 3,39.0,1978053
2374,1492,12 10 13,33.5,1978044
2375,1492,10 11 4,35.5,1977964
2376,1491,10 13 4,35.0,1977962
2377,1489,9 6 4,37.5,1977951
2378,1493,10 4 12,36.0,1977907
2379,1497,10 4 13,36.0,1977907
2380,1491,9 10 5,36.0,1977864
2381,1505,6 4 2,39.5,1977838
2382,1498,15 15 9,32.0,1977793
2383,1496,7 0 9,39.0,1977701
2384,1490,8 3 12,37.0,1977684
2385,1496,11 12 4,35.0,1977683
2386,1492,8 2 11,37.5,1977678
2387,1496,8 2 12,37.5,1977678
2388,1476,2 2 9,40,1977663
2389,1489,13 6 12,34.5,1977601
2390,1494,9 7 4,37.0,1977533
2391,1498,9 7 5,37.0,1977533
2392,1492,13 11 12,33.0,1977501
2393,1495,13 11 13,33.0,1977501
2394,1497,11 10 4,35.5,1977493
2395,1498,15 12 10,32.5,1977460
2396,1492,7 5 3,38.5,1977457
2397,1496,7 5 4,38.5,1977457
2398,1494,8 1 10,38.0,1977453
2399,1498,8 1 11,38.0,1977453
2400,1493,12 8 13,34.0,1977445
2401,1496,6 3 1,40,1977414
2402,1496,10 9 5,36.0,1977387
2403,1491,10 5 13,35.5,1977362
2404,1494,10 5 14,35.5,1977362
2405,1490,7 6 4,38.0,1977358
2406,1498,7 4 3,39.0,1977346
2407,1491,11 14 3,34.5,1977298
2408,1496,13 9 13,33.5,1977296
2409,1492,11 7 14,34.5,1977212
2410,1488,12 5 13,35.0,1977133
2411,1490,13 13 12,32.5,1977122
2412,1491,14 15 10,32.0,1977061
2413,1482,3 1 9,40,1977026
2414,1510,7 3 2,39.5,1977024
2415,1496,12 13 3,34.5,1977023
2416,1499,8 0 10,38.5,1977010
2417,1497,13 15 1,34.0,1976926
2418,1492,9 8 5,36.5,1976902
2419,1469,1 7 2,40,1976795
2420,1472,1 7 3,40,1976795
2421,1474,2 6 2,40,1976795
2422,1477,2 6 3,40,1976795
2423,1496,14 10 12,33.0,1976764
2424,1488,14 10 13,33.0,1976764
2425,1499,10 6 4,37.0,1976753
2426,1498,11 3 12,36.0,1976719
2427,1495,8 5 4,38.0,1976661
2428,1497,8 4 3,38.5,1976655
2429,1496,15 14 10,32.0,1976616
2430,1489,10 12 5,35.0,1976597
2431,1464,0 0 15,40,1976589
2432,1463,0 8 2,40,1976589
2433,1467,0 8 3,40,1976589
2434,1479,3 5 2,40,1976589
2435,1483,3 5 3,40,1976589
2436,1495,14 12 12,32.5,1976577
2437,1495,9 2 12,37.0,1976573
2438,1497,13 7 13,34.0,1976497
2439,1492,9 3 13,36.5,1976469
2440,1497,9 1 11,37.5,1976456
2441,1489,9 1 12,37.5,1976456
2442,1493,8 6 5,37.5,1976455
2443,1490,10 10 5,35.5,1976331
2444,1494,10 10 6,35.5,1976331
2445,1496,11 4 13,35.5,1976282
2446,1499,11 4 14,35.5,1976282
2447,1494,12 15 3,34.0,1976254
2448,1497,12 6 14,34.5,1976251
2449,1497,10 7 5,36.5,1976225
2450,1494,11 11 5,35.0,1976224
2451,1487,4 0 9,40,1976177
2452,1484,4 4 2,40,1976177
2453,1488,4 4 3,40,1976177
2454,1490,9 4 14,36.0,1976145
2455,1499,9 0 10,38.0,1976120
2456,1489,11 13 4,34.5,1976105
2457,1493,11 13 5,34.5,1976105
2458,1490,9 9 6,36.0,1976059
2459,1491,8 7 6,37.0,1976037
2460,1490,12 9 14,33.5,1976017
2461,1489,11 8 15,34.0,1976006
2462,1499,13 14 3,34.0,1975983
2463,1501,5 0 10,39.5,1975982
2464,1488,15 11 12,32.5,1975850
2465,1490,14 14 11,32.0,1975808
2466,1493,14 14 12,32.0,1975808
2467,1489,9 4 4,38.0,1975766
2468,1495,11 9 5,35.5,1975763
2469,1498,11 9 6,35.5,1975763
2470,1494,12 12 4,34.5,1975737
2471,1498,12 12 5,34.5,1975737
2472,1498,9 5 5,37.5,1975665
2473,1499,12 10 5,35.0,1975664
2474,1493,13 10 14,33.0,1975646
2475,1493,11 5 14,35.0,1975623
2476,1491,6 4 4,39.0,1975588
2477,1489,5 3 2,40,1975559
2478,1493,5 3 3,40,1975559
2479,1494,10 8 6,36.0,1975483
2480,1491,7 1 12,38.0,1975436
2481,1496,9 6 6,37.0,1975351
2482,1464,0 3 10,40,1975306
2483,1495,15 13 11,32.0,1975270
2484,1498,15 13 12,32.0,1975270
2485,1503,6 3 3,39.5,1975266
2486,1497,10 2 13,36.5,1975265
2487,1499,10 1 12,37.0,1975259
2488,1493,12 14 4,34.0,1975233
2489,1499,13 11 4,34.5,1975184
2490,1494,13 8 14,33.5,1975171
2491,1491,12 7 14,34.0,1975148
2492,1494,12 7 15,34.0,1975148
2493,1491,10 11 7,35.0,1975063
2494,1495,10 3 14,36.0,1975050
2495,1489,12 3 13,35.5,1975006
2496,1488,12 8 5,35.5,1975006
2497,1492,7 5 6,38.0,1974999
2498,1492,7 0 11,38.5,1974993
2499,1494,7 4 5,38.5,1974993
2500,1469,1 2 10,40,1974985
2501,1493,14 11 13,32.5,1974893
2502,1498,13 13 4,34.0,1974870
2503,1490,9 7 6,36.5,1974823
2504,1494,9 7 7,36.5,1974823
2505,1498,14 9 14,33.0,1974811
2506,1496,7 3 4,39.0,1974775
2507,1490,11 6 15,34.5,1974742
2508,1491,11 12 6,34.5,1974742
2509,1494,6 2 2,40,1974734
2510,1498,6 2 3,40,1974734
2511,1499,11 7 6,36.0,1974715
2512,1491,8 2 14,37.0,1974650
2513,1492,10 4 15,35.5,1974613
2514,1492,11 10 6,35.0,1974593
2515,1496,11 10 7,35.0,1974593
2516,1499,14 15 2,33.5,1974564
2517,1493,8 1 13,37.5,1974534
2518,1492,10 9 7,35.5,1974527
2519,1470,1 6 4,40,1974468
2520,1498,12 4 14,35.0,1974454
2521,1474,2 1 10,40,1974451
2522,1492,14 13 13,32.0,1974388
2523,1465,0 7 4,40,1974364
2524,1476,2 5 4,40,1974364
2525,1508,7 2 3,39.5,1974345
2526,1490,11 14 6,34.0,1974316
2527,1496,12 11 6,34.5,1974279
2528,1495,8 0 12,38.0,1974198
2529,1493,8 4 5,38.0,1974198
2530,1497,8 4 6,38.0,1974198
2531,1499,14 7 14,33.5,1974136
2532,1493,15 15 11,31.5,1974112
2533,1495,13 6 14,34.0,1974099
2534,1499,13 6 15,34.0,1974099
2535,1491,8 5 6,37.5,1974097
2536,1499,8 3 5,38.5,1974085
2537,1491,9 8 8,36.0,1974081
2538,1498,15 10 13,32.5,1974069
2539,1481,3 4 4,40,1974053
2540,1495,10 6 6,36.5,1974044
2541,1498,10 6 7,36.5,1974044
2542,1491,12 13 5,34.0,1974042
2543,1495,12 13 6,34.0,1974042
2544,1493,13 15 3,33.5,1973981
2545,1496,13 15 4,33.5,1973981
2546,1497,12 9 6,35.0,1973935
2547,1497,11 8 7,35.5,1973860
2548,1490,13 11 15,32.5,1973776
2549,1496,15 12 13,32.0,1973757
2550,1499,11 2 14,36.0,1973756
2551,1479,3 0 10,40,1973704
2552,1499,7 1 2,40,1973704
2553,1495,12 5 15,34.5,1973679
2554,1498,14 14 3,33.5,1973623
2555,1491,13 9 15,33.0,1973623
2556,1496,13 12 5,34.0,1973585
2557,1488,13 12 6,34.0,1973585
2558,1486,4 3 4,40,1973535
2559,1490,9 2 14,36.5,1973437
2560,1492,9 1 13,37.0,1973430
2561,1496,9 1 14,37.0,1973430
2562,1497,11 3 15,35.5,1973428
2563,1493,10 7 7,36.0,1973405
2564,1496,10 7 8,36.0,1973405
2565,1489,10 10 8,35.0,1973358
2566,1490,14 15 13,31.5,1973305
2567,1490,12 15 5,33.5,1973231
2568,1490,11 11 7,34.5,1973209
2569,1498,9 0 13,37.5,1973203
2570,1496,9 4 6,37.5,1973203
2571,1498,9 3 5,38.0,1973197
2572,1488,11 5 6,36.5,1973071
2573,1491,14 10 14,32.5,1973040
2574,1495,14 10 15,32.5,1973040
2575,1494,9 5 7,37.0,1972994
2576,1495,13 14 5,33.5,1972961
2577,1491,11 4 15,35.0,1972876
2578,1492,13 7 15,33.5,1972876
2579,1491,15 14 12,31.5,1972861
2580,1494,15 14 13,31.5,1972861
2581,1488,14 5 14,34.0,1972859
2582,1491,5 2 4,40,1972809
2583,1490,14 12 14,32.0,1972801
2584,1494,11 9 8,35.0,1972790
2585,1496,14 8 15,33.0,1972689
2586,1493,12 12 7,34.0,1972680
2587,1494,12 10 7,34.5,1972650
2588,1492,9 6 8,36.5,1972570
2589,1490,10 8 8,35.5,1972551
2590,1497,11 6 7,36.0,1972536
2591,1501,6 2 4,39.5,1972517
2592,1505,6 2 5,39.5,1972517
2593,1488,14 13 5,33.5,1972511
2594,1490,7 4 7,38.0,1972465
2595,1488,13 4 15,34.5,1972422
2596,1492,7 3 6,38.5,1972352
2597,1462,0 2 11,40,1972140
2598,1498,13 11 7,34.0,1972129
2599,1495,10 1 14,36.5,1972125
2600,1496,15 9 14,32.5,1972120
2601,1499,15 9 15,32.5,1972120
2602,1494,15 11 14,32.0,1972075
2603,1499,12 8 8,35.0,1972034
2604,1494,7 2 5,39.0,1972027
2605,1493,10 2 15,36.0,1972020
2606,1497,10 0 13,37.0,1972008
2607,1489,10 0 14,37.0,1972008
2608,1499,10 4 7,37.0,1972008
2609,1463,0 6 5,40,1971969
2610,1468,1 5 5,40,1971969
2611,1489,9 7 9,36.0,1971932
2612,1499,13 9 7,34.5,1971904
2613,1496,6 1 4,40,1971876
2614,1495,11 7 8,35.5,1971784
2615,1493,13 13 6,33.5,1971771
2616,1474,2 4 5,40,1971760
2617,1497,14 6 15,33.5,1971741
2618,1467,1 1 11,40,1971710
2619,1496,10 5 8,36.5,1971689
2620,1496,12 3 15,35.0,1971602
2621,1489,15 7 15,33.0,1971570
2622,1493,8 4 8,37.5,1971565
2623,1495,8 3 7,38.0,1971559
2624,1491,11 10 9,34.5,1971506
2625,1494,14 15 4,33.0,1971501
2626,1498,14 15 5,33.0,1971501
2627,1506,7 1 4,39.5,1971488
2628,1510,7 1 5,39.5,1971488
2629,1493,15 13 14,31.5,1971443
2630,1479,3 3 5,40,1971343
2631,1497,8 2 6,38.5,1971338
2632,1498,14 12 6,33.5,1971227
2633,1491,8 0 14,37.5,1971215
2634,1494,10 6 9,36.0,1971154
2635,1491,12 11 8,34.0,1971149
2636,1472,2 0 11,40,1971065
2637,1499,15 14 4,33.0,1971057
2638,1498,8 1 5,39.0,1970903
2639,1490,12 13 8,33.5,1970868
2640,1493,12 9 8,34.5,1970849
2641,1496,12 9 9,34.5,1970849
2642,1492,13 15 6,33.0,1970840
2643,1499,12 6 8,35.5,1970826
2644,1492,11 8 9,35.0,1970816
2645,1500,7 0 4,40,1970736
2646,1484,4 2 5,40,1970717
2647,1497,11 1 15,36.0,1970618
2648,1499,11 0 14,36.5,1970612
2649,1494,9 3 7,37.5,1970565
2650,1498,9 3 8,37.5,1970565
2651,1496,13 10 8,34.0,1970501
2652,1496,14 14 6,33.0,1970482
2653,1492,9 4 8,37.0,1970463
2654,1489,9 2 7,38.0,1970451
2655,1491,13 12 7,33.5,1970411
2656,1495,13 12 8,33.5,1970411
2657,1492,10 7 10,35.5,1970403
2658,1489,8 0 4,39.5,1970253
2659,1493,15 10 15,32.0,1970225
2660,1499,11 5 9,36.0,1970183
2661,1491,8 9 0,37.5,1970167
2662,1490,9 5 9,36.5,1970145
2663,1488,13 2 15,35.0,1970132
2664,1490,6 2 7,39.0,1970129
2665,1494,9 0 15,37.0,1970114
2666,1497,13 8 8,34.5,1970005
2667,1497,12 7 9,35.0,1969960
2668,1489,5 1 5,40,1969882
2669,1491,15 12 15,31.5,1969858
2670,1496,14 11 7,33.5,1969773
2671,1488,14 11 8,33.5,1969773
2672,1490,13 14 7,33.0,1969744
2673,1490,9 11 0,36.5,1969711
2674,1496,9 8 0,37.5,1969686
2675,1489,11 9 10,34.5,1969632
2676,1492,7 7 0,38.5,1969624
2677,1494,10 12 0,36.0,1969596
2678,1503,6 1 6,39.5,1969591
2679,1490,7 2 7,38.5,1969536
2680,1493,11 6 9,35.5,1969535
2681,1496,11 6 10,35.5,1969535
2682,1490,12 10 9,34.0,1969447
2683,1493,12 10 10,34.0,1969447
2684,1461,0 5 6,40,1969402
2685,1497,10 3 8,37.0,1969371
2686,1499,10 2 7,37.5,1969365
2687,1495,10 10 0,36.5,1969334
2688,1466,1 4 6,40,1969297
2689,1495,14 13 7,33.0,1969294
2690,1499,11 11 0,36.0,1969224
2691,1494,10 4 9,36.5,1969160
2692,1492,7 1 6,39.0,1969101
2693,1495,7 1 7,39.0,1969101
2694,1491,9 9 0,37.0,1969066
2695,1494,9 9 1,37.0,1969066
2696,1497,8 6 0,38.5,1969034
2697,1472,2 3 6,40,1968982
2698,1489,15 14 15,31.0,1968907
2699,1493,13 11 9,33.5,1968882
2700,1494,12 8 10,34.5,1968877
2701,1491,8 3 9,37.5,1968857
2702,1494,6 0 5,40,1968839
2703,1492,8 7 0,38.0,1968831
2704,1496,15 15 5,32.5,1968814
2705,1493,10 0 15,36.5,1968811
2706,1460,0 1 12,40,1968803
2707,1463,0 1 13,40,1968803
2708,1489,11 9 0,36.5,1968768
2709,1493,8 2 8,38.0,1968743
2710,1492,10 5 10,36.0,1968730
2711,1494,13 9 9,34.0,1968702
2712,1498,13 9 10,34.0,1968702
2713,1490,11 7 10,35.0,1968670
2714,1499,15 12 7,33.0,1968664
2715,1496,10 8 0,37.0,1968493
2716,1499,10 8 1,37.0,1968493
2717,1492,13 13 9,33.0,1968479
2718,1498,12 5 9,35.5,1968475
2719,1477,3 2 6,40,1968457
2720,1508,7 0 6,39.5,1968452
2721,1490,8 8 1,37.5,1968421
2722,1495,8 1 7,38.5,1968413
2723,1492,10 11 1,36.0,1968298
2724,1465,1 0 12,40,1968262
2725,1468,1 0 13,40,1968262
2726,1490,14 15 6,32.5,1968240
2727,1493,14 15 7,32.5,1968240
2728,1492,9 10 2,36.5,1968239
2729,1497,9 6 0,38.0,1968147
2730,1498,14 10 9,33.5,1968147
2731,1490,10 6 11,35.5,1968084
2732,1493,11 12 0,35.5,1967978
2733,1499,11 3 9,36.5,1967978
2734,1493,14 12 8,33.0,1967936
2735,1497,14 12 9,33.0,1967936
2736,1499,13 7 10,34.5,1967933
2737,1496,8 0 6,39.0,1967867
2738,1489,8 0 7,39.0,1967867
2739,1495,9 7 1,37.5,1967839
2740,1497,11 10 1,36.0,1967829
2741,1494,15 14 6,32.5,1967797
2742,1498,15 14 7,32.5,1967797
2743,1499,14 8 9,34.0,1967772
2744,1493,10 9 1,36.5,1967764
2745,1497,10 9 2,36.5,1967764
2746,1490,9 3 9,37.0,1967757
2747,1493,9 3 10,37.0,1967757
2748,1495,9 2 9,37.5,1967751
2749,1489,11 7 0,37.0,1967727
2750,1482,4 1 6,40,1967723
2751,1495,12 6 10,35.0,1967713
2752,1497,11 4 10,36.0,1967655
2753,1491,7 6 1,38.5,1967600
2754,1492,7 5 0,39.0,1967594
2755,1491,12 9 11,34.0,1967575
2756,1492,11 14 0,35.0,1967554
2757,1491,9 4 11,36.5,1967546
2758,1497,9 1 8,38.0,1967527
2759,1498,12 11 0,35.5,1967517
2760,1492,9 8 2,37.0,1967321
2761,1497,12 13 0,35.0,1967281
2762,1498,15 11 8,33.0,1967212
2763,1491,13 10 10,33.5,1967182
2764,1491,14 14 8,32.5,1967145
2765,1494,11 5 11,35.5,1967113
2766,1498,11 8 1,36.5,1967100
2767,1499,9 0 7,38.5,1967086
2768,1499,10 6 1,37.5,1967063
2769,1490,10 12 2,35.5,1967053
2770,1490,13 12 10,33.0,1967045
2771,1472,2 7 0,40,1966985
2772,1496,8 5 1,38.5,1966907
2773,1467,1 8 0,40,1966883
2774,1477,3 6 0,40,1966883
2775,1491,10 10 2,36.0,1966826
2776,1490,8 6 1,38.0,1966808
2777,1494,8 6 2,38.0,1966808
2778,1497,8 4 0,39.0,1966796
2779,1487,5 0 6,40,1966778
2780,1492,12 7 11,34.5,1966733
2781,1496,13 8 11,34.0,1966732
2782,1491,11 11 1,35.5,1966681
2783,1495,11 11 2,35.5,1966681
2784,1459,0 4 7,40,1966663
2785,1463,0 4 8,40,1966663
2786,1497,10 7 2,37.0,1966647
2787,1496,15 13 8,32.5,1966610
2788,1490,9 9 3,36.5,1966593
2789,1483,4 5 0,40,1966578
2790,1461,0 9 0,40,1966578
2791,1488,13 5 10,35.0,1966565
2792,1495,10 2 9,37.0,1966559
2793,1498,10 2 10,37.0,1966559
2794,1491,7 1 9,38.5,1966544
2795,1490,11 13 1,35.0,1966524
2796,1492,8 7 3,37.5,1966500
2797,1501,6 0 7,39.5,1966487
2798,1492,10 3 10,36.5,1966456
2799,1496,10 3 11,36.5,1966456
2800,1464,1 3 7,40,1966452
2801,1468,1 3 8,40,1966452
2802,1489,10 1 9,37.5,1966444
2803,1495,14 11 10,33.0,1966408
2804,1492,11 6 12,35.0,1966353
2805,1496,14 9 10,33.5,1966351
2806,1496,11 9 2,36.0,1966261
2807,1495,12 12 1,35.0,1966158
2808,1490,10 4 11,36.0,1966133
2809,1496,12 10 1,35.5,1966123
2810,1488,12 10 2,35.5,1966123
2811,1488,5 4 0,40,1966069
2812,1470,2 2 7,40,1966030
2813,1473,2 2 8,40,1966030
2814,1495,9 5 1,38.0,1966021
2815,1498,9 5 2,38.0,1966021
2816,1495,10 8 3,36.5,1966020
2817,1489,9 4 1,38.5,1966016
2818,1493,7 0 8,39.0,1965998
2819,1499,12 4 11,35.5,1965949
2820,1490,14 13 9,32.5,1965882
2821,1493,9 6 2,37.5,1965817
2822,1496,9 6 3,37.5,1965817
2823,1502,6 4 1,39.5,1965778
2824,1491,8 1 9,38.0,1965752
2825,1497,13 6 11,34.5,1965688
2826,1490,12 14 0,34.5,1965618
2827,1494,12 14 1,34.5,1965618
2828,1488,13 11 1,35.0,1965608
2829,1499,15 10 10,33.0,1965588
2830,1489,12 8 12,34.0,1965533
2831,1489,12 8 2,36.0,1965507
2832,1491,15 15 7,32.0,1965432
2833,1494,15 15 8,32.0,1965432
2834,1491,9 7 3,37.0,1965401
2835,1475,3 1 7,40,1965397
2836,1478,3 1 8,40,1965397
2837,1489,11 7 13,34.5,1965373
2838,1493,6 3 0,40,1965356
2839,1492,11 12 3,35.0,1965323
2840,1490,13 9 11,33.5,1965312
2841,1493,13 9 12,33.5,1965312
2842,1492,8 0 8,38.5,1965311
2843,1496,8 0 9,38.5,1965311
2844,1461,0 0 14,40,1965294
2845,1493,12 5 11,35.0,1965294
2846,1496,12 5 12,35.0,1965294
2847,1491,7 4 1,39.0,1965289
2848,1494,7 4 2,39.0,1965289
2849,1495,13 13 0,34.5,1965257
2850,1499,13 13 1,34.5,1965257
2851,1489,11 7 3,36.5,1965255
2852,1494,15 12 9,32.5,1965254
2853,1493,11 10 3,35.5,1965211
2854,1493,10 9 4,36.0,1965181
2855,1497,11 2 10,36.5,1965168
2856,1489,11 2 11,36.5,1965168
2857,1499,11 1 9,37.0,1965161
2858,1489,10 4 1,38.0,1965039
2859,1503,7 3 0,39.5,1964969
2860,1507,7 3 1,39.5,1964969
2861,1495,11 3 11,36.0,1964953
2862,1498,10 5 2,37.5,1964938
2863,1491,9 2 11,37.0,1964877
2864,1493,12 11 2,35.0,1964862
2865,1497,12 11 3,35.0,1964862
2866,1465,1 7 1,40,1964815
2867,1470,2 6 1,40,1964815
2868,1493,9 1 10,37.5,1964761
2869,1488,14 12 0,34.5,1964714
2870,1493,14 10 11,33.0,1964710
2871,1496,10 6 3,37.0,1964626
2872,1460,0 8 1,40,1964610
2873,1476,3 5 1,40,1964610
2874,1492,8 5 3,38.0,1964608
2875,1494,8 4 2,38.5,1964602
2876,1494,13 7 12,34.0,1964591
2877,1492,12 13 2,34.5,1964589
2878,1498,12 9 3,35.5,1964556
2879,1480,4 0 7,40,1964552
2880,1483,4 0 8,40,1964552
2881,1492,11 4 12,35.5,1964519
2882,1494,11 8 3,36.0,1964518
2883,1497,11 8 4,36.0,1964518
2884,1492,14 12 11,32.5,1964451
2885,1497,7 2 0,40,1964440
2886,1495,9 0 9,38.0,1964427
2887,1490,12 6 12,34.5,1964417
2888,1494,12 6 13,34.5,1964417
2889,1490,8 6 4,37.5,1964404
2890,1495,8 3 1,39.0,1964386
2891,1499,8 3 2,39.0,1964386
2892,1494,14 8 11,33.5,1964383
2893,1498,14 8 12,33.5,1964383
2894,1493,15 14 9,32.0,1964338
2895,1494,13 15 0,34.0,1964334
2896,1498,13 10 2,35.0,1964216
2897,1481,4 4 1,40,1964200
2898,1497,13 12 2,34.5,1964134
2899,1493,10 7 4,36.5,1964101
2900,1497,13 4 11,35.0,1964042
2901,1499,14 14 0,34.0,1963977
2902,1508,8 2 0,39.5,1963958
2903,1491,11 11 4,35.0,1963949
2904,1490,11 5 13,35.0,1963863
2905,1498,15 9 11,33.0,1963794
2906,1461,0 3 9,40,1963754
2907,1491,12 15 2,34.0,1963746
2908,1493,15 11 10,32.5,1963728
2909,1496,15 11 11,32.5,1963728
2910,1497,9 4 3,38.0,1963718
2911,1490,13 10 13,33.0,1963673
2912,1499,12 7 3,36.0,1963664
2913,1489,11 5 3,37.0,1963657
2914,1495,9 5 4,37.5,1963618
2915,1498,9 3 2,38.5,1963606
2916,1486,5 3 1,40,1963586
2917,1494,10 2 12,36.5,1963577
2918,1499,12 2 11,36.0,1963576
2919,1496,10 1 11,37.0,1963571
2920,1491,11 9 4,35.5,1963567
2921,1492,13 14 1,34.0,1963477
2922,1496,13 14 2,34.0,1963477
2923,1499,14 6 12,34.0,1963460
2924,1466,1 2 9,40,1963436
2925,1495,12 10 4,35.0,1963392
2926,1491,12 12 3,34.5,1963388
2927,1491,10 3 13,36.0,1963363
2928,1491,10 8 5,36.0,1963363
2929,1498,10 0 10,37.5,1963345
2930,1492,9 6 5,37.0,1963306
2931,1489,9 2 1,39.0,1963282
2932,1491,13 8 13,33.5,1963272
2933,1495,13 5 12,34.5,1963271
2934,1498,13 5 13,34.5,1963271
2935,1499,15 7 11,33.5,1963268
2936,1497,12 3 12,35.5,1963250
2937,1498,11 6 4,36.5,1963236
2938,1491,15 13 10,32.0,1963077
2939,1497,14 13 1,34.0,1963029
2940,1490,7 4 4,38.5,1963023
2941,1490,8 1 12,37.5,1962919
2942,1471,2 1 9,40,1962905
2943,1490,14 11 12,32.5,1962851
2944,1491,14 9 12,33.0,1962843
2945,1495,14 9 13,33.0,1962843
2946,1495,13 11 3,34.5,1962839
2947,1496,12 8 4,35.5,1962814
2948,1489,12 14 3,34.0,1962810
2949,1492,7 3 3,39.0,1962807
2950,1491,6 2 1,40,1962766
2951,1494,12 4 13,35.0,1962701
2952,1489,13 9 4,35.0,1962650
2953,1499,10 4 4,37.5,1962637
2954,1496,11 7 5,36.0,1962600
2955,1492,8 0 11,38.0,1962585
2956,1463,1 6 2,40,1962574
2957,1467,1 6 3,40,1962574
2958,1458,0 7 2,40,1962471
2959,1461,0 7 3,40,1962471
2960,1469,2 5 2,40,1962471
2961,1472,2 5 3,40,1962471
2962,1494,13 13 3,34.0,1962449
2963,1494,10 5 4,37.0,1962429
2964,1497,10 5 5,37.0,1962429
2965,1505,7 2 2,39.5,1962380
2966,1492,13 6 13,34.0,1962278
2967,1496,14 7 13,33.5,1962244
2968,1490,8 4 4,38.0,1962233
2969,1498,11 1 12,36.5,1962182
2970,1476,3 0 9,40,1962162
2971,1474,3 4 2,40,1962162
2972,1477,3 4 3,40,1962162
2973,1492,8 3 3,38.5,1962121
2974,1495,8 3 4,38.5,1962121
2975,1489,14 10 3,34.5,1962107
2976,1493,11 2 12,36.0,1962077
2977,1496,11 2 13,36.0,1962077
2978,1489,11 0 11,37.0,1962065
2979,1494,15 10 12,32.5,1962032
2980,1489,12 11 4,34.5,1962016
2981,1493,12 11 5,34.5,1962016
2982,1491,10 6 5,36.5,1962007
2983,1496,14 15 1,33.5,1961987
2984,1499,14 4 12,34.5,1961934
2985,1492,12 5 14,34.5,1961931
2986,1499,14 12 3,34.0,1961908
2987,1489,15 15 10,31.5,1961850
2988,1496,15 8 12,33.0,1961829
2989,1499,15 8 13,33.0,1961829
2990,1497,8 2 3,39.0,1961797
2991,1490,11 3 13,35.5,1961751
2992,1494,11 3 14,35.5,1961751
2993,1490,11 8 5,35.5,1961751
2994,1493,11 8 6,35.5,1961751
2995,1494,12 9 5,35.0,1961751
2996,1495,7 1 1,40,1961742
2997,1489,15 12 11,32.0,1961648
2998,1493,15 12 12,32.0,1961648
2999,1479,4 3 2,40,1961646
3000,1482,4 3 3,40,1961646
3001,1489,12 6 5,36.0,1961646
3002,1491,9 0 11,37.5,1961596
3003,1495,9 0 12,37.5,1961596
3004,1489,15 14 1,33.5,1961545
3005,1489,13 15 2,33.5,1961487
3006,1494,13 10 4,34.5,1961372
3007,1497,13 10 5,34.5,1961372
3008,1498,11 4 4,37.0,1961357
3009,1499,13 3 13,35.0,1961345
3010,1509,8 1 2,39.5,1961261
3011,1493,13 12 4,34.0,1961250
3012,1493,9 4 5,37.5,1961244
3013,1495,9 3 4,38.0,1961238
3014,1494,14 14 2,33.5,1961132
3015,1489,13 7 14,33.5,1961062
3016,1497,14 5 13,34.0,1961046
3017,1496,11 5 5,36.5,1961040
3018,1490,9 5 6,37.0,1961037
3019,1488,15 6 13,33.5,1961028
3020,1496,9 2 3,38.5,1961018
3021,1489,9 2 4,38.5,1961018
3022,1484,5 2 2,40,1960925
3023,1487,5 2 3,40,1960925
3024,1498,13 8 5,35.0,1960910
3025,1494,12 7 5,35.5,1960899
3026,1498,12 7 6,35.5,1960899
3027,1493,14 8 14,33.0,1960806
3028,1491,11 9 7,35.0,1960687
3029,1496,13 4 14,34.5,1960681
3030,1459,0 2 10,40,1960674
3031,1497,14 11 4,34.0,1960614
3032,1499,15 13 2,33.5,1960598
3033,1497,12 1 12,36.0,1960593
3034,1489,12 1 13,36.0,1960593
3035,1491,13 14 4,33.5,1960553
3036,1498,14 9 4,34.5,1960543
3037,1492,10 1 13,36.5,1960525
3038,1500,8 0 1,40,1960513
3039,1494,11 6 6,36.0,1960508
3040,1491,12 10 6,34.5,1960473
3041,1490,12 12 6,34.0,1960428
3042,1489,10 2 14,36.0,1960420
3043,1494,10 0 12,37.0,1960408
3044,1495,12 2 13,35.5,1960376
3045,1498,12 2 14,35.5,1960376
3046,1464,1 1 10,40,1960247
3047,1492,15 9 13,32.5,1960168
3048,1460,0 6 4,40,1960160
3049,1465,1 5 4,40,1960160
3050,1497,10 3 5,37.5,1960158
3051,1490,7 2 4,39.0,1960147
3052,1492,14 13 3,33.5,1960105
3053,1496,14 13 4,33.5,1960105
3054,1495,10 4 6,37.0,1960056
3055,1491,15 11 13,32.0,1960050
3056,1499,10 2 4,38.0,1960044
3057,1489,6 1 2,40,1959997
3058,1492,6 1 3,40,1959997
3059,1470,2 4 4,40,1959953
3060,1492,12 8 6,35.0,1959936
3061,1492,12 3 14,35.0,1959936
3062,1495,12 8 7,35.0,1959936
3063,1494,14 6 14,33.5,1959934
3064,1491,13 11 5,34.0,1959879
3065,1494,13 11 6,34.0,1959879
3066,1499,13 6 5,35.5,1959857
3067,1490,13 5 14,34.0,1959794
3068,1493,13 5 15,34.0,1959794
3069,1491,11 7 7,35.5,1959761
3070,1489,10 5 6,36.5,1959740
3071,1493,10 5 7,36.5,1959740
3072,1496,13 9 6,34.5,1959732
3073,1497,15 7 14,33.0,1959693
3074,1491,8 3 6,38.0,1959682
3075,1503,7 1 3,39.5,1959611
3076,1469,2 0 10,40,1959606
3077,1475,3 3 4,40,1959538
3078,1497,15 12 3,33.5,1959478
3079,1493,8 2 5,38.5,1959462
3080,1498,12 5 6,36.0,1959452
3081,1490,13 13 5,33.5,1959448
3082,1497,15 15 2,33.0,1959436
3083,1489,15 13 13,31.5,1959348
3084,1490,12 4 15,34.5,1959272
3085,1491,10 6 8,36.0,1959208
3086,1496,14 10 5,34.0,1959148
3087,1499,14 10 6,34.0,1959148
3088,1489,14 9 15,32.5,1959145
3089,1495,8 1 4,39.0,1959030
3090,1494,11 1 14,36.0,1959027
3091,1491,14 15 3,33.0,1959023
3092,1496,11 0 13,36.5,1959020
3093,1496,13 7 6,35.0,1958996
3094,1488,13 7 7,35.0,1958996
3095,1480,4 2 4,40,1958916
3096,1494,14 12 5,33.5,1958907
3097,1489,11 3 6,37.0,1958880
3098,1493,7 0 2,40,1958864
3099,1497,7 0 3,40,1958864
3100,1491,11 2 15,35.5,1958810
3101,1496,12 6 7,35.5,1958809
3102,1499,13 1 13,35.5,1958805
3103,1489,14 8 6,34.5,1958805
3104,1489,12 9 7,34.5,1958758
3105,1491,9 3 6,37.5,1958694
3106,1494,11 4 6,36.5,1958669
3107,1498,11 4 7,36.5,1958669
3108,1498,15 5 14,33.5,1958617
3109,1491,14 7 15,33.0,1958599
3110,1490,9 0 14,37.0,1958593
3111,1496,15 14 3,33.0,1958582
3112,1493,9 2 5,38.0,1958580
3113,1496,9 2 6,38.0,1958580
3114,1497,13 2 14,35.0,1958474
3115,1494,14 4 14,34.0,1958459
3116,1498,14 4 15,34.0,1958459
3117,1507,8 0 3,39.5,1958384
3118,1493,13 10 7,34.0,1958338
3119,1489,15 10 14,32.0,1958284
3120,1498,9 1 5,38.5,1958252
3121,1492,11 5 7,36.0,1958242
3122,1495,11 5 8,36.0,1958242
3123,1489,15 9 5,34.0,1958235
3124,1499,15 11 5,33.5,1958186
3125,1491,15 8 14,32.5,1958133
3126,1494,15 8 15,32.5,1958133
3127,1489,14 14 4,33.0,1958089
3128,1493,14 14 5,33.0,1958089
3129,1485,5 1 4,40,1958087
3130,1493,12 7 8,35.0,1957948
3131,1494,13 8 7,34.5,1957919
3132,1494,13 3 15,34.5,1957919
3133,1489,9 0 4,39.0,1957709
3134,1458,0 5 5,40,1957679
3135,1489,11 6 8,35.5,1957599
3136,1463,1 4 5,40,1957575
3137,1494,15 13 4,33.0,1957556
3138,1498,15 13 5,33.0,1957556
3139,1493,14 11 6,33.5,1957538
3140,1497,14 9 7,34.0,1957510
3141,1493,10 3 7,37.0,1957508
3142,1495,10 2 6,37.5,1957502
3143,1492,14 5 15,33.5,1957453
3144,1498,12 0 14,36.0,1957434
3145,1456,0 1 11,40,1957422
3146,1499,12 3 6,36.5,1957404
3147,1495,15 6 15,33.0,1957386
3148,1496,12 1 15,35.5,1957328
3149,1491,10 4 8,36.5,1957297
3150,1497,10 1 5,38.0,1957279
3151,1468,2 3 5,40,1957262
3152,1496,12 4 7,36.0,1957083
3153,1489,12 4 8,36.0,1957083
3154,1490,6 0 4,40,1957050
3155,1490,12 2 15,35.0,1956998
3156,1491,14 13 6,33.0,1956986
3157,1499,15 3 14,34.0,1956933
3158,1498,13 6 8,35.0,1956908
3159,1498,14 7 7,34.5,1956893
3160,1462,1 0 11,40,1956885
3161,1491,12 8 9,34.5,1956871
3162,1473,3 2 5,40,1956740
3163,1490,13 11 8,33.5,1956728
3164,1497,15 10 6,33.5,1956722
3165,1504,7 0 5,39.5,1956665
3166,1491,8 1 6,38.5,1956626
3167,1491,13 9 8,34.0,1956624
3168,1494,12 5 8,35.5,1956544
3169,1498,14 2 15,34.5,1956372
3170,1496,15 12 6,33.0,1956360
3171,1492,15 15 4,32.5,1956353
3172,1498,11 2 7,37.0,1956225
3173,1496,11 3 8,36.5,1956122
3174,1489,11 1 6,37.5,1956110
3175,1493,8 0 5,39.0,1956084
3176,1496,15 4 15,33.5,1956033
3177,1478,4 1 5,40,1956010
3178,1491,14 10 7,33.5,1955998
3179,1494,14 10 8,33.5,1955998
3180,1492,9 2 8,37.5,1955968
3181,1492,13 7 8,34.5,1955933
3182,1495,13 7 9,34.5,1955933
3183,1493,11 4 9,36.0,1955802
3184,1491,11 0 15,36.0,1955802
3185,1491,12 6 9,35.0,1955788
3186,1494,9 1 7,38.0,1955746
3187,1490,14 12 7,33.0,1955713
3188,1496,14 8 8,34.0,1955699
3189,1489,13 0 15,35.5,1955649
3190,1491,9 7 0,37.5,1955616
3191,1490,10 9 0,36.5,1955466
3192,1494,11 10 0,36.0,1955453
3193,1494,13 1 15,35.0,1955429
3194,1491,15 14 5,32.5,1955421
3195,1496,9 0 6,38.5,1955307
3196,1499,13 4 8,35.5,1955298
3197,1491,11 5 10,35.5,1955263
3198,1496,15 9 7,33.5,1955086
3199,1499,15 9 8,33.5,1955086
3200,1483,5 0 5,40,1955071
3201,1456,0 4 6,40,1955026
3202,1494,15 11 7,33.0,1954993
3203,1496,10 6 0,37.5,1954846
3204,1461,1 3 6,40,1954817
3205,1496,14 6 8,34.5,1954807
3206,1488,14 6 9,34.5,1954807
3207,1494,11 8 0,36.5,1954805
3208,1499,12 9 0,36.0,1954802
3209,1491,10 2 8,37.0,1954783
3210,1492,8 5 0,38.5,1954765
3211,1489,12 2 8,36.5,1954752
3212,1489,13 8 9,34.0,1954740
3213,1493,13 8 10,34.0,1954740
3214,1493,10 1 7,37.5,1954668
3215,1497,10 1 8,37.5,1954668
3216,1496,13 5 9,35.0,1954646
3217,1488,15 7 8,34.0,1954589
3218,1498,12 3 9,36.0,1954539
3219,1490,10 7 0,37.0,1954432
3220,1494,10 7 1,37.0,1954432
3221,1466,2 2 6,40,1954397
3222,1499,10 0 7,38.0,1954336
3223,1489,15 13 6,32.5,1954319
3224,1493,15 13 7,32.5,1954319
3225,1493,14 9 9,33.5,1954287
3226,1491,14 11 9,33.0,1954270
3227,1492,12 4 9,35.5,1954106
3228,1495,12 4 10,35.5,1954106
3229,1454,0 0 12,40,1954000
3230,1458,0 0 13,40,1954000
3231,1492,11 9 1,36.0,1953972
3232,1499,12 7 0,36.5,1953956
3233,1491,9 5 0,38.0,1953886
3234,1497,9 4 0,38.5,1953880
3235,1492,10 8 2,36.5,1953808
3236,1493,13 6 10,34.5,1953775
3237,1471,3 1 6,40,1953767
3238,1492,12 10 0,35.5,1953758
3239,1494,14 7 9,34.0,1953716
3240,1497,14 7 10,34.0,1953716
3241,1491,12 12 0,35.0,1953714
3242,1499,14 0 15,35.0,1953665
3243,1495,11 6 0,37.0,1953571
3244,1498,11 6 1,37.0,1953571
3245,1492,15 10 8,33.0,1953455
3246,1496,15 10 9,33.0,1953455
3247,1490,12 5 10,35.0,1953454
3248,1494,11 2 9,36.5,1953400
3249,1496,11 1 8,37.0,1953394
3250,1497,15 8 9,33.5,1953277
3251,1497,12 8 1,36.0,1953222
3252,1491,11 3 10,36.0,1953187
3253,1498,11 0 7,37.5,1953169
3254,1496,13 11 0,35.0,1953167
3255,1490,9 1 9,37.5,1953066
3256,1493,11 7 1,36.5,1953049
3257,1496,11 7 2,36.5,1953049
3258,1491,15 12 8,32.5,1953047
3259,1497,13 9 0,35.5,1953019
3260,1490,11 10 2,35.5,1952928
3261,1476,4 0 6,40,1952928
3262,1496,10 4 0,38.0,1952909
3263,1462,1 7 0,40,1952834
3264,1467,2 6 0,40,1952834
3265,1494,10 5 1,37.5,1952809
3266,1497,13 3 9,35.5,1952756
3267,1489,13 3 10,35.5,1952756
3268,1492,9 0 8,38.0,1952734
3269,1491,13 7 11,34.0,1952684
3270,1490,14 10 10,33.0,1952657
3271,1456,0 8 0,40,1952631
3272,1472,3 5 0,40,1952631
3273,1490,8 4 1,38.5,1952550
3274,1498,14 5 10,34.5,1952548
3275,1488,12 5 0,37.0,1952519
3276,1498,15 6 9,34.0,1952506
3277,1490,12 11 1,35.0,1952504
3278,1492,10 6 2,37.0,1952499
3279,1491,14 8 10,33.5,1952405
3280,1492,8 3 0,39.0,1952334
3281,1490,11 8 2,36.0,1952316
3282,1491,12 9 1,35.5,1952277
3283,1494,12 9 2,35.5,1952277
3284,1477,4 4 0,40,1952223
3285,1494,13 4 10,35.0,1952210
3286,1454,0 3 7,40,1952203
3287,1457,0 3 8,40,1952203
3288,1497,12 6 1,36.5,1952099
3289,1489,15 14 8,32.0,1952061
3290,1490,10 7 3,36.5,1951977
3291,1498,12 1 9,36.5,1951923
3292,1490,10 2 11,36.5,1951889
3293,1459,1 2 7,40,1951886
3294,1462,1 2 8,40,1951886
3295,1492,10 1 10,37.0,1951883
3296,1495,13 10 1,35.0,1951862
3297,1496,12 2 10,36.0,1951819
3298,1489,12 0 8,37.0,1951806
3299,1494,15 9 10,33.0,1951746
3300,1499,11 4 1,37.5,1951743
3301,1490,13 12 0,34.5,1951703
3302,1494,13 12 1,34.5,1951703
3303,1493,9 4 2,38.0,1951671
3304,1494,10 0 9,37.5,1951658
3305,1482,5 3 0,40,1951612
3306,1489,15 11 9,32.5,1951606
3307,1491,9 5 3,37.5,1951572
3308,1495,14 6 11,34.0,1951560
3309,1495,9 3 1,38.5,1951560
3310,1497,11 5 2,37.0,1951536
3311,1493,12 3 11,35.5,1951494
3312,1495,12 7 2,36.0,1951468
3313,1491,13 5 11,34.5,1951444
3314,1495,13 8 1,35.5,1951441
3315,1499,13 8 2,35.5,1951441
3316,1464,2 1 7,40,1951358
3317,1468,2 1 8,40,1951358
3318,1495,15 7 10,33.5,1951297
3319,1497,9 2 0,39.0,1951237
3320,1492,12 10 3,35.0,1951121
3321,1494,11 6 3,36.5,1951117
3322,1495,14 11 0,34.5,1951071
3323,1498,14 11 1,34.5,1951071
3324,1499,14 9 1,35.0,1951038
3325,1491,12 4 12,35.0,1950948
3326,1487,6 2 0,40,1950798
3327,1498,14 3 10,35.0,1950775
3328,1460,1 6 1,40,1950679
3329,1493,12 8 3,35.5,1950623
3330,1469,3 0 7,40,1950619
3331,1473,3 0 8,40,1950619
3332,1492,10 4 2,37.5,1950596
3333,1496,10 4 3,37.5,1950596
3334,1494,10 3 1,38.0,1950590
3335,1498,10 3 2,38.0,1950590
3336,1454,0 7 1,40,1950577
3337,1465,2 5 1,40,1950577
3338,1493,14 13 0,34.0,1950525
3339,1491,11 1 10,36.5,1950502
3340,1495,11 1 11,36.5,1950502
3341,1492,13 11 2,34.5,1950495
3342,1492,11 7 4,36.0,1950485
3343,1488,13 6 2,36.0,1950431
3344,1489,14 7 1,35.5,1950419
3345,1501,7 2 1,39.5,1950414
3346,1490,10 5 3,37.0,1950389
3347,1493,11 0 9,37.0,1950386
3348,1497,11 0 10,37.0,1950386
3349,1493,13 9 2,35.0,1950384
3350,1497,13 9 3,35.0,1950384
3351,1499,10 2 1,38.5,1950371
3352,1489,14 7 11,33.5,1950351
3353,1492,14 7 12,33.5,1950351
3354,1470,3 4 1,40,1950270
3355,1499,15 10 0,34.5,1950257
3356,1489,13 1 10,36.0,1950254
3357,1488,15 5 11,34.0,1950249
3358,1496,14 4 11,34.5,1950115
3359,1499,12 5 3,36.5,1950066
3360,1498,13 2 11,35.5,1950038
3361,1491,13 13 2,34.0,1950029
3362,1491,15 10 11,32.5,1949995
3363,1498,15 12 0,34.0,1949902
3364,1492,15 8 11,33.0,1949866
3365,1490,8 2 1,39.0,1949835
3366,1493,8 2 2,39.0,1949835
3367,1492,7 1 0,40,1949780
3368,1497,14 10 2,34.5,1949767
3369,1475,4 3 1,40,1949757
3370,1497,13 7 3,35.5,1949688
3371,1492,13 3 11,35.0,1949601
3372,1495,13 3 12,35.0,1949601
3373,1490,12 9 4,35.0,1949566
3374,1493,12 6 3,36.0,1949537
3375,1497,12 6 4,36.0,1949537
3376,1492,14 12 1,34.0,1949491
3377,1495,14 12 2,34.0,1949491
3378,1498,14 8 2,35.0,1949461
3379,1497,11 3 2,37.5,1949425
3380,1489,11 3 3,37.5,1949425
3381,1492,14 15 0,33.5,1949410
3382,1495,11 4 3,37.0,1949324
3383,1499,11 2 1,38.0,1949312
3384,1502,8 1 0,39.5,1949302
3385,1506,8 1 1,39.5,1949302
3386,1491,9 3 3,38.0,1949279
3387,1493,14 5 12,34.0,1949232
3388,1455,0 2 9,40,1949208
3389,1493,15 6 11,33.5,1949143
3390,1497,15 6 12,33.5,1949143
3391,1490,13 10 3,34.5,1949113
3392,1493,9 2 2,38.5,1949061
3393,1480,5 2 1,40,1949040
3394,1493,11 5 4,36.5,1949009
3395,1497,15 14 0,33.5,1948971
3396,1489,13 4 12,34.5,1948941
3397,1493,13 4 13,34.5,1948941
3398,1494,12 1 11,36.0,1948923
3399,1489,14 8 13,33.0,1948922
3400,1496,12 0 10,36.5,1948917
3401,1499,12 0 11,36.5,1948917
3402,1489,13 12 3,34.0,1948915
3403,1490,10 0 11,37.0,1948808
3404,1491,12 7 4,35.5,1948794
3405,1460,1 1 9,40,1948783
3406,1497,15 11 1,34.0,1948773
3407,1488,15 11 2,34.0,1948773
3408,1495,13 8 4,35.0,1948731
3409,1491,12 2 12,35.5,1948707
3410,1490,14 14 1,33.5,1948640
3411,1495,9 1 1,39.0,1948631
3412,1498,9 1 2,39.0,1948631
3413,1489,15 3 11,34.5,1948595
3414,1497,8 0 0,40,1948558
3415,1490,11 6 5,36.0,1948481
3416,1498,13 5 3,36.0,1948399
3417,1453,0 6 2,40,1948352
3418,1456,0 6 3,40,1948352
3419,1458,1 5 2,40,1948352
3420,1461,1 5 3,40,1948352
3421,1495,14 9 3,34.5,1948290
3422,1494,14 11 3,34.0,1948283
3423,1489,15 9 12,32.5,1948215
3424,1494,10 3 4,37.5,1948205
3425,1465,2 0 9,40,1948146
3426,1463,2 4 2,40,1948146
3427,1467,2 4 3,40,1948146
3428,1490,14 6 13,33.5,1948127
3429,1485,6 1 1,40,1948119
3430,1495,15 13 1,33.5,1948110
3431,1492,10 4 5,37.0,1948105
3432,1496,10 2 3,38.0,1948092
3433,1499,12 3 3,37.0,1948065
3434,1496,14 2 11,35.0,1948060
3435,1488,14 2 12,35.0,1948060
3436,1507,9 0 0,39.5,1947988
3437,1489,9 0 1,39.5,1947988
3438,1497,12 4 4,36.5,1947856
3439,1498,15 4 12,34.0,1947819
3440,1490,15 7 12,33.0,1947816
3441,1494,15 7 13,33.0,1947816
3442,1497,10 1 2,38.5,1947766
3443,1495,13 6 4,35.5,1947759
3444,1468,3 3 2,40,1947734
3445,1472,3 3 3,40,1947734
3446,1499,14 7 4,35.0,1947710
3447,1489,14 13 2,33.5,1947699
3448,1490,8 2 4,38.5,1947587
3449,1492,13 9 5,34.5,1947559
3450,1494,14 3 12,34.5,1947508
3451,1497,14 3 13,34.5,1947508
3452,1498,15 10 3,34.0,1947471
3453,1490,11 1 13,36.0,1947435
3454,1495,12 5 5,36.0,1947431
3455,1493,11 0 12,36.5,1947429
3456,1499,15 8 3,34.5,1947283
3457,1498,13 0 11,36.0,1947251
3458,1499,10 0 1,39.0,1947226
3459,1491,8 1 3,39.0,1947157
3460,1496,13 1 12,35.5,1947146
3461,1473,4 2 2,40,1947116
3462,1477,4 2 3,40,1947116
3463,1494,15 12 2,33.5,1947077
3464,1490,7 0 1,40,1946992
3465,1493,11 3 4,37.0,1946935
3466,1496,11 3 5,37.0,1946935
3467,1498,11 2 4,37.5,1946929
3468,1492,14 10 4,34.0,1946904
3469,1493,13 7 5,35.0,1946904
3470,1490,15 15 0,33.0,1946876
3471,1494,15 15 1,33.0,1946876
3472,1495,15 5 13,33.5,1946818
3473,1493,13 2 13,35.0,1946817
3474,1492,12 6 6,35.5,1946791
3475,1491,14 4 13,34.0,1946731
3476,1491,11 4 5,36.5,1946726
3477,1489,11 1 3,38.0,1946708
3478,1493,14 8 4,34.5,1946639
3479,1497,14 8 5,34.5,1946639
3480,1491,14 12 4,33.5,1946587
3481,1488,14 5 4,35.5,1946536
3482,1504,8 0 2,39.5,1946515
3483,1491,9 1 3,38.5,1946384
3484,1494,9 1 4,38.5,1946384
3485,1478,5 1 2,40,1946291
3486,1482,5 1 3,40,1946291
3487,1491,13 3 14,34.5,1946264
3488,1499,13 4 5,36.0,1946191
3489,1489,13 10 6,34.0,1946174
3490,1492,15 14 2,33.0,1946107
3491,1453,0 1 10,40,1946042
3492,1497,15 9 4,34.0,1945996
3493,1454,0 5 4,40,1945956
3494,1490,12 7 7,35.0,1945936
3495,1498,15 2 12,34.5,1945883
3496,1492,15 11 3,33.5,1945871
3497,1495,15 11 4,33.5,1945871
3498,1460,1 4 4,40,1945853
3499,1491,12 0 12,36.0,1945852
3500,1495,12 0 13,36.0,1945852
3501,1496,9 0 3,39.0,1945844
3502,1490,13 8 6,34.5,1945833
3503,1497,14 6 5,35.0,1945783
3504,1492,12 1 14,35.5,1945746
3505,1494,13 5 5,35.5,1945655
3506,1497,13 5 6,35.5,1945655
3507,1490,10 3 6,37.0,1945644
3508,1492,10 2 5,37.5,1945638
3509,1492,15 6 14,33.0,1945594
3510,1497,12 2 4,37.0,1945571
3511,1465,2 3 4,40,1945542
3512,1498,15 7 4,34.5,1945534
3513,1458,1 0 10,40,1945508
3514,1495,12 3 5,36.5,1945469
3515,1494,10 1 4,38.0,1945417
3516,1489,14 0 12,35.5,1945389
3517,1490,14 9 5,34.0,1945352
3518,1494,14 9 6,34.0,1945352
3519,1489,14 11 5,33.5,1945304
3520,1483,6 0 2,40,1945261
3521,1487,6 0 3,40,1945261
3522,1495,15 3 13,34.0,1945215
3523,1498,14 1 13,35.0,1945170
3524,1491,15 13 3,33.0,1945167
3525,1493,12 4 6,36.0,1945150
3526,1470,3 2 4,40,1945023
3527,1495,10 0 3,38.5,1944981
3528,1499,10 0 4,38.5,1944981
3529,1491,13 6 6,35.0,1944903
3530,1495,13 6 7,35.0,1944903
3531,1495,14 7 6,34.5,1944814
3532,1495,14 2 14,34.5,1944727
3533,1491,12 5 7,35.5,1944614
3534,1494,15 10 5,33.5,1944493
3535,1494,11 2 6,37.0,1944369
3536,1495,15 8 5,34.0,1944347
3537,1498,15 8 6,34.0,1944347
3538,1498,14 4 5,35.5,1944330
3539,1493,15 4 14,33.5,1944321
3540,1475,4 1 4,40,1944297
3541,1492,11 3 7,36.5,1944267
3542,1496,11 1 5,37.5,1944255
3543,1493,13 0 13,35.5,1944077
3544,1497,13 0 14,35.5,1944077
3545,1489,14 3 14,34.0,1944058
3546,1492,14 3 15,34.0,1944058
3547,1489,15 12 4,33.0,1944056
3548,1492,15 12 5,33.0,1944056
3549,1488,13 2 5,36.5,1944018
3550,1490,9 1 6,38.0,1943964
3551,1490,11 4 8,36.0,1943948
3552,1498,11 0 4,38.0,1943924
3553,1489,15 15 3,32.5,1943892
3554,1491,13 1 14,35.0,1943859
3555,1497,13 3 6,36.0,1943806
3556,1496,14 5 6,35.0,1943681
3557,1499,14 5 7,35.0,1943681
3558,1492,14 8 7,34.0,1943627
3559,1499,15 6 6,34.5,1943609
3560,1492,9 0 5,38.5,1943528
3561,1452,0 4 5,40,1943389
3562,1495,13 4 7,35.5,1943376
3563,1480,5 0 4,40,1943364
3564,1490,15 5 15,33.0,1943202
3565,1458,1 3 5,40,1943181
3566,1499,15 1 14,34.5,1942997
3567,1492,15 9 6,33.5,1942943
3568,1493,12 2 6,36.5,1942905
3569,1497,12 2 7,36.5,1942905
3570,1499,12 1 6,37.0,1942899
3571,1490,10 1 6,37.5,1942893
3572,1493,14 6 7,34.5,1942815
3573,1491,15 11 6,33.0,1942774
3574,1463,2 2 5,40,1942763
3575,1493,13 5 8,35.0,1942728
3576,1451,0 0 11,40,1942705
3577,1491,12 3 7,36.0,1942693
3578,1494,12 3 8,36.0,1942693
3579,1490,12 0 15,35.5,1942611
3580,1492,10 0 5,38.0,1942563
3581,1495,10 0 6,38.0,1942563
3582,1497,15 7 7,34.0,1942524
3583,1493,15 2 14,34.0,1942437
3584,1497,15 2 15,34.0,1942437
3585,1488,15 4 6,35.0,1942272
3586,1489,14 9 8,33.5,1942224
3587,1468,3 1 5,40,1942138
3588,1495,14 0 14,35.0,1942105
3589,1499,14 3 7,35.5,1941947
3590,1490,13 6 9,34.5,1941862
3591,1493,14 1 15,34.5,1941772
3592,1490,14 7 8,34.0,1941730
3593,1490,15 3 15,33.5,1941651
3594,1490,11 2 8,36.5,1941633
3595,1492,11 1 7,37.0,1941627
3596,1497,15 5 7,34.5,1941509
3597,1497,14 4 8,35.0,1941404
3598,1494,11 0 6,37.5,1941403
3599,1498,13 1 6,36.5,1941348
3600,1489,15 10 7,33.0,1941322
3601,1473,4 0 5,40,1941303
3602,1495,13 2 7,36.0,1941244
3603,1499,13 2 8,36.0,1941244
3604,1490,15 8 7,33.5,1941220
3605,1494,15 8 8,33.5,1941220
3606,1493,12 8 0,36.0,1940938
3607,1493,13 3 8,35.5,1940921
3608,1490,10 5 0,37.5,1940680
3609,1450,0 3 6,40,1940651
3610,1491,14 5 8,34.5,1940642
3611,1494,14 5 9,34.5,1940642
3612,1495,15 6 8,34.0,1940527
3613,1491,13 4 9,35.0,1940379
3614,1456,1 2 6,40,1940336
3615,1495,12 1 8,36.5,1940164
3616,1492,12 2 9,36.0,1940061
3617,1497,12 0 7,37.0,1940048
3618,1498,13 7 0,36.0,1940008
3619,1491,10 0 8,37.5,1939972
3620,1497,15 0 15,34.5,1939935
3621,1494,12 6 0,36.5,1939899
3622,1461,2 1 6,40,1939812
3623,1490,12 3 10,35.5,1939738
3624,1491,15 9 9,33.0,1939698
3625,1492,14 6 10,34.0,1939660
3626,1495,11 4 0,37.5,1939620
3627,1488,14 1 7,36.0,1939602
3628,1491,9 3 0,38.5,1939513
3629,1491,13 10 0,35.0,1939509
3630,1489,11 5 0,37.0,1939415
3631,1493,11 5 1,37.0,1939415
3632,1497,14 2 8,35.5,1939388
3633,1492,15 7 9,33.5,1939325
3634,1491,12 7 1,36.0,1939271
3635,1495,15 4 8,34.5,1939235
3636,1499,15 4 9,34.5,1939235
3637,1492,13 8 0,35.5,1939168
3638,1466,3 0 6,40,1939077
3639,1491,11 6 2,36.5,1938998
3640,1495,14 3 9,35.0,1938952
3641,1456,1 6 0,40,1938785
3642,1498,13 5 0,36.5,1938767
3643,1490,11 0 8,37.0,1938707
3644,1496,14 9 0,35.0,1938689
3645,1451,0 7 0,40,1938683
3646,1461,2 5 0,40,1938683
3647,1490,10 3 0,38.0,1938549
3648,1497,13 1 9,36.0,1938506
3649,1499,13 0 8,36.5,1938500
3650,1467,3 4 0,40,1938378
3651,1489,12 3 0,37.5,1938367
3652,1493,15 5 9,34.0,1938357
3653,1496,15 5 10,34.0,1938357
3654,1496,10 2 0,38.5,1938332
3655,1492,14 4 10,34.5,1938296
3656,1491,13 2 9,35.5,1938291
3657,1494,13 2 10,35.5,1938291
3658,1494,12 4 0,37.0,1938267
3659,1498,12 4 1,37.0,1938267
3660,1496,13 6 1,36.0,1938241
3661,1496,14 7 0,35.5,1938152
3662,1489,13 9 1,35.0,1938117
3663,1492,12 5 1,36.5,1937954
3664,1496,12 5 2,36.5,1937954
3665,1489,15 8 10,33.0,1937904
3666,1472,4 3 0,40,1937869
3667,1448,0 2 7,40,1937742
3668,1452,0 2 8,40,1937742
3669,1489,15 8 0,35.0,1937688
3670,1490,13 7 1,35.5,1937502
3671,1494,13 7 2,35.5,1937502
3672,1490,12 6 2,36.0,1937428
3673,1489,14 10 0,34.5,1937427
3674,1493,14 10 1,34.5,1937427
3675,1490,14 5 11,34.0,1937418
3676,1493,11 3 1,37.5,1937392
3677,1499,15 2 9,35.0,1937335
3678,1454,1 1 7,40,1937320
3679,1457,1 1 8,40,1937320
3680,1491,11 4 2,37.0,1937291
3681,1495,11 2 0,38.0,1937279
3682,1490,15 6 10,33.5,1937258
3683,1490,12 1 10,36.0,1937253
3684,1492,12 0 9,36.5,1937247
3685,1494,14 8 1,35.0,1937201
3686,1477,5 2 0,40,1937156
3687,1489,11 1 0,38.5,1936954
3688,1499,13 3 0,37.0,1936928
3689,1497,15 3 10,34.5,1936786
3690,1496,13 4 1,36.5,1936720
3691,1489,13 4 2,36.5,1936720
3692,1459,2 0 7,40,1936686
3693,1462,2 0 8,40,1936686
3694,1491,9 1 0,39.0,1936676
3695,1495,14 1 9,35.5,1936652
3696,1499,14 1 10,35.5,1936652
3697,1491,13 8 3,35.0,1936551
3698,1449,0 6 1,40,1936544
3699,1454,1 5 1,40,1936544
3700,1494,15 9 0,34.5,1936523
3701,1498,15 9 1,34.5,1936523
3702,1495,14 6 1,35.5,1936387
3703,1498,14 6 2,35.5,1936387
3704,1493,15 11 0,34.0,1936361
3705,1460,2 4 1,40,1936339
3706,1493,14 2 10,35.0,1936325
3707,1494,13 5 2,36.0,1936297
3708,1490,10 3 3,37.5,1936253
3709,1481,6 1 0,40,1936240
3710,1492,10 2 2,38.0,1936141
3711,1498,15 7 1,35.0,1936101
3712,1496,12 3 2,37.0,1936040
3713,1491,14 9 2,34.5,1936036
3714,1498,12 2 1,37.5,1936034
3715,1494,15 4 11,34.0,1936014
3716,1490,14 11 2,34.0,1935953
3717,1465,3 3 1,40,1935929
3718,1494,12 4 3,36.5,1935832
3719,1494,10 1 1,38.5,1935816
3720,1488,12 1 0,38.0,1935814
3721,1490,14 3 11,34.5,1935776
3722,1492,13 6 3,35.5,1935661
3723,1492,15 13 0,33.5,1935622
3724,1495,13 0 10,36.0,1935591
3725,1492,14 7 2,35.0,1935537
3726,1496,14 7 3,35.0,1935537
3727,1492,13 1 11,35.5,1935486
3728,1491,12 5 4,36.0,1935410
3729,1470,4 2 1,40,1935315
3730,1495,10 0 0,39.0,1935280
3731,1490,13 2 12,35.0,1935159
3732,1491,15 10 1,34.0,1935146
3733,1495,15 10 2,34.0,1935146
3734,1486,7 0 0,40,1935120
3735,1499,15 5 1,35.5,1935086
3736,1496,15 8 2,34.5,1935036
3737,1491,15 5 12,33.5,1935019
3738,1491,11 2 2,37.5,1934985
3739,1495,11 2 3,37.5,1934985
3740,1499,14 4 2,36.0,1934978
3741,1488,15 0 9,35.5,1934820
3742,1489,13 7 4,35.0,1934811
3743,1493,11 1 1,38.0,1934765
3744,1497,11 1 2,38.0,1934765
3745,1490,15 12 1,33.5,1934675
3746,1450,0 1 9,40,1934662
3747,1497,15 1 10,35.0,1934602
3748,1489,13 2 2,37.0,1934596
3749,1475,5 1 1,40,1934495
3750,1498,13 3 3,36.5,1934495
3751,1490,14 8 3,34.5,1934472
3752,1496,14 5 3,35.5,1934446
3753,1497,15 6 2,35.0,1934338
3754,1489,15 6 3,35.0,1934338
3755,1498,11 0 1,38.5,1934331
3756,1447,0 5 2,40,1934234
3757,1451,0 5 3,40,1934234
3758,1492,13 4 3,36.0,1934177
3759,1496,13 4 4,36.0,1934177
3760,1495,15 2 11,34.5,1934161
3761,1455,1 0 9,40,1934131
3762,1453,1 4 2,40,1934131
3763,1456,1 4 3,40,1934131
3764,1492,9 0 2,39.0,1933979
3765,1458,2 3 2,40,1933821
3766,1461,2 3 3,40,1933821
3767,1493,15 9 3,34.0,1933757
3768,1497,14 0 11,35.5,1933740
3769,1494,14 6 4,35.0,1933697
3770,1490,13 5 4,35.5,1933645
3771,1494,12 2 3,37.0,1933635
3772,1490,10 1 3,38.0,1933554
3773,1492,12 3 4,36.5,1933533
3774,1491,14 1 11,35.0,1933522
3775,1494,14 1 12,35.0,1933522
3776,1496,12 1 2,37.5,1933521
3777,1499,12 1 3,37.5,1933521
3778,1492,15 3 12,34.0,1933496
3779,1479,6 0 1,40,1933471
3780,1494,15 7 3,34.5,1933374
3781,1463,3 2 2,40,1933306
3782,1466,3 2 3,40,1933306
3783,1489,12 4 5,36.0,1933216
3784,1497,12 0 1,38.0,1933192
3785,1492,10 0 2,38.5,1933121
3786,1492,14 2 13,34.5,1933082
3787,1497,14 3 3,36.0,1932755
3788,1489,14 3 4,36.0,1932755
3789,1491,14 7 5,34.5,1932734
3790,1489,15 4 13,33.5,1932608
3791,1468,4 1 2,40,1932585
3792,1471,4 1 3,40,1932585
3793,1491,11 2 5,37.0,1932513
3794,1490,13 0 12,35.5,1932505
3795,1493,11 1 4,37.5,1932400
3796,1498,15 5 4,35.0,1932398
3797,1494,14 4 4,35.5,1932328
3798,1490,15 10 4,33.5,1932263
3799,1491,15 8 4,34.0,1932194
3800,1496,13 2 4,36.5,1932091
3801,1498,13 1 3,37.0,1932085
3802,1495,11 0 3,38.0,1932071
3803,1494,13 3 5,36.0,1931881
3804,1489,13 0 2,37.5,1931863
3805,1449,0 4 4,40,1931752
3806,1495,15 0 11,35.0,1931693
3807,1498,15 0 12,35.0,1931693
3808,1492,14 5 5,35.0,1931683
3809,1473,5 0 2,40,1931657
3810,1476,5 0 3,40,1931657
3811,1454,1 3 4,40,1931545
3812,1492,15 6 4,34.5,1931537
3813,1496,15 6 5,34.5,1931537
3814,1492,13 4 6,35.5,1931453
3815,1448,0 0 10,40,1931410
3816,1492,15 1 12,34.5,1931362
3817,1496,15 1 13,34.5,1931362
3818,1459,2 2 4,40,1931130
3819,1490,12 2 5,36.5,1931058
3820,1492,12 1 4,37.0,1931052
3821,1495,12 1 5,37.0,1931052
3822,1497,12 0 4,37.5,1930829
3823,1499,15 3 4,35.5,1930822
3824,1489,14 6 6,34.5,1930822
3825,1489,13 5 7,35.0,1930809
3826,1490,15 2 13,34.0,1930806
3827,1492,14 0 13,35.0,1930545
3828,1464,3 1 4,40,1930508
3829,1490,15 7 5,34.0,1930458
3830,1493,15 7 6,34.0,1930458
3831,1489,14 1 4,36.5,1930457
3832,1498,14 2 5,36.0,1930354
3833,1496,15 4 5,35.0,1930283
3834,1489,14 1 14,34.5,1930214
3835,1492,14 3 5,35.5,1930033
3836,1496,14 3 6,35.5,1930033
3837,1469,4 0 4,40,1929679
3838,1491,11 0 5,37.5,1929637
3839,1494,15 5 6,34.5,1929525
3840,1494,13 1 5,36.5,1929510
3841,1490,14 4 6,35.0,1929494
3842,1494,14 4 7,35.0,1929494
3843,1492,13 2 6,36.0,1929407
3844,1496,13 0 4,37.0,1929395
3845,1488,13 0 5,37.0,1929395
3846,1447,0 3 5,40,1929100
3847,1490,13 3 7,35.5,1929086
3848,1452,1 2 5,40,1928787
3849,1491,15 6 7,34.0,1928549
3850,1497,15 2 5,35.5,1928424
3851,1489,15 2 6,35.5,1928424
3852,1491,12 1 7,36.5,1928405
3853,1494,15 0 14,34.5,1928388
3854,1493,12 0 6,37.0,1928290
3855,1457,2 1 5,40,1928265
3856,1494,15 3 6,35.0,1927990
3857,1498,15 3 7,35.0,1927990
3858,1491,15 1 15,34.0,1927941
3859,1496,14 1 6,36.0,1927776
3860,1498,14 0 5,36.5,1927769
3861,1494,14 2 7,35.5,1927562
3862,1462,3 0 5,40,1927535
3863,1492,15 4 7,34.5,1927338
3864,1492,14 3 8,35.0,1927129
3865,1490,13 1 7,36.0,1926757
3866,1493,13 1 8,36.0,1926757
3867,1492,13 0 6,36.5,1926751
3868,1495,13 0 7,36.5,1926751
3869,1489,14 4 9,34.5,1926477
3870,1489,15 5 8,34.0,1926466
3871,1445,0 2 6,40,1926276
3872,1492,13 6 0,36.0,1926051
3873,1489,15 0 6,36.0,1925952
3874,1450,1 1 6,40,1925856
3875,1498,15 1 7,35.5,1925847
3876,1496,15 2 8,35.0,1925522
3877,1490,11 3 0,37.5,1925358
3878,1455,2 0 6,40,1925227
3879,1494,14 0 7,36.0,1925019
3880,1498,14 0 8,36.0,1925019
3881,1490,15 3 8,34.5,1924976
3882,1493,15 3 9,34.5,1924976
3883,1490,14 8 0,35.0,1924940
3884,1492,14 1 8,35.5,1924915
3885,1497,14 5 0,36.0,1924841
3886,1446,0 6 0,40,1924736
3887,1451,1 5 0,40,1924736
3888,1493,13 4 0,36.5,1924615
3889,1489,14 2 9,35.0,1924589
3890,1456,2 4 0,40,1924532
3891,1491,15 4 10,34.0,1924209
3892,1491,14 6 0,35.5,1924209
3893,1491,13 5 1,36.0,1924196
3894,1461,3 3 0,40,1924125
3895,1492,12 3 1,37.0,1924015
3896,1494,12 2 0,37.5,1924009
3897,1491,13 0 9,36.0,1923931
3898,1490,10 1 0,38.5,1923867
3899,1495,15 7 0,35.0,1923847
3900,1490,12 4 2,36.5,1923808
3901,1466,4 2 0,40,1923514
3902,1443,0 1 7,40,1923281
3903,1446,0 1 8,40,1923281
3904,1497,14 3 0,36.5,1923200
3905,1496,15 0 8,35.5,1923094
3906,1495,15 5 0,35.5,1922916
3907,1495,14 4 1,36.0,1922885
3908,1494,15 1 9,35.0,1922877
3909,1492,15 8 1,34.5,1922789
3910,1448,1 0 7,40,1922753
3911,1452,1 0 8,40,1922753
3912,1471,5 1 0,40,1922700
3913,1493,13 2 0,37.0,1922580
3914,1497,13 2 1,37.0,1922580
3915,1444,0 5 1,40,1922511
3916,1491,13 3 1,36.5,1922479
3917,1495,13 3 2,36.5,1922479
3918,1498,13 1 0,37.5,1922467
3919,1491,15 2 10,34.5,1922439
3920,1449,1 4 1,40,1922409
3921,1495,11 0 0,38.5,1922391
3922,1489,14 5 1,35.5,1922355
3923,1493,14 5 2,35.5,1922355
3924,1493,15 6 1,35.0,1922172
3925,1454,2 3 1,40,1922101
3926,1490,14 0 9,35.5,1922091
3927,1493,14 0 10,35.5,1922091
3928,1490,12 2 2,37.0,1921699
3929,1476,6 0 0,40,1921682
3930,1490,14 6 3,35.0,1921612
3931,1459,3 2 1,40,1921589
3932,1492,12 1 1,37.5,1921586
3933,1490,15 9 2,34.0,1921518
3934,1499,15 3 1,36.0,1921387
3935,1494,12 0 0,38.0,1921259
3936,1491,15 7 2,34.5,1921214
3937,1494,15 4 1,35.5,1920961
3938,1497,15 4 2,35.5,1920961
3939,1495,14 2 1,36.5,1920960
3940,1499,14 2 2,36.5,1920960
3941,1497,14 1 0,37.0,1920954
3942,1464,4 1 1,40,1920872
3943,1493,14 3 2,36.0,1920751
3944,1491,14 4 3,35.5,1920326
3945,1491,15 5 2,35.0,1920321
3946,1495,15 5 3,35.0,1920321
3947,1491,11 0 2,38.0,1920218
3948,1493,13 2 3,36.5,1920165
3949,1495,13 1 2,37.0,1920159
3950,1444,0 0 9,40,1920115
3951,1442,0 4 2,40,1920115
3952,1446,0 4 3,40,1920115
3953,1492,15 0 10,35.0,1920056
3954,1490,13 3 4,36.0,1919956
3955,1469,5 0 1,40,1919950
3956,1496,13 0 1,37.5,1919938
3957,1447,1 3 2,40,1919909
3958,1451,1 3 3,40,1919909
3959,1489,15 1 11,34.5,1919727
3960,1452,2 2 2,40,1919497
3961,1456,2 2 3,40,1919497
3962,1488,15 1 1,36.5,1919251
3963,1497,15 2 2,36.0,1919149
3964,1490,12 0 2,37.5,1918984
3965,1494,12 0 3,37.5,1918984
3966,1457,3 1 2,40,1918879
3967,1461,3 1 3,40,1918879
3968,1495,15 3 3,35.5,1918829
3969,1497,14 1 3,36.5,1918541
3970,1491,14 2 3,36.0,1918439
3971,1495,14 2 4,36.0,1918439
3972,1499,14 0 2,37.0,1918427
3973,1493,15 4 4,35.0,1918293
3974,1462,4 0 2,40,1918054
3975,1466,4 0 3,40,1918054
3976,1490,13 1 4,36.5,1917673
3977,1492,13 0 3,37.0,1917558
3978,1444,0 3 4,40,1917548
3979,1490,15 5 5,34.5,1917540
3980,1449,1 2 4,40,1917237
3981,1490,15 0 13,34.5,1916840
3982,1495,15 1 3,36.0,1916732
3983,1499,15 1 4,36.0,1916732
3984,1454,2 1 4,40,1916719
3985,1490,12 0 5,37.0,1916533
3986,1493,15 2 4,35.5,1916520
3987,1491,15 3 5,35.0,1916089
3988,1459,3 0 4,40,1915993
3989,1493,14 1 5,36.0,1915949
3990,1495,14 0 4,36.5,1915943
3991,1490,14 2 6,35.5,1915737
3992,1442,0 2 5,40,1914810
3993,1447,1 1 5,40,1914393
3994,1497,15 0 5,36.0,1914136
3995,1491,15 1 5,35.5,1914032
3996,1495,15 1 6,35.5,1914032
3997,1452,2 0 5,40,1913767
3998,1492,15 2 7,35.0,1913709
3999,1491,14 0 6,36.0,1913281
4000,1440,0 1 6,40,1911901
4001,1445,1 0 6,40,1911376
4002,1493,15 0 7,35.5,1911367
4003,1490,15 1 8,35.0,1911153
4004,1492,14 4 0,36.0,1910791
4005,1440,0 5 0,40,1910788
4006,1446,1 4 0,40,1910687
4007,1451,2 3 0,40,1910381
4008,1489,15 6 0,35.0,1910006
4009,1456,3 2 0,40,1909872
4010,1496,15 3 0,36.0,1909302
4011,1461,4 1 0,40,1909160
4012,1492,14 2 0,36.5,1908954
4013,1490,15 4 0,35.5,1908880
4014,1438,0 0 7,40,1908820
4015,1441,0 0 8,40,1908820
4016,1490,14 3 1,36.0,1908746
4017,1439,0 4 1,40,1908478
4018,1444,1 3 1,40,1908273
4019,1466,5 0 0,40,1908243
4020,1491,13 1 1,37.0,1908233
4021,1493,13 0 0,37.5,1908012
4022,1449,2 2 1,40,1907864
4023,1496,15 1 0,36.5,1907256
4024,1454,3 1 1,40,1907249
4025,1494,15 2 1,36.0,1907154
4026,1492,15 3 2,35.5,1906837
4027,1490,14 1 1,36.5,1906625
4028,1493,14 1 2,36.5,1906625
4029,1492,14 0 0,37.0,1906511
4030,1495,14 0 1,37.0,1906511
4031,1459,4 0 1,40,1906430
4032,1489,15 4 3,35.0,1906304
4033,1437,0 3 2,40,1905997
4034,1440,0 3 3,40,1905997
4035,1442,1 2 2,40,1905688
4036,1445,1 2 3,40,1905688
4037,1447,2 1 2,40,1905172
4038,1450,2 1 3,40,1905172
4039,1492,15 1 2,36.0,1904827
4040,1494,15 0 1,36.5,1904821
4041,1498,15 0 2,36.5,1904821
4042,1490,15 2 3,35.5,1904616
4043,1452,3 0 2,40,1904451
4044,1455,3 0 3,40,1904451
4045,1491,14 0 3,36.5,1904116
4046,1438,0 2 4,40,1903344
4047,1443,1 1 4,40,1902929
4048,1490,15 0 3,36.0,1902320
4049,1493,15 0 4,36.0,1902320
4050,1448,2 0 4,40,1902307
4051,1436,0 1 5,40,1900520
4052,1441,1 0 5,40,1899999
4053,1434,0 0 6,40,1897526
4054,1435,0 4 0,40,1896841
4055,1440,1 3 0,40,1896637
4056,1445,2 2 0,40,1896230
4057,1450,3 1 0,40,1895619
4058,1490,15 2 0,36.0,1895159
4059,1455,4 0 0,40,1894805
4060,1433,0 3 1,40,1894445
4061,1438,1 2 1,40,1894138
4062,1443,2 1 1,40,1893626
4063,1490,15 0 0,36.5,1892916
4064,1448,3 0 1,40,1892909
4065,1431,0 2 2,40,1891878
4066,1435,0 2 3,40,1891878
4067,1437,1 1 2,40,1891466
4068,1440,1 1 3,40,1891466
4069,1441,2 0 2,40,1890848
4070,1445,2 0 3,40,1890848
4071,1433,0 1 4,40,1889140
4072,1438,1 0 4,40,1888622
4073,1431,0 0 5,40,1886231
4074,1430,0 3 0,40,1882894
4075,1435,1 2 0,40,1882588
4076,1440,2 1 0,40,1882079
4077,1445,3 0 0,40,1881367
4078,1428,0 2 1,40,1880412
4079,1433,1 1 1,40,1880003
4080,1438,2 0 1,40,1879388
4081,1426,0 1 2,40,1877760
4082,1430,0 1 3,40,1877760
4083,1431,1 0 2,40,1877244
4084,1435,1 0 3,40,1877244
4085,1428,0 0 4,40,1874936
4086,1425,0 2 0,40,1868946
4087,1430,1 1 0,40,1868539
4088,1435,2 0 0,40,1867928
4089,1423,0 1 1,40,1866379
4090,1428,1 0 1,40,1865867
4091,1421,0 0 2,40,1863641
4092,1424,0 0 3,40,1863641
4093,1419,0 1 0,40,1854999
4094,1424,1 0 0,40,1854490
4095,1417,0 0 1,40,1852346
4096,1414,0 0 0,40,1841052
