rank,cp,ivs,maxlevel,stat-product,stats
1,1500,1 15 14,23,1676850,133.9 115.96 108
2,1500,0 8 15,23.5,1669526,134.7 112.68 110
3,1497,0 15 15,23,1668827,133.26 115.96 108
4,1493,0 15 14,23,1668827,133.26 115.96 108
5,1500,1 14 15,23,1667585,133.9 115.32 108
6,1496,1 14 14,23,1667585,133.9 115.32 108
7,1499,0 11 12,23.5,1667433,134.7 114.62 108
8,1499,2 13 14,23,1666256,134.54 114.68 108
9,1498,0 14 9,23.5,1664293,134.7 116.56 106
10,1500,0 9 14,23.5,1663857,134.7 113.33 109
11,1499,0 12 11,23.5,1661327,134.7 115.27 107
12,1495,1 15 13,23,1661323,133.9 115.96 107
13,1498,2 14 13,23,1660050,134.54 115.32 107
14,1495,0 7 15,23.5,1659931,134.7 112.03 110
15,1493,0 14 15,23,1659606,133.26 115.32 108
16,1488,0 14 14,23,1659606,133.26 115.32 108
17,1496,1 13 15,23,1658321,133.9 114.68 108
18,1491,1 13 14,23,1658321,133.9 114.68 108
19,1498,1 6 15,23.5,1658271,135.34 111.38 110
20,1499,0 10 13,23.5,1658012,134.7 113.97 108
21,1495,0 10 12,23.5,1658012,134.7 113.97 108
22,1498,0 15 8,23.5,1657751,134.7 117.21 105
23,1499,2 12 15,23,1656947,134.54 114.04 108
24,1494,2 12 14,23,1656947,134.54 114.04 108
25,1498,1 9 12,23.5,1656518,135.34 113.33 108
26,1500,5 15 15,22.5,1656302,134.97 114.69 107
27,1495,5 15 14,22.5,1656302,134.97 114.69 107
28,1497,3 11 14,23,1655484,135.18 113.4 108
29,1499,0 13 10,23.5,1655047,134.7 115.92 106
30,1494,0 13 9,23.5,1655047,134.7 115.92 106
31,1498,6 14 14,22.5,1654884,135.6 114.06 107
32,1495,0 8 14,23.5,1654349,134.7 112.68 109
33,1500,4 10 14,23,1653933,135.82 112.75 108
34,1497,1 12 9,23.5,1653713,135.34 115.27 106
35,1498,2 15 12,23,1653672,134.54 115.96 106
36,1494,2 15 11,23,1653672,134.54 115.96 106
37,1499,4 15 9,23,1653672,135.82 115.96 105
38,1488,0 15 13,23,1653374,133.26 115.96 107
39,1498,1 7 14,23.5,1652749,135.34 112.03 109
40,1499,0 9 7,24,1652498,136.12 114.53 106
41,1496,3 14 11,23,1652366,135.18 115.32 106
42,1500,2 11 9,23.5,1652291,135.99 114.62 106
43,1491,1 14 13,23,1652145,133.9 115.32 107
44,1495,0 11 11,23.5,1651994,134.7 114.62 107
45,1500,0 1 15,24,1651340,136.12 109.29 111
46,1499,4 13 11,23,1650974,135.82 114.68 106
47,1494,2 13 13,23,1650827,134.54 114.68 107
48,1500,0 4 12,24,1650717,136.12 111.25 109
49,1498,1 10 11,23.5,1650558,135.34 113.97 107
50,1489,0 13 15,23,1650386,133.26 114.68 108
51,1484,0 13 14,23,1650386,133.26 114.68 108
52,1491,0 6 15,23.5,1650336,134.7 111.38 110
53,1500,1 15 7,23.5,1649857,135.34 117.21 104
54,1496,1 15 6,23.5,1649857,135.34 117.21 104
55,1497,3 12 13,23,1649422,135.18 114.04 107
56,1498,0 12 4,24,1649113,136.12 116.49 104
57,1492,1 12 15,23,1649057,133.9 114.04 108
58,1487,1 12 14,23,1649057,133.9 114.04 108
59,1500,2 9 11,23.5,1649032,135.99 113.33 107
60,1500,0 7 9,24,1649024,136.12 113.22 107
61,1494,1 5 15,23.5,1648630,135.34 110.74 110
62,1495,0 9 13,23.5,1648592,134.7 113.33 108
63,1491,0 9 12,23.5,1648592,134.7 113.33 108
64,1494,0 14 8,23.5,1648592,134.7 116.56 105
65,1499,2 14 6,23.5,1648592,135.99 116.56 104
66,1493,4 15 15,22.5,1648526,134.33 114.69 107
67,1488,4 15 14,22.5,1648526,134.33 114.69 107
68,1498,6 15 13,22.5,1648526,135.6 114.69 106
69,1500,4 11 13,23,1647929,135.82 113.4 107
70,1495,2 11 15,23,1647638,134.54 113.4 108
71,1490,2 11 14,23,1647638,134.54 113.4 108
72,1497,1 13 8,23.5,1647315,135.34 115.92 105
73,1496,5 14 15,22.5,1647151,134.97 114.06 107
74,1491,5 14 14,22.5,1647151,134.97 114.06 107
75,1498,1 8 13,23.5,1647052,135.34 112.68 108
76,1494,1 8 12,23.5,1647052,135.34 112.68 108
77,1497,2 4 15,23.5,1646831,135.99 110.09 110
78,1499,0 10 6,24,1646262,136.12 115.18 105
79,1497,3 10 15,23,1646131,135.18 112.75 108
80,1493,3 10 14,23,1646131,135.18 112.75 108
81,1500,2 12 8,23.5,1645950,135.99 115.27 105
82,1496,3 15 10,23,1645871,135.18 115.96 105
83,1492,3 15 9,23,1645871,135.18 115.96 105
84,1494,0 12 10,23.5,1645801,134.7 115.27 106
85,1490,0 12 9,23.5,1645801,134.7 115.27 106
86,1491,1 15 12,23,1645797,133.9 115.96 106
87,1486,1 15 11,23,1645797,133.9 115.96 106
88,1498,6 13 15,22.5,1645690,135.6 113.42 107
89,1494,6 13 14,22.5,1645690,135.6 113.42 107
90,1496,2 7 12,23.5,1645422,135.99 112.03 108
91,1500,0 5 11,24,1645193,136.12 111.91 108
92,1499,3 3 15,23.5,1644939,136.64 109.44 110
93,1491,0 7 14,23.5,1644841,134.7 112.03 109
94,1496,0 15 1,24,1644659,136.12 118.45 102
95,1500,4 9 15,23,1644535,135.82 112.11 108
96,1496,4 9 14,23,1644535,135.82 112.11 108
97,1494,2 14 12,23,1644535,134.54 115.32 106
98,1489,2 14 11,23,1644535,134.54 115.32 106
99,1499,4 14 10,23,1644535,135.82 115.32 105
100,1494,4 14 9,23,1644535,135.82 115.32 105
101,1497,1 11 10,23.5,1644423,135.34 114.62 106
102,1493,1 11 9,23.5,1644423,135.34 114.62 106
103,1484,0 14 13,23,1644240,133.26 115.32 107
104,1497,7 12 14,22.5,1644144,136.23 112.79 107
105,1499,3 6 12,23.5,1643700,136.64 111.38 108
106,1499,1 14 1,24,1643436,136.78 117.8 102
107,1494,1 6 14,23.5,1643196,135.34 111.38 109
108,1497,3 13 12,23,1643187,135.18 114.68 106
109,1492,3 13 11,23,1643187,135.18 114.68 106
110,1497,5 13 9,23,1643113,136.46 114.68 105
111,1500,0 8 8,24,1643055,136.12 113.87 106
112,1495,0 8 7,24,1643055,136.12 113.87 106
113,1487,1 13 13,23,1642966,133.9 114.68 107
114,1500,2 10 10,23.5,1642956,135.99 113.97 106
115,1496,2 10 9,23.5,1642956,135.99 113.97 106
116,1499,5 8 14,23,1642851,136.46 111.47 108
117,1490,0 10 11,23.5,1642660,134.7 113.97 107
118,1499,8 11 14,22.5,1642511,136.87 112.16 107
119,1498,0 13 3,24,1642432,136.12 117.14 103
120,1493,0 15 7,23.5,1641963,134.7 117.21 104
121,1489,0 15 6,23.5,1641963,134.7 117.21 104
122,1498,2 15 5,23.5,1641811,135.99 117.21 103
123,1500,4 12 12,23,1641751,135.82 114.04 106
124,1495,4 12 11,23,1641751,135.82 114.04 106
125,1490,2 12 13,23,1641605,134.54 114.04 107
126,1500,6 12 9,23,1641605,137.1 114.04 105
127,1498,1 7 7,24,1641466,136.78 113.22 106
128,1497,2 5 14,23.5,1641459,135.99 110.74 109
129,1496,0 0 15,24,1641452,136.12 108.64 111
130,1499,3 9 9,23.5,1641400,136.64 113.33 106
131,1493,1 9 11,23.5,1641180,135.34 113.33 107
132,1485,0 12 15,23,1641166,133.26 114.04 108
133,1480,0 12 14,23,1641166,133.26 114.04 108
134,1496,0 3 12,24,1641006,136.12 110.6 109
135,1491,5 15 13,22.5,1640823,134.97 114.69 106
136,1486,3 15 15,22.5,1640750,133.7 114.69 107
137,1481,3 15 14,22.5,1640750,133.7 114.69 107
138,1487,0 5 15,23.5,1640741,134.7 110.74 110
139,1496,1 14 7,23.5,1640741,135.34 116.56 104
140,1492,1 14 6,23.5,1640741,135.34 116.56 104
141,1500,7 15 12,22.5,1640605,136.23 114.69 105
142,1496,7 15 11,22.5,1640605,136.23 114.69 105
143,1498,5 11 11,23,1640228,136.46 113.4 106
144,1493,3 11 13,23,1640156,135.18 113.4 107
145,1499,0 11 5,24,1639848,136.12 115.84 104
146,1494,0 11 4,24,1639848,136.12 115.84 104
147,1488,1 11 15,23,1639792,133.9 113.4 108
148,1483,1 11 14,23,1639792,133.9 113.4 108
149,1499,3 4 14,23.5,1639630,136.64 110.09 109
150,1496,2 8 11,23.5,1639609,135.99 112.68 107
151,1500,0 6 10,24,1639492,136.12 112.56 107
152,1496,0 6 9,24,1639492,136.12 112.56 107
153,1489,0 13 8,23.5,1639433,134.7 115.92 105
154,1499,2 13 7,23.5,1639433,135.99 115.92 104
155,1495,2 13 6,23.5,1639433,135.99 115.92 104
156,1488,4 14 15,22.5,1639418,134.33 114.06 107
157,1484,4 14 14,22.5,1639418,134.33 114.06 107
158,1494,6 14 13,22.5,1639418,135.6 114.06 106
159,1491,0 8 13,23.5,1639171,134.7 112.68 108
160,1486,0 8 12,23.5,1639171,134.7 112.68 108
161,1499,1 2 12,24,1639139,136.78 109.95 109
162,1499,8 14 11,22.5,1639129,136.87 114.06 105
163,1489,1 4 15,23.5,1638989,135.34 110.09 110
164,1496,4 10 13,23,1638618,135.82 112.75 107
165,1497,1 10 4,24,1638423,136.78 115.18 104
166,1490,2 10 15,23,1638329,134.54 112.75 108
167,1486,2 10 14,23,1638329,134.54 112.75 108
168,1492,1 12 8,23.5,1638112,135.34 115.27 105
169,1489,2 15 10,23,1638071,134.54 115.96 105
170,1484,2 15 9,23,1638071,134.54 115.96 105
171,1497,3 12 6,23.5,1638037,136.64 115.27 104
172,1491,5 13 15,22.5,1638000,134.97 113.42 107
173,1487,5 13 14,22.5,1638000,134.97 113.42 107
174,1499,3 7 11,23.5,1637949,136.64 112.03 107
175,1496,7 13 13,22.5,1637928,136.23 113.42 106
176,1484,0 15 12,23,1637922,133.26 115.96 106
177,1479,0 15 11,23,1637922,133.26 115.96 106
178,1494,4 15 8,23,1637922,135.82 115.96 104
179,1498,1 5 9,24,1637796,136.78 111.91 107
180,1494,1 7 13,23.5,1637586,135.34 112.03 108
181,1489,1 7 12,23.5,1637586,135.34 112.03 108
182,1499,6 15 6,23,1637477,137.1 115.96 103
183,1492,2 3 15,23.5,1637143,135.99 109.44 110
184,1498,5 9 13,23,1636994,136.46 112.11 107
185,1495,0 9 6,24,1636909,136.12 114.53 105
186,1500,2 9 4,24,1636909,137.43 114.53 104
187,1493,3 9 15,23,1636778,135.18 112.11 108
188,1489,3 9 14,23,1636778,135.18 112.11 108
189,1492,3 14 10,23,1636778,135.18 115.32 105
190,1487,3 14 9,23,1636778,135.18 115.32 105
191,1487,1 14 12,23,1636704,133.9 115.32 106
192,1482,1 14 11,23,1636704,133.9 115.32 106
193,1495,2 11 8,23.5,1636703,135.99 114.62 105
194,1497,5 14 8,23,1636556,136.46 115.32 104
195,1490,0 11 10,23.5,1636555,134.7 114.62 106
196,1486,0 11 9,23.5,1636555,134.7 114.62 106
197,1500,4 11 6,23.5,1636555,137.29 114.62 104
198,1494,6 12 15,22.5,1636497,135.6 112.79 107
199,1490,6 12 14,22.5,1636497,135.6 112.79 107
200,1496,0 1 14,24,1636463,136.12 109.29 110
201,1499,1 15 0,24,1636364,136.78 118.45 101
202,1499,8 12 13,22.5,1636354,136.87 112.79 106
203,1497,2 6 13,23.5,1635910,135.99 111.38 108
204,1492,2 6 12,23.5,1635910,135.99 111.38 108
205,1496,0 4 11,24,1635572,136.12 111.25 108
206,1497,0 14 2,24,1635572,136.12 117.8 102
207,1492,0 14 1,24,1635572,136.12 117.8 102
208,1490,2 13 12,23,1635399,134.54 114.68 106
209,1485,2 13 11,23,1635399,134.54 114.68 106
210,1495,4 13 10,23,1635399,135.82 114.68 105
211,1490,4 13 9,23,1635399,135.82 114.68 105
212,1498,1 8 6,24,1635380,136.78 113.87 105
213,1487,0 6 14,23.5,1635333,134.7 111.38 109
214,1495,3 2 15,23.5,1635206,136.64 108.79 110
215,1498,3 10 8,23.5,1635206,136.64 113.97 105
216,1496,4 8 15,23,1635138,135.82 111.47 108
217,1492,4 8 14,23,1635138,135.82 111.47 108
218,1493,1 10 10,23.5,1635132,135.34 113.97 106
219,1489,1 10 9,23.5,1635132,135.34 113.97 106
220,1480,0 13 13,23,1635105,133.26 114.68 107
221,1500,6 13 8,23,1635105,137.1 114.68 104
222,1497,7 11 15,22.5,1634907,136.23 112.16 107
223,1493,7 11 14,22.5,1634907,136.23 112.16 107
224,1500,0 2 7,24.5,1634735,137.53 111.08 107
225,1499,1 0 14,24,1634484,136.78 108.64 110
226,1494,9 15 15,22,1634479,135.97 113.41 106
227,1500,1 13 2,24,1634305,136.78 117.14 102
228,1495,1 13 1,24,1634305,136.78 117.14 102
229,1499,3 5 13,23.5,1634144,136.64 110.74 108
230,1495,3 5 12,23.5,1634144,136.64 110.74 108
231,1493,3 12 12,23,1634007,135.18 114.04 106
232,1488,3 12 11,23,1634007,135.18 114.04 106
233,1491,1 15 5,23.5,1633993,135.34 117.21 103
234,1499,11 15 13,22,1633981,137.22 113.41 105
235,1498,5 12 10,23,1633934,136.46 114.04 105
236,1493,5 12 9,23,1633934,136.46 114.04 105
237,1483,1 12 13,23,1633788,133.9 114.04 107
238,1499,1 3 11,24,1633768,136.78 110.6 108
239,1489,1 5 14,23.5,1633642,135.34 110.74 109
240,1496,2 9 10,23.5,1633621,135.99 113.33 106
241,1491,2 9 9,23.5,1633621,135.99 113.33 106
242,1496,3 15 3,23.5,1633613,136.64 117.21 102
243,1495,0 7 8,24,1633612,136.12 113.22 106
244,1491,0 7 7,24,1633612,136.12 113.22 106
245,1499,5 7 15,23,1633409,136.46 110.83 108
246,1494,5 7 14,23,1633409,136.46 110.83 108
247,1486,0 9 11,23.5,1633327,134.7 113.33 107
248,1493,0 12 3,24,1633256,136.12 116.49 103
249,1500,8 10 15,22.5,1633232,136.87 111.52 107
250,1495,8 10 14,22.5,1633232,136.87 111.52 107
251,1497,4 1 15,23.5,1633176,137.29 108.15 110
252,1484,4 15 13,22.5,1633119,134.33 114.69 106
253,1479,2 15 15,22.5,1632974,133.07 114.69 107
254,1474,2 15 14,22.5,1632974,133.07 114.69 107
255,1493,6 15 12,22.5,1632974,135.6 114.69 105
256,1489,6 15 11,22.5,1632974,135.6 114.69 105
257,1498,2 12 1,24,1632951,137.43 116.49 102
258,1497,10 14 15,22,1632939,136.59 112.78 106
259,1500,5 15 1,23.5,1632930,137.93 117.21 101
260,1489,0 14 7,23.5,1632891,134.7 116.56 104
261,1484,0 14 6,23.5,1632891,134.7 116.56 104
262,1499,0 5 4,24.5,1632825,137.53 113.07 105
263,1494,2 14 5,23.5,1632740,135.99 116.56 103
264,1498,8 15 10,22.5,1632538,136.87 114.69 104
265,1495,4 11 12,23,1632528,135.82 113.4 106
266,1491,4 11 11,23,1632528,135.82 113.4 106
267,1486,2 11 13,23,1632382,134.54 113.4 107
268,1496,6 11 9,23,1632382,137.1 113.4 105
269,1497,4 4 12,23.5,1632287,137.29 110.09 108
270,1499,4 14 3,23.5,1632287,137.29 116.56 102
271,1499,3 8 10,23.5,1632020,136.64 112.68 106
272,1494,3 8 9,23.5,1632020,136.64 112.68 106
273,1498,1 6 8,24,1631978,136.78 112.56 106
274,1494,1 6 7,24,1631978,136.78 112.56 106
275,1480,0 11 15,23,1631946,133.26 113.4 108
276,1476,0 11 14,23,1631946,133.26 113.4 108
277,1496,1 11 3,24,1631889,136.78 115.84 103
278,1492,2 4 14,23.5,1631859,135.99 110.09 109
279,1489,1 8 11,23.5,1631802,135.34 112.68 107
280,1487,5 14 13,22.5,1631757,134.97 114.06 106
281,1481,3 14 15,22.5,1631685,133.7 114.06 107
282,1477,3 14 14,22.5,1631685,133.7 114.06 107
283,1492,1 13 7,23.5,1631626,135.34 115.92 104
284,1487,1 13 6,23.5,1631626,135.34 115.92 104
285,1497,6 6 14,23,1631592,137.1 110.19 108
286,1496,7 14 12,22.5,1631540,136.23 114.06 105
287,1492,7 14 11,22.5,1631540,136.23 114.06 105
288,1498,9 9 14,22.5,1631470,137.5 110.89 107
289,1497,3 13 5,23.5,1631401,136.64 115.92 103
290,1499,11 13 15,22,1631316,137.22 112.16 106
291,1496,0 2 13,24,1631296,136.12 109.95 109
292,1492,0 2 12,24,1631296,136.12 109.95 109
293,1482,0 4 15,23.5,1631146,134.7 110.09 110
294,1500,5 0 15,23.5,1631054,137.93 107.5 110
295,1498,5 10 12,23,1630961,136.46 112.75 106
296,1494,5 10 11,23,1630961,136.46 112.75 106
297,1489,3 10 13,23,1630889,135.18 112.75 107
298,1499,7 10 9,23,1630745,137.74 112.75 105
299,1494,0 10 5,24,1630584,136.12 115.18 104
300,1490,0 10 4,24,1630584,136.12 115.18 104
301,1483,1 10 15,23,1630528,133.9 112.75 108
302,1479,1 10 14,23,1630528,133.9 112.75 108
303,1499,2 10 3,24,1630433,137.43 115.18 103
304,1500,0 0 9,24.5,1630369,137.53 109.76 108
305,1500,5 3 12,23.5,1630340,137.93 109.44 108
306,1497,4 7 9,23.5,1630331,137.29 112.03 106
307,1484,4 13 15,22.5,1630310,134.33 113.42 107
308,1480,4 13 14,22.5,1630310,134.33 113.42 107
309,1490,6 13 13,22.5,1630310,135.6 113.42 106
310,1485,0 12 8,23.5,1630274,134.7 115.27 105
311,1495,2 12 7,23.5,1630274,135.99 115.27 104
312,1490,2 12 6,23.5,1630274,135.99 115.27 104
313,1482,1 15 10,23,1630271,133.9 115.96 105
314,1477,1 15 9,23,1630271,133.9 115.96 105
315,1496,2 5 7,24,1630253,137.43 111.91 106
316,1487,3 15 8,23,1630196,135.18 115.96 104
317,1492,2 7 11,23.5,1630186,135.99 112.03 107
318,1499,8 13 12,22.5,1630023,136.87 113.42 105
319,1494,8 13 11,22.5,1630023,136.87 113.42 105
320,1495,3 3 14,23.5,1629985,136.64 109.44 109
321,1500,4 12 5,23.5,1629976,137.29 115.27 103
322,1496,0 5 10,24,1629960,136.12 111.91 107
323,1491,0 5 9,24,1629960,136.12 111.91 107
324,1497,5 15 7,23,1629825,136.46 115.96 103
325,1492,5 15 6,23,1629825,136.46 115.96 103
326,1498,0 8 1,24.5,1629824,137.53 115.05 103
327,1487,0 7 13,23.5,1629751,134.7 112.03 108
328,1482,0 7 12,23.5,1629751,134.7 112.03 108
329,1500,7 5 14,23,1629686,137.74 109.55 108
330,1500,10 8 14,22.5,1629623,138.14 110.25 107
331,1499,1 1 13,24,1629382,136.78 109.29 109
332,1494,1 1 12,24,1629382,136.78 109.29 109
333,1485,1 3 15,23.5,1629347,135.34 109.44 110
334,1491,4 9 13,23,1629308,135.82 112.11 107
335,1497,6 9 11,23,1629308,137.1 112.11 106
336,1497,1 9 5,24,1629114,136.78 114.53 104
337,1493,1 9 4,24,1629114,136.78 114.53 104
338,1500,0 3 6,24.5,1629096,137.53 111.75 106
339,1486,2 9 15,23,1629021,134.54 112.11 108
340,1482,2 9 14,23,1629021,134.54 112.11 108
341,1485,2 14 10,23,1629021,134.54 115.32 105
342,1480,2 14 9,23,1629021,134.54 115.32 105
343,1488,1 11 8,23.5,1628909,135.34 114.62 105
344,1480,0 14 12,23,1628873,133.26 115.32 106
345,1475,0 14 11,23,1628873,133.26 115.32 106
346,1490,4 14 8,23,1628873,135.82 115.32 104
347,1487,5 12 15,22.5,1628849,134.97 112.79 107
348,1483,5 12 14,22.5,1628849,134.97 112.79 107
349,1498,3 11 7,23.5,1628835,136.64 114.62 104
350,1493,3 11 6,23.5,1628835,136.64 114.62 104
351,1492,7 12 13,22.5,1628778,136.23 112.79 106
352,1500,5 6 9,23.5,1628553,137.93 111.38 106
353,1492,0 15 0,24,1628535,136.12 118.45 101
354,1495,3 6 11,23.5,1628481,136.64 111.38 107
355,1499,3 4 7,24,1628437,138.09 111.25 106
356,1499,6 14 7,23,1628430,137.1 115.32 103
357,1495,6 14 6,23,1628430,137.1 115.32 103
358,1497,9 12 11,22.5,1628421,137.5 112.79 105
359,1499,1 4 10,24,1628219,136.78 111.25 107
360,1494,1 4 9,24,1628219,136.78 111.25 107
361,1489,1 6 13,23.5,1628120,135.34 111.38 108
362,1485,1 6 12,23.5,1628120,135.34 111.38 108
363,1498,4 2 14,23.5,1628020,137.29 108.79 109
364,1488,3 13 10,23,1627685,135.18 114.68 105
365,1483,3 13 9,23,1627685,135.18 114.68 105
366,1494,5 8 13,23,1627639,136.46 111.47 107
367,1483,1 13 12,23,1627611,133.9 114.68 106
368,1478,1 13 11,23,1627611,133.9 114.68 106
369,1499,7 8 11,23,1627568,137.74 111.47 106
370,1491,0 8 6,24,1627555,136.12 113.87 105
371,1500,2 8 5,24,1627555,137.43 113.87 104
372,1495,2 8 4,24,1627555,137.43 113.87 104
373,1493,5 13 8,23,1627464,136.46 114.68 104
374,1488,2 2 15,23.5,1627456,135.99 108.79 110
375,1491,2 10 8,23.5,1627456,135.99 113.97 105
376,1489,3 8 15,23,1627425,135.18 111.47 108
377,1485,3 8 14,23,1627425,135.18 111.47 108
378,1497,2 0 12,24,1627375,137.43 108.64 109
379,1495,1 14 0,24,1627324,136.78 117.8 101
380,1486,0 10 10,23.5,1627308,134.7 113.97 106
381,1481,0 10 9,23.5,1627308,134.7 113.97 106
382,1496,4 10 6,23.5,1627308,137.29 113.97 104
383,1490,6 11 15,22.5,1627303,135.6 112.16 107
384,1486,6 11 14,22.5,1627303,135.6 112.16 107
385,1495,8 11 13,22.5,1627161,136.87 112.16 106
386,1498,7 13 6,23,1626950,137.74 114.68 103
387,1487,8 15 15,22,1626946,135.34 113.41 106
388,1500,10 11 11,22.5,1626734,138.14 112.16 105
389,1499,0 6 3,24.5,1626732,137.53 113.73 104
390,1497,4 5 11,23.5,1626686,137.29 110.74 107
391,1492,0 0 14,24,1626664,136.12 108.64 110
392,1496,10 15 14,22,1626520,136.59 113.41 105
393,1492,10 15 13,22,1626520,136.59 113.41 105
394,1493,0 13 2,24,1626486,136.12 117.14 102
395,1488,0 13 1,24,1626486,136.12 117.14 102
396,1492,2 5 13,23.5,1626399,135.99 110.74 108
397,1488,2 5 12,23.5,1626399,135.99 110.74 108
398,1497,2 3 9,24,1626386,137.43 110.6 107
399,1486,2 12 12,23,1626263,134.54 114.04 106
400,1481,2 12 11,23,1626263,134.54 114.04 106
401,1491,4 12 10,23,1626263,135.82 114.04 105
402,1486,4 12 9,23,1626263,135.82 114.04 105
403,1484,0 15 5,23.5,1626175,134.7 117.21 103
404,1498,2 13 0,24,1626026,137.43 117.14 101
405,1500,15 15 15,21.5,1626001,138.13 112.11 105
406,1493,1 7 6,24,1625981,136.78 113.22 105
407,1476,0 12 13,23,1625970,133.26 114.04 107
408,1496,6 12 8,23,1625970,137.1 114.04 104
409,1500,5 1 14,23.5,1625963,137.93 108.15 109
410,1492,0 3 11,24,1625951,136.12 110.6 108
411,1494,3 9 8,23.5,1625915,136.64 113.33 105
412,1498,3 7 4,24,1625907,138.09 113.22 104
413,1497,6 7 13,23,1625883,137.1 110.83 107
414,1493,2 15 4,23.5,1625871,135.99 117.21 102
415,1489,2 15 3,23.5,1625871,135.99 117.21 102
416,1489,1 9 10,23.5,1625842,135.34 113.33 106
417,1484,1 9 9,23.5,1625842,135.34 113.33 106
418,1482,0 5 14,23.5,1625826,134.7 110.74 109
419,1497,12 15 11,22,1625809,137.84 113.41 104
420,1492,4 7 15,23,1625741,135.82 110.83 108
421,1487,4 7 14,23,1625741,135.82 110.83 108
422,1499,5 9 6,23.5,1625695,137.93 113.33 104
423,1493,7 10 15,22.5,1625670,136.23 111.52 107
424,1488,7 10 14,22.5,1625670,136.23 111.52 107
425,1490,3 1 15,23.5,1625473,136.64 108.15 110
426,1498,9 10 13,22.5,1625458,137.5 111.52 106
427,1490,9 14 15,22,1625448,135.97 112.78 106
428,1477,3 15 13,22.5,1625416,133.7 114.69 106
429,1500,8 12 6,23,1625386,138.38 114.04 103
430,1486,5 15 12,22.5,1625343,134.97 114.69 105
431,1482,5 15 11,22.5,1625343,134.97 114.69 105
432,1498,4 15 2,23.5,1625264,137.29 117.21 101
433,1493,4 15 1,23.5,1625264,137.29 117.21 101
434,1471,1 15 15,22.5,1625198,132.43 114.69 107
435,1496,1 12 2,24,1625175,136.78 116.49 102
436,1491,1 12 1,24,1625175,136.78 116.49 102
437,1500,0 1 8,24.5,1625004,137.53 110.42 107
438,1495,0 1 7,24.5,1625004,137.53 110.42 107
439,1491,7 15 10,22.5,1624980,136.23 114.69 104
440,1487,1 14 5,23.5,1624965,135.34 116.56 103
441,1499,11 14 14,22,1624954,137.22 112.78 105
442,1495,11 14 13,22,1624954,137.22 112.78 105
443,1488,3 11 12,23,1624827,135.18 113.4 106
444,1484,3 11 11,23,1624827,135.18 113.4 106
445,1500,5 4 11,23.5,1624802,137.93 110.09 107
446,1494,5 11 10,23,1624754,136.46 113.4 105
447,1489,5 11 9,23,1624754,136.46 113.4 105
448,1479,1 11 13,23,1624609,133.9 113.4 107
449,1495,3 4 13,23.5,1624588,136.64 110.09 108
450,1490,3 4 12,23.5,1624588,136.64 110.09 108
451,1496,3 14 4,23.5,1624588,136.64 116.56 102
452,1492,3 14 3,23.5,1624588,136.64 116.56 102
453,1500,3 2 9,24,1624461,138.09 109.95 107
454,1498,7 11 8,23,1624391,137.74 113.4 104
455,1496,9 15 8,22.5,1624326,137.5 114.69 103
456,1496,2 6 6,24,1624317,137.43 112.56 105
457,1492,2 8 10,23.5,1624286,135.99 112.68 106
458,1487,2 8 9,23.5,1624286,135.99 112.68 106
459,1497,4 8 8,23.5,1624286,137.29 112.68 105
460,1499,13 14 11,22,1624176,138.47 112.78 104
461,1491,0 6 8,24,1624170,136.12 112.56 106
462,1487,0 6 7,24,1624170,136.12 112.56 106
463,1494,1 2 11,24,1624101,136.78 109.95 108
464,1480,4 14 13,22.5,1624096,134.33 114.06 106
465,1485,1 4 14,23.5,1624089,135.34 110.09 109
466,1489,0 11 3,24,1624081,136.12 115.84 103
467,1500,7 6 13,23,1624038,137.74 110.19 107
468,1482,0 8 11,23.5,1623994,134.7 112.68 107
469,1494,5 6 15,23,1623967,136.46 110.19 108
470,1490,5 6 14,23,1623967,136.46 110.19 108
471,1495,8 9 15,22.5,1623952,136.87 110.89 107
472,1491,8 9 14,22.5,1623952,136.87 110.89 107
473,1474,2 14 15,22.5,1623952,133.07 114.06 107
474,1470,2 14 14,22.5,1623952,133.07 114.06 107
475,1489,6 14 12,22.5,1623952,135.6 114.06 105
476,1485,6 14 11,22.5,1623952,135.6 114.06 105
477,1496,5 14 1,23.5,1623908,137.93 116.56 101
478,1492,10 13 15,22,1623867,136.59 112.16 106
479,1485,0 13 7,23.5,1623819,134.7 115.92 104
480,1480,0 13 6,23.5,1623819,134.7 115.92 104
481,1499,2 11 2,24,1623777,137.43 115.84 102
482,1494,2 11 1,24,1623777,137.43 115.84 102
483,1500,10 9 13,22.5,1623671,138.14 110.89 106
484,1490,2 13 5,23.5,1623669,135.99 115.92 103
485,1494,8 14 10,22.5,1623518,136.87 114.06 104
486,1493,4 0 15,23.5,1623397,137.29 107.5 110
487,1497,12 13 13,22,1623305,137.84 112.16 105
488,1491,4 10 12,23,1623304,135.82 112.75 106
489,1487,4 10 11,23,1623304,135.82 112.75 106
490,1499,0 4 5,24.5,1623276,137.53 112.41 105
491,1495,0 4 4,24.5,1623276,137.53 112.41 105
492,1497,0 9 0,24.5,1623276,137.53 115.71 102
493,1499,4 13 4,23.5,1623219,137.29 115.92 102
494,1495,4 13 3,23.5,1623219,137.29 115.92 102
495,1482,2 10 13,23,1623160,134.54 112.75 107
496,1496,6 10 10,23,1623160,137.1 112.75 105
497,1492,6 10 9,23,1623160,137.1 112.75 105
498,1498,1 0 7,24.5,1623039,138.19 109.76 107
499,1499,10 14 8,22.5,1622795,138.14 114.06 103
500,1476,0 10 15,23,1622726,133.26 112.75 108
501,1472,0 10 14,23,1622726,133.26 112.75 108
502,1483,5 13 13,22.5,1622692,134.97 113.42 106
503,1498,4 3 13,23.5,1622685,137.29 109.44 108
504,1493,4 3 12,23.5,1622685,137.29 109.44 108
505,1492,1 10 3,24,1622669,136.78 115.18 103
506,1494,3 7 10,23.5,1622641,136.64 112.03 106
507,1490,3 7 9,23.5,1622641,136.64 112.03 106
508,1477,3 13 15,22.5,1622620,133.7 113.42 107
509,1473,3 13 14,22.5,1622620,133.7 113.42 107
510,1499,5 7 8,23.5,1622568,137.93 112.03 105
511,1499,3 5 6,24,1622563,138.09 111.91 105
512,1488,1 12 7,23.5,1622511,135.34 115.27 104
513,1483,1 12 6,23.5,1622511,135.34 115.27 104
514,1494,1 5 8,24,1622490,136.78 111.91 106
515,1489,1 5 7,24,1622490,136.78 111.91 106
516,1492,7 13 12,22.5,1622476,136.23 113.42 105
517,1488,7 13 11,22.5,1622476,136.23 113.42 105
518,1475,0 15 10,23,1622470,133.26 115.96 105
519,1470,0 15 9,23,1622470,133.26 115.96 105
520,1480,2 15 8,23,1622470,134.54 115.96 104
521,1499,6 13 1,23.5,1622468,138.58 115.92 101
522,1485,1 7 11,23.5,1622423,135.34 112.03 107
523,1497,3 10 1,24,1622292,138.09 115.18 102
524,1493,3 12 5,23.5,1622287,136.64 115.27 103
525,1488,2 3 14,23.5,1622260,135.99 109.44 109
526,1495,11 12 15,22,1622202,137.22 111.53 106
527,1489,4 15 7,23,1622173,135.82 115.96 103
528,1485,4 15 6,23,1622173,135.82 115.96 103
529,1497,2 1 11,24,1622158,137.43 109.29 108
530,1498,9 8 15,22.5,1622147,137.5 110.25 107
531,1494,9 8 14,22.5,1622147,137.5 110.25 107
532,1497,6 5 15,23,1622106,137.1 109.55 108
533,1493,6 5 14,23,1622106,137.1 109.55 108
534,1497,9 13 10,22.5,1621973,137.5 113.42 104
535,1497,5 12 3,23.5,1621765,137.93 115.27 102
536,1500,1 8 0,24.5,1621760,138.19 115.05 102
537,1494,5 9 12,23,1621695,136.46 112.11 106
538,1490,5 9 11,23,1621695,136.46 112.11 106
539,1484,3 9 13,23,1621623,135.18 112.11 107
540,1492,0 1 13,24,1621586,136.12 109.29 109
541,1487,0 1 12,24,1621586,136.12 109.29 109
542,1494,6 15 5,23,1621579,137.1 115.96 102
543,1500,13 12 13,22,1621573,138.47 111.53 105
544,1478,0 3 15,23.5,1621551,134.7 109.44 110
545,1497,1 3 4,24.5,1621486,138.19 111.75 105
546,1499,7 9 10,23,1621479,137.74 112.11 105
547,1494,7 9 9,23,1621479,137.74 112.11 105
548,1490,0 9 5,24,1621319,136.12 114.53 104
549,1485,0 9 4,24,1621319,136.12 114.53 104
550,1479,1 9 15,23,1621264,133.9 112.11 108
551,1475,1 9 14,23,1621264,133.9 112.11 108
552,1478,1 14 10,23,1621264,133.9 115.32 105
553,1473,1 14 9,23,1621264,133.9 115.32 105
554,1480,4 12 15,22.5,1621202,134.33 112.79 107
555,1476,4 12 14,22.5,1621202,134.33 112.79 107
556,1485,6 12 13,22.5,1621202,135.6 112.79 106
557,1483,3 14 8,23,1621190,135.18 115.32 104
558,1495,2 9 3,24,1621169,137.43 114.53 103
559,1481,0 11 8,23.5,1621115,134.7 114.62 105
560,1491,2 11 7,23.5,1621115,135.99 114.62 104
561,1486,2 11 6,23.5,1621115,135.99 114.62 104
562,1495,8 12 12,22.5,1620916,136.87 112.79 105
563,1490,8 12 11,22.5,1620916,136.87 112.79 105
564,1497,4 6 10,23.5,1620907,137.29 111.38 106
565,1493,4 6 9,23.5,1620907,137.29 111.38 106
566,1492,5 14 7,23,1620820,136.46 115.32 103
567,1488,5 14 6,23,1620820,136.46 115.32 103
568,1496,4 11 5,23.5,1620818,137.29 114.62 103
569,1488,2 6 11,23.5,1620763,135.99 111.38 107
570,1497,2 4 8,24,1620719,137.43 111.25 106
571,1492,2 4 7,24,1620719,137.43 111.25 106
572,1500,4 9 1,24,1620719,138.74 114.53 102
573,1500,5 2 13,23.5,1620693,137.93 108.79 108
574,1496,5 2 12,23.5,1620693,137.93 108.79 108
575,1499,8 15 3,23,1620687,138.38 115.96 101
576,1498,0 7 2,24.5,1620457,137.53 114.39 103
577,1493,0 7 1,24.5,1620457,137.53 114.39 103
578,1498,12 11 15,22,1620455,137.84 110.9 106
579,1491,0 4 10,24,1620428,136.12 111.25 107
580,1487,0 4 9,24,1620428,136.12 111.25 107
581,1500,10 12 10,22.5,1620345,138.14 112.79 104
582,1490,3 2 14,23.5,1620340,136.64 108.79 109
583,1482,0 6 13,23.5,1620330,134.7 111.38 108
584,1478,0 6 12,23.5,1620330,134.7 111.38 108
585,1496,10 7 14,22.5,1620257,138.14 109.62 107
586,1500,6 11 3,23.5,1620225,138.58 114.62 102
587,1500,7 4 15,23,1620155,137.74 108.91 108
588,1495,7 4 14,23,1620155,137.74 108.91 108
589,1497,7 14 5,23,1620155,137.74 115.32 102
590,1500,3 0 11,24,1620123,138.09 108.64 108
591,1487,4 8 13,23,1619998,135.82 111.47 107
592,1497,6 8 12,23,1619998,137.1 111.47 106
593,1492,6 8 11,23,1619998,137.1 111.47 106
594,1481,2 13 10,23,1619971,134.54 114.68 105
595,1476,2 13 9,23,1619971,134.54 114.68 105
596,1476,0 13 12,23,1619824,133.26 114.68 106
597,1471,0 13 11,23,1619824,133.26 114.68 106
598,1486,4 13 8,23,1619824,135.82 114.68 104
599,1493,1 8 5,24,1619805,136.78 113.87 104
600,1488,1 8 4,24,1619805,136.78 113.87 104
601,1482,2 8 15,23,1619712,134.54 111.47 108
602,1478,2 8 14,23,1619712,134.54 111.47 108
603,1497,8 8 9,23,1619712,138.38 111.47 105
604,1481,1 2 15,23.5,1619706,135.34 108.79 110
605,1484,1 10 8,23.5,1619706,135.34 113.97 105
606,1483,5 11 15,22.5,1619699,134.97 112.16 107
607,1479,5 11 14,22.5,1619699,134.97 112.16 107
608,1494,3 10 7,23.5,1619632,136.64 113.97 104
609,1489,3 10 6,23.5,1619632,136.64 113.97 104
610,1488,7 11 13,22.5,1619628,136.23 112.16 106
611,1494,1 0 13,24,1619626,136.78 108.64 109
612,1490,1 0 12,24,1619626,136.78 108.64 109
613,1500,2 2 4,24.5,1619604,138.86 111.08 105
614,1498,3 8 3,24,1619581,138.09 113.87 103
615,1487,0 14 0,24,1619537,136.12 117.8 101
616,1495,0 2 6,24.5,1619457,137.53 111.08 106
617,1480,7 15 15,22,1619414,134.71 113.41 106
618,1495,6 13 7,23,1619383,137.1 114.68 103
619,1491,6 13 6,23,1619383,137.1 114.68 103
620,1497,9 11 12,22.5,1619272,137.5 112.16 105
621,1493,9 11 11,22.5,1619272,137.5 112.16 105
622,1498,5 10 5,23.5,1619263,137.93 113.97 103
623,1500,5 5 10,23.5,1619085,137.93 110.74 106
624,1495,5 5 9,23.5,1619085,137.93 110.74 106
625,1489,9 15 14,22,1619059,135.97 113.41 105
626,1485,9 15 13,22,1619059,135.97 113.41 105
627,1490,3 5 11,23.5,1619013,136.64 110.74 107
628,1499,3 3 8,24,1618858,138.09 110.6 106
629,1495,3 3 7,24,1618858,138.09 110.6 106
630,1496,1 6 1,24.5,1618836,138.19 113.73 103
631,1494,14 15 15,21.5,1618709,137.51 112.11 105
632,1485,1 5 13,23.5,1618655,135.34 110.74 108
633,1481,1 5 12,23.5,1618655,135.34 110.74 108
634,1500,8 13 5,23,1618648,138.38 114.68 102
635,1494,1 3 10,24,1618641,136.78 110.6 107
636,1490,1 3 9,24,1618641,136.78 110.6 107
637,1500,13 10 15,22,1618624,138.47 110.28 106
638,1498,6 1 12,23.5,1618609,138.58 108.15 108
639,1484,3 12 10,23,1618592,135.18 114.04 105
640,1479,3 12 9,23,1618592,135.18 114.04 105
641,1478,1 12 12,23,1618519,133.9 114.04 106
642,1474,1 12 11,23,1618519,133.9 114.04 106
643,1494,11 15 12,22,1618419,137.22 113.41 104
644,1490,11 15 11,22,1618419,137.22 113.41 104
645,1489,5 12 8,23,1618372,136.46 114.04 104
646,1493,4 1 14,23.5,1618329,137.29 108.15 109
647,1490,5 7 13,23,1618285,136.46 110.83 107
648,1490,1 13 0,24,1618283,136.78 117.14 101
649,1499,11 6 14,22.5,1618281,138.77 108.99 107
650,1499,7 7 12,23,1618214,137.74 110.83 106
651,1495,7 7 11,23,1618214,137.74 110.83 106
652,1487,2 9 8,23.5,1618209,135.99 113.33 105
653,1486,0 7 6,24,1618201,136.12 113.22 105
654,1496,2 7 5,24,1618201,137.43 113.22 104
655,1491,2 7 4,24,1618201,137.43 113.22 104
656,1486,1 15 4,23.5,1618129,135.34 117.21 102
657,1482,1 15 3,23.5,1618129,135.34 117.21 102
658,1498,8 3 14,23,1618116,138.38 108.27 108
659,1486,6 10 15,22.5,1618109,135.6 111.52 107
660,1481,6 10 14,22.5,1618109,135.6 111.52 107
661,1485,3 7 15,23,1618072,135.18 110.83 108
662,1480,3 7 14,23,1618072,135.18 110.83 108
663,1482,0 9 10,23.5,1618062,134.7 113.33 106
664,1477,0 9 9,23.5,1618062,134.7 113.33 106
665,1496,4 9 7,23.5,1618062,137.29 113.33 104
666,1492,4 9 6,23.5,1618062,137.29 113.33 104
667,1491,8 10 13,22.5,1617968,136.87 111.52 106
668,1483,8 14 15,22,1617958,135.34 112.78 106
669,1498,7 12 7,23,1617861,137.74 114.04 103
670,1493,7 12 6,23,1617861,137.74 114.04 103
671,1500,9 7 9,23,1617859,139.02 110.83 105
672,1483,2 1 15,23.5,1617769,135.99 108.15 110
673,1470,2 15 13,22.5,1617712,133.07 114.69 106
674,1479,4 15 12,22.5,1617712,134.33 114.69 105
675,1475,4 15 11,22.5,1617712,134.33 114.69 105
676,1491,3 15 2,23.5,1617597,136.64 117.21 101
677,1486,3 15 1,23.5,1617597,136.64 117.21 101
678,1498,1 1 6,24.5,1617557,138.19 110.42 106
679,1500,10 10 12,22.5,1617544,138.14 111.52 105
680,1496,10 10 11,22.5,1617544,138.14 111.52 105
681,1492,10 14 14,22,1617534,136.59 112.78 105
682,1488,10 14 13,22,1617534,136.59 112.78 105
683,1499,13 15 10,22,1617496,138.47 113.41 103
684,1484,6 15 10,22.5,1617422,135.6 114.69 104
685,1489,0 12 2,24,1617399,136.12 116.49 102
686,1484,0 12 1,24,1617399,136.12 116.49 102
687,1494,0 5 3,24.5,1617274,137.53 113.07 104
688,1480,0 14 5,23.5,1617190,134.7 116.56 103
689,1493,4 4 11,23.5,1617173,137.29 110.09 107
690,1498,6 4 9,23.5,1617173,138.58 110.09 106
691,1481,2 11 12,23,1617126,134.54 113.4 106
692,1477,2 11 11,23,1617126,134.54 113.4 106
693,1486,4 11 10,23,1617126,135.82 113.4 105
694,1482,4 11 9,23,1617126,135.82 113.4 105
695,1499,2 5 1,24.5,1617125,138.86 113.07 103
696,1496,15 14 15,21.5,1617017,138.13 111.49 105
697,1493,2 12 0,24,1616942,137.43 116.49 101
698,1497,4 2 7,24,1616906,138.74 109.95 106
699,1488,2 4 13,23.5,1616888,135.99 110.09 108
700,1483,2 4 12,23.5,1616888,135.99 110.09 108
701,1489,2 14 4,23.5,1616888,135.99 116.56 102
702,1485,2 14 3,23.5,1616888,135.99 116.56 102
703,1494,8 15 9,22.5,1616840,136.87 114.69 103
704,1489,8 15 8,22.5,1616840,136.87 114.69 103
705,1472,0 11 13,23,1616836,133.26 113.4 107
706,1491,6 11 8,23,1616836,137.1 113.4 104
707,1497,12 14 12,22,1616827,137.84 112.78 104
708,1492,12 14 11,22,1616827,137.84 112.78 104
709,1497,2 2 10,24,1616762,137.43 109.95 107
710,1492,2 2 9,24,1616762,137.43 109.95 107
711,1496,5 15 0,23.5,1616762,137.93 117.21 100
712,1490,3 8 8,23.5,1616624,136.64 112.68 105
713,1489,1 6 6,24,1616582,136.78 112.56 105
714,1485,1 8 10,23.5,1616551,135.34 112.68 106
715,1480,1 8 9,23.5,1616551,135.34 112.68 106
716,1499,3 6 5,24,1616508,138.09 112.56 104
717,1494,3 6 4,24,1616508,138.09 112.56 104
718,1493,6 6 13,23,1616484,137.1 110.19 107
719,1473,3 14 13,22.5,1616436,133.7 114.06 106
720,1488,7 9 15,22.5,1616434,136.23 110.89 107
721,1484,7 9 14,22.5,1616434,136.23 110.89 107
722,1486,9 13 15,22,1616418,135.97 112.16 106
723,1499,5 8 7,23.5,1616405,137.93 112.68 104
724,1495,5 8 6,23.5,1616405,137.93 112.68 104
725,1482,5 14 12,22.5,1616363,134.97 114.06 105
726,1478,5 14 11,22.5,1616363,134.97 114.06 105
727,1487,4 6 15,23,1616343,135.82 110.19 108
728,1483,4 6 14,23,1616343,135.82 110.19 108
729,1498,8 6 11,23,1616343,138.38 110.19 106
730,1487,0 2 11,24,1616330,136.12 109.95 108
731,1478,0 4 14,23.5,1616318,134.7 110.09 109
732,1494,4 14 2,23.5,1616284,137.29 116.56 101
733,1489,4 14 1,23.5,1616284,137.29 116.56 101
734,1496,8 11 6,23,1616255,138.38 113.4 103
735,1496,5 0 14,23.5,1616226,137.93 107.5 109
736,1493,9 9 13,22.5,1616223,137.5 110.89 106
737,1492,1 11 2,24,1616045,136.78 115.84 102
738,1487,1 11 1,24,1616045,136.78 115.84 102
739,1487,7 14 10,22.5,1616002,136.23 114.06 104
740,1500,9 2 14,23,1615989,139.02 107.63 108
741,1498,10 15 7,22.5,1615968,138.14 114.69 102
742,1494,10 15 6,22.5,1615968,138.14 114.69 102
743,1483,1 13 5,23.5,1615937,135.34 115.92 103
744,1495,11 13 14,22,1615926,137.22 112.16 105
745,1490,11 13 13,22,1615926,137.22 112.16 105
746,1486,3 0 15,23.5,1615739,136.64 107.5 110
747,1498,11 9 11,22.5,1615731,138.77 110.89 105
748,1484,3 10 12,23,1615647,135.18 112.75 106
749,1480,3 10 11,23,1615647,135.18 112.75 106
750,1489,5 10 10,23,1615575,136.46 112.75 105
751,1485,5 10 9,23,1615575,136.46 112.75 105
752,1500,2 0 6,24.5,1615564,138.86 109.76 106
753,1492,3 13 4,23.5,1615562,136.64 115.92 102
754,1488,3 13 3,23.5,1615562,136.64 115.92 102
755,1497,1 4 3,24.5,1615546,138.19 112.41 104
756,1496,3 11 0,24,1615514,138.09 115.84 101
757,1475,1 10 13,23,1615430,133.9 112.75 107
758,1499,6 14 0,23.5,1615378,138.58 116.56 100
759,1496,9 14 9,22.5,1615351,137.5 114.06 103
760,1492,9 14 8,22.5,1615351,137.5 114.06 103
761,1495,0 0 8,24.5,1615273,137.53 109.76 107
762,1491,0 0 7,24.5,1615273,137.53 109.76 107
763,1496,5 3 11,23.5,1615244,137.93 109.44 107
764,1494,7 10 8,23,1615214,137.74 112.75 104
765,1500,13 13 12,22,1615153,138.47 112.16 104
766,1495,13 13 11,22,1615153,138.47 112.16 104
767,1476,4 13 13,22.5,1615074,134.33 113.42 106
768,1490,3 3 13,23.5,1615031,136.64 109.44 108
769,1486,3 3 12,23.5,1615031,136.64 109.44 108
770,1487,2 7 10,23.5,1614951,135.99 112.03 106
771,1483,2 7 9,23.5,1614951,135.99 112.03 106
772,1492,4 7 8,23.5,1614951,137.29 112.03 105
773,1470,2 13 15,22.5,1614930,133.07 113.42 107
774,1485,6 13 12,22.5,1614930,135.6 113.42 105
775,1481,6 13 11,22.5,1614930,135.6 113.42 105
776,1485,0 10 3,24,1614905,136.12 115.18 103
777,1497,5 13 2,23.5,1614887,137.93 115.92 101
778,1492,5 13 1,23.5,1614887,137.93 115.92 101
779,1492,2 5 6,24,1614873,137.43 111.91 105
780,1500,5 1 7,24,1614863,139.39 109.29 106
781,1488,10 12 15,22,1614795,136.59 111.53 106
782,1500,3 1 10,24,1614791,138.09 109.29 107
783,1495,3 1 9,24,1614791,138.09 109.29 107
784,1481,0 12 7,23.5,1614748,134.7 115.27 104
785,1476,0 12 6,23.5,1614748,134.7 115.27 104
786,1473,1 15 8,23,1614744,133.9 115.96 104
787,1487,0 5 8,24,1614727,136.12 111.91 106
788,1482,0 5 7,24,1614727,136.12 111.91 106
789,1497,4 5 4,24,1614727,138.74 111.91 104
790,1491,8 8 15,22.5,1614672,136.87 110.25 107
791,1487,8 8 14,22.5,1614672,136.87 110.25 107
792,1478,0 7 11,23.5,1614661,134.7 112.03 107
793,1497,6 7 6,23.5,1614661,138.58 112.03 104
794,1495,2 10 2,24,1614603,137.43 115.18 102
795,1490,2 10 1,24,1614603,137.43 115.18 102
796,1486,2 12 5,23.5,1614598,135.99 115.27 103
797,1495,7 5 13,23,1614596,137.74 109.55 107
798,1499,9 10 6,23,1614564,139.02 112.75 103
799,1481,1 3 14,23.5,1614535,135.34 109.44 109
800,1490,5 5 15,23,1614526,136.46 109.55 108
801,1486,5 5 14,23,1614526,136.46 109.55 108
802,1482,3 15 7,23,1614521,135.18 115.96 103
803,1478,3 15 6,23,1614521,135.18 115.96 103
804,1490,8 13 10,22.5,1614499,136.87 113.42 104
805,1490,1 1 11,24,1614434,136.78 109.29 108
806,1496,11 14 6,22.5,1614412,138.77 114.06 102
807,1496,10 8 13,22.5,1614393,138.14 110.25 106
808,1500,9 5 11,23,1614385,139.02 109.55 106
809,1497,12 12 14,22,1614236,137.84 111.53 105
810,1493,12 12 13,22,1614236,137.84 111.53 105
811,1495,4 12 4,23.5,1614151,137.29 115.27 102
812,1490,4 12 3,23.5,1614151,137.29 115.27 102
813,1487,4 9 12,23,1614081,135.82 112.11 106
814,1483,4 9 11,23,1614081,135.82 112.11 106
815,1487,5 15 5,23,1614001,136.46 115.96 102
816,1493,0 8 0,24.5,1614000,137.53 115.05 102
817,1499,4 10 0,24,1614000,138.74 115.18 101
818,1477,2 9 13,23,1613937,134.54 112.11 107
819,1492,6 9 10,23,1613937,137.1 112.11 105
820,1487,6 9 9,23,1613937,137.1 112.11 105
821,1499,10 13 9,22.5,1613780,138.14 113.42 103
822,1495,10 13 8,22.5,1613780,138.14 113.42 103
823,1495,0 3 5,24.5,1613727,137.53 111.75 105
824,1490,0 3 4,24.5,1613727,137.53 111.75 105
825,1500,2 3 3,24.5,1613727,138.86 111.75 104
826,1478,5 12 13,22.5,1613627,134.97 112.79 106
827,1473,3 12 15,22.5,1613555,133.7 112.79 107
828,1469,3 12 14,22.5,1613555,133.7 112.79 107
829,1472,0 9 15,23,1613506,133.26 112.11 108
830,1471,0 14 10,23,1613506,133.26 115.32 105
831,1497,8 9 8,23,1613506,138.38 112.11 104
832,1476,2 14 8,23,1613506,134.54 115.32 104
833,1488,1 9 3,24,1613449,136.78 114.53 103
834,1488,7 12 12,22.5,1613412,136.23 112.79 105
835,1483,7 12 11,22.5,1613412,136.23 112.79 105
836,1500,6 12 2,23.5,1613404,138.58 115.27 101
837,1495,6 12 1,23.5,1613404,138.58 115.27 101
838,1498,14 12 11,22,1613397,139.1 111.53 104
839,1484,1 11 7,23.5,1613396,135.34 114.62 104
840,1479,1 11 6,23.5,1613396,135.34 114.62 104
841,1490,3 6 10,23.5,1613262,136.64 111.38 106
842,1486,3 6 9,23.5,1613262,136.64 111.38 106
843,1498,6 2 11,23.5,1613225,138.58 108.79 107
844,1485,4 14 7,23,1613211,135.82 115.32 103
845,1481,4 14 6,23,1613211,135.82 115.32 103
846,1495,5 6 8,23.5,1613189,137.93 111.38 105
847,1497,7 15 4,23,1613184,137.74 115.96 101
848,1492,7 15 3,23,1613184,137.74 115.96 101
849,1489,3 11 5,23.5,1613173,136.64 114.62 103
850,1491,11 11 15,22,1613089,137.22 110.9 106
851,1493,4 2 13,23.5,1613084,137.29 108.79 108
852,1489,4 2 12,23.5,1613084,137.29 108.79 108
853,1495,3 4 6,24,1613074,138.09 111.25 105
854,1497,3 9 2,24,1613074,138.09 114.53 102
855,1493,3 9 1,24,1613074,138.09 114.53 102
856,1480,1 6 11,23.5,1613045,135.34 111.38 107
857,1490,1 4 8,24,1613002,136.78 111.25 106
858,1485,1 4 7,24,1613002,136.78 111.25 106
859,1493,9 12 10,22.5,1612912,137.5 112.79 104
860,1499,5 4 4,24,1612856,139.39 111.25 104
861,1500,7 6 6,23.5,1612829,139.23 111.38 104
862,1494,9 7 15,22.5,1612825,137.5 109.62 107
863,1489,9 7 14,22.5,1612825,137.5 109.62 107
864,1499,12 13 6,22.5,1612774,139.4 113.42 102
865,1498,4 0 9,24,1612729,138.74 108.64 107
866,1483,2 2 14,23.5,1612661,135.99 108.79 109
867,1498,5 11 4,23.5,1612653,137.93 114.62 102
868,1493,5 11 3,23.5,1612653,137.93 114.62 102
869,1493,6 4 15,23,1612620,137.1 108.91 108
870,1488,6 4 14,23,1612620,137.1 108.91 108
871,1498,8 4 13,23,1612620,138.38 108.91 107
872,1490,6 14 5,23,1612620,137.1 115.32 102
873,1499,11 7 13,22.5,1612477,138.77 109.62 106
874,1500,13 11 14,22,1612463,138.47 110.9 105
875,1496,13 11 13,22,1612463,138.47 110.9 105
876,1493,2 0 11,24,1612445,137.43 108.64 108
877,1496,1 7 0,24.5,1612439,138.19 114.39 102
878,1490,5 8 12,23,1612428,136.46 111.47 106
879,1485,5 8 11,23,1612428,136.46 111.47 106
880,1480,3 8 13,23,1612356,135.18 111.47 107
881,1474,1 13 10,23,1612257,133.9 114.68 105
882,1469,1 13 9,23,1612257,133.9 114.68 105
883,1495,7 8 10,23,1612213,137.74 111.47 105
884,1490,7 8 9,23,1612213,137.74 111.47 105
885,1479,3 13 8,23,1612183,135.18 114.68 104
886,1497,11 12 8,22.5,1612126,138.77 112.79 103
887,1476,4 11 15,22.5,1612094,134.33 112.16 107
888,1472,4 11 14,22.5,1612094,134.33 112.16 107
889,1481,6 11 13,22.5,1612094,135.6 112.16 106
890,1486,0 8 5,24,1612054,136.12 113.87 104
891,1481,0 8 4,24,1612054,136.12 113.87 104
892,1475,1 8 15,23,1611999,133.9 111.47 108
893,1470,1 8 14,23,1611999,133.9 111.47 108
894,1474,0 2 15,23.5,1611957,134.7 108.79 110
895,1477,0 10 8,23.5,1611957,134.7 113.97 105
896,1487,2 10 7,23.5,1611957,135.99 113.97 104
897,1482,2 10 6,23.5,1611957,135.99 113.97 104
898,1491,2 8 3,24,1611905,137.43 113.87 103
899,1498,1 2 5,24.5,1611891,138.19 111.08 105
900,1493,1 2 4,24.5,1611891,138.19 111.08 105
901,1473,6 15 15,22,1611882,134.09 113.41 106
902,1487,0 0 13,24,1611876,136.12 108.64 109
903,1483,0 0 12,24,1611876,136.12 108.64 109
904,1498,7 11 1,23.5,1611837,139.23 114.62 101
905,1488,5 13 7,23,1611816,136.46 114.68 103
906,1484,5 13 6,23,1611816,136.46 114.68 103
907,1491,8 11 12,22.5,1611810,136.87 112.16 105
908,1486,8 11 11,22.5,1611810,136.87 112.16 105
909,1499,8 14 4,23,1611733,138.38 115.32 101
910,1495,8 14 3,23,1611733,138.38 115.32 101
911,1499,9 8 8,23,1611714,139.02 111.47 104
912,1497,0 1 1,25,1611685,138.93 111.54 104
913,1491,4 10 5,23.5,1611661,137.29 113.97 103
914,1483,8 15 14,22,1611598,135.34 113.41 105
915,1478,8 15 13,22,1611598,135.34 113.41 105
916,1500,15 11 11,22,1611560,139.72 110.9 104
917,1493,4 5 10,23.5,1611483,137.29 110.74 106
918,1488,4 5 9,23.5,1611483,137.29 110.74 106
919,1500,4 8 2,24,1611458,138.74 113.87 102
920,1495,4 8 1,24,1611458,138.74 113.87 102
921,1487,13 15 15,21.5,1611418,136.89 112.11 105
922,1483,2 5 11,23.5,1611340,135.99 110.74 107
923,1498,6 5 8,23.5,1611340,138.58 110.74 105
924,1493,12 10 15,22,1611299,137.84 110.28 106
925,1495,10 11 10,22.5,1611242,138.14 112.16 104
926,1492,2 3 8,24,1611186,137.43 110.6 106
927,1488,2 3 7,24,1611186,137.43 110.6 106
928,1497,4 3 6,24,1611186,138.74 110.6 105
929,1493,7 13 5,23,1611154,137.74 114.68 102
930,1494,0 6 2,24.5,1611090,137.53 113.73 103
931,1489,0 6 1,24.5,1611090,137.53 113.73 103
932,1496,6 10 3,23.5,1611071,138.58 113.97 102
933,1496,5 1 13,23.5,1611046,137.93 108.15 108
934,1491,5 1 12,23.5,1611046,137.93 108.15 108
935,1487,10 15 12,22,1611029,136.59 113.41 104
936,1483,10 15 11,22,1611029,136.59 113.41 104
937,1477,2 12 10,23,1610921,134.54 114.04 105
938,1472,2 12 9,23,1610921,134.54 114.04 105
939,1478,0 5 13,23.5,1610910,134.7 110.74 108
940,1474,0 5 12,23.5,1610910,134.7 110.74 108
941,1487,0 3 10,24,1610896,136.12 110.6 107
942,1483,0 3 9,24,1610896,136.12 110.6 107
943,1496,10 6 15,22.5,1610891,138.14 108.99 107
944,1492,10 6 14,22.5,1610891,138.14 108.99 107
945,1499,2 6 0,24.5,1610789,138.86 113.73 102
946,1471,0 12 12,23,1610774,133.26 114.04 106
947,1482,4 12 8,23,1610774,135.82 114.04 104
948,1486,3 1 14,23.5,1610695,136.64 108.15 109
949,1483,4 7 13,23,1610687,135.82 110.83 107
950,1492,6 7 12,23,1610687,137.1 110.83 106
951,1488,6 7 11,23,1610687,137.1 110.83 106
952,1495,7 3 15,23,1610625,137.74 108.27 108
953,1491,7 3 14,23,1610625,137.74 108.27 108
954,1498,14 10 13,22,1610608,139.1 110.28 105
955,1500,9 3 13,23,1610556,139.02 108.27 107
956,1479,5 10 15,22.5,1610548,134.97 111.52 107
957,1474,5 10 14,22.5,1610548,134.97 111.52 107
958,1483,0 13 0,24,1610540,136.12 117.14 101
959,1496,15 15 14,21.5,1610515,138.13 112.11 104
960,1491,15 15 13,21.5,1610515,138.13 112.11 104
961,1480,1 9 8,23.5,1610503,135.34 113.33 105
962,1489,1 7 5,24,1610495,136.78 113.22 104
963,1484,1 7 4,24,1610495,136.78 113.22 104
964,1484,7 10 13,22.5,1610477,136.23 111.52 106
965,1476,7 14 15,22,1610467,134.71 112.78 106
966,1489,3 9 7,23.5,1610430,136.64 113.33 104
967,1485,3 9 6,23.5,1610430,136.64 113.33 104
968,1478,2 7 15,23,1610403,134.54 110.83 108
969,1473,2 7 14,23,1610403,134.54 110.83 108
970,1497,8 7 10,23,1610403,138.38 110.83 105
971,1493,8 7 9,23,1610403,138.38 110.83 105
972,1500,12 11 8,22.5,1610389,139.4 112.16 103
973,1479,0 15 4,23.5,1610386,134.7 117.21 102
974,1475,0 15 3,23.5,1610386,134.7 117.21 102
975,1491,6 12 7,23,1610336,137.1 114.04 103
976,1486,6 12 6,23,1610336,137.1 114.04 103
977,1494,3 7 3,24,1610273,138.09 113.22 103
978,1497,9 13 3,23,1610199,139.02 114.68 101
979,1500,8 10 1,23.5,1610185,139.88 113.97 101
980,1492,12 15 10,22,1610177,137.84 113.41 103
981,1493,9 10 12,22.5,1610124,137.5 111.52 105
982,1489,9 10 11,22.5,1610124,137.5 111.52 105
983,1485,9 14 14,22,1610114,135.97 112.78 105
984,1481,9 14 13,22,1610114,135.97 112.78 105
985,1472,3 15 12,22.5,1610082,133.7 114.69 105
986,1468,3 15 11,22.5,1610082,133.7 114.69 105
987,1476,1 1 15,23.5,1610065,135.34 108.15 110
988,1494,5 9 5,23.5,1610063,137.93 113.33 103
989,1500,2 1 5,24.5,1609963,138.86 110.42 105
990,1496,2 1 4,24.5,1609963,138.86 110.42 105
991,1484,2 15 2,23.5,1609931,135.99 117.21 101
992,1479,2 15 1,23.5,1609931,135.99 117.21 101
993,1477,5 15 10,22.5,1609864,134.97 114.69 104
994,1491,0 1 6,24.5,1609817,137.53 110.42 106
995,1489,14 14 15,21.5,1609766,137.51 111.49 105
996,1498,5 7 1,24,1609754,139.39 113.22 102
997,1500,1 0 1,25,1609736,139.6 110.88 104
998,1496,5 4 10,23.5,1609616,137.93 110.09 106
999,1491,5 4 9,23.5,1609616,137.93 110.09 106
1000,1496,8 12 5,23,1609606,138.38 114.04 102
1001,1486,3 4 11,23.5,1609545,136.64 110.09 107
1002,1479,3 11 10,23,1609498,135.18 113.4 105
1003,1475,3 11 9,23,1609498,135.18 113.4 105
1004,1498,11 10 10,22.5,1609488,138.77 111.52 104
1005,1490,11 14 12,22,1609478,137.22 112.78 104
1006,1486,11 14 11,22,1609478,137.22 112.78 104
1007,1496,13 9 15,22,1609427,138.47 109.65 106
1008,1474,1 11 12,23,1609426,133.9 113.4 106
1009,1470,1 11 11,23,1609426,133.9 113.4 106
1010,1497,1 5 2,24.5,1609424,138.19 113.07 103
1011,1492,1 5 1,24.5,1609424,138.19 113.07 103
1012,1500,7 4 8,23.5,1609403,139.23 110.09 105
1013,1499,7 9 3,23.5,1609403,139.23 113.33 102
1014,1487,7 15 9,22.5,1609355,136.23 114.69 103
1015,1482,7 15 8,22.5,1609355,136.23 114.69 103
1016,1484,5 11 8,23,1609280,136.46 113.4 104
1017,1495,3 2 8,24,1609279,138.09 109.95 106
1018,1490,3 2 7,24,1609279,138.09 109.95 106
1019,1486,1 12 0,24,1609242,136.78 116.49 101
1020,1500,5 2 6,24,1609207,139.39 109.95 105
1021,1481,1 4 13,23.5,1609189,135.34 110.09 108
1022,1476,1 4 12,23.5,1609189,135.34 110.09 108
1023,1482,1 14 4,23.5,1609189,135.34 116.56 102
1024,1478,1 14 3,23.5,1609189,135.34 116.56 102
1025,1489,4 15 0,23.5,1609172,137.29 117.21 100
1026,1490,1 2 10,24,1609063,136.78 109.95 107
1027,1485,1 2 9,24,1609063,136.78 109.95 107
1028,1496,14 15 8,22,1609040,139.1 113.41 102
1029,1479,8 13 15,22,1608969,135.34 112.16 106
1030,1483,2 8 8,23.5,1608962,135.99 112.68 105
1031,1486,5 6 13,23,1608931,136.46 110.19 107
1032,1498,6 0 13,23.5,1608917,138.58 107.5 108
1033,1494,6 0 12,23.5,1608917,138.58 107.5 108
1034,1482,6 9 15,22.5,1608915,135.6 110.89 107
1035,1477,6 9 14,22.5,1608915,135.6 110.89 107
1036,1499,11 5 15,22.5,1608872,138.77 108.35 107
1037,1494,11 5 14,22.5,1608872,138.77 108.35 107
1038,1495,7 6 12,23,1608860,137.74 110.19 106
1039,1491,7 6 11,23,1608860,137.74 110.19 106
1040,1482,0 6 6,24,1608847,136.12 112.56 105
1041,1492,2 6 5,24,1608847,137.43 112.56 104
1042,1487,2 6 4,24,1608847,137.43 112.56 104
1043,1477,0 8 10,23.5,1608816,134.7 112.68 106
1044,1473,0 8 9,23.5,1608816,134.7 112.68 106
1045,1492,4 8 7,23.5,1608816,137.29 112.68 104
1046,1488,4 8 6,23.5,1608816,137.29 112.68 104
1047,1487,8 9 13,22.5,1608775,136.87 110.89 106
1048,1475,4 14 12,22.5,1608775,134.33 114.06 105
1049,1471,4 14 11,22.5,1608775,134.33 114.06 105
1050,1494,7 11 7,23,1608772,137.74 113.4 103
1051,1489,7 11 6,23,1608772,137.74 113.4 103
1052,1480,3 6 15,23,1608719,135.18 110.19 108
1053,1476,3 6 14,23,1608719,135.18 110.19 108
1054,1487,3 14 2,23.5,1608660,136.64 116.56 101
1055,1482,3 14 1,23.5,1608660,136.64 116.56 101
1056,1489,4 0 14,23.5,1608639,137.29 107.5 109
1057,1500,10 12 3,23,1608583,139.66 114.04 101
1058,1495,13 14 10,22,1608559,138.47 112.78 103
1059,1491,9 15 7,22.5,1608555,137.5 114.69 102
1060,1487,9 15 6,22.5,1608555,137.5 114.69 102
1061,1496,4 6 3,24,1608553,138.74 112.56 103
1062,1488,10 13 14,22,1608547,136.59 112.16 105
1063,1484,10 13 13,22,1608547,136.59 112.16 105
1064,1498,8 2 15,23,1608542,138.38 107.63 108
1065,1493,8 2 14,23,1608542,138.38 107.63 108
1066,1500,9 6 10,23,1608507,139.02 110.19 105
1067,1495,9 6 9,23,1608507,139.02 110.19 105
1068,1480,6 14 10,22.5,1608486,135.6 114.06 104
1069,1497,6 8 5,23.5,1608379,138.58 112.68 103
1070,1496,10 9 12,22.5,1608353,138.14 110.89 105
1071,1491,10 9 11,22.5,1608353,138.14 110.89 105
1072,1485,0 11 2,24,1608313,136.12 115.84 102
1073,1480,0 11 1,24,1608313,136.12 115.84 102
1074,1476,0 13 5,23.5,1608206,134.7 115.92 103
1075,1479,2 0 15,23.5,1608082,135.99 107.5 110
1076,1492,15 13 15,21.5,1608034,138.13 110.87 105
1077,1477,2 10 12,23,1607990,134.54 112.75 106
1078,1473,2 10 11,23,1607990,134.54 112.75 106
1079,1482,4 10 10,23,1607990,135.82 112.75 105
1080,1478,4 10 9,23,1607990,135.82 112.75 105
1081,1498,9 11 5,23,1607973,139.02 113.4 102
1082,1498,3 0 4,24.5,1607943,139.52 109.76 105
1083,1490,8 14 9,22.5,1607907,136.87 114.06 103
1084,1485,8 14 8,22.5,1607907,136.87 114.06 103
1085,1485,2 13 4,23.5,1607905,135.99 115.92 102
1086,1481,2 13 3,23.5,1607905,135.99 115.92 102
1087,1493,1 0 6,24.5,1607871,138.19 109.76 106
1088,1489,2 11 0,24,1607858,137.43 115.84 101
1089,1493,12 13 12,22,1607845,137.84 112.16 104
1090,1488,12 13 11,22,1607845,137.84 112.16 104
1091,1492,5 14 0,23.5,1607830,137.93 116.56 100
1092,1490,0 4 3,24.5,1607816,137.53 112.41 104
1093,1487,6 10 8,23,1607701,137.1 112.75 104
1094,1499,2 4 2,24.5,1607668,138.86 112.41 103
1095,1495,2 4 1,24.5,1607668,138.86 112.41 103
1096,1489,4 3 11,23.5,1607661,137.29 109.44 107
1097,1498,6 3 10,23.5,1607661,138.58 109.44 106
1098,1494,6 3 9,23.5,1607661,138.58 109.44 106
1099,1498,14 8 15,22,1607471,139.1 109.02 106
1100,1496,11 15 5,22.5,1607465,138.77 114.69 101
1101,1469,3 13 13,22.5,1607455,133.7 113.42 106
1102,1481,9 12 15,22,1607388,135.97 111.53 106
1103,1478,5 13 12,22.5,1607383,134.97 113.42 105
1104,1474,5 13 11,22.5,1607383,134.97 113.42 105
1105,1483,2 3 13,23.5,1607377,135.99 109.44 108
1106,1479,2 3 12,23.5,1607377,135.99 109.44 108
1107,1499,15 14 8,22,1607358,139.72 112.78 102
1108,1485,3 7 8,23.5,1607333,136.64 112.03 105
1109,1490,4 13 2,23.5,1607305,137.29 115.92 101
1110,1485,4 13 1,23.5,1607305,137.29 115.92 101
1111,1498,4 1 8,24,1607281,138.74 109.29 106
1112,1493,4 1 7,24,1607281,138.74 109.29 106
1113,1480,1 7 10,23.5,1607260,135.34 112.03 106
1114,1476,1 7 9,23.5,1607260,135.34 112.03 106
1115,1484,7 8 15,22.5,1607197,136.23 110.25 107
1116,1480,7 8 14,22.5,1607197,136.23 110.25 107
1117,1485,1 5 6,24,1607183,136.78 111.91 105
1118,1492,2 1 10,24,1607138,137.43 109.29 107
1119,1488,2 1 9,24,1607138,137.43 109.29 107
1120,1496,8 10 7,23,1607123,138.38 112.75 103
1121,1492,8 10 6,23,1607123,138.38 112.75 103
1122,1495,5 7 7,23.5,1607115,137.93 112.03 104
1123,1490,5 7 6,23.5,1607115,137.93 112.03 104
1124,1494,3 5 5,24,1607110,138.09 111.91 104
1125,1490,3 5 4,24,1607110,138.09 111.91 104
1126,1488,6 5 13,23,1607086,137.1 109.55 107
1127,1494,10 14 7,22.5,1607040,138.14 114.06 102
1128,1490,10 14 6,22.5,1607040,138.14 114.06 102
1129,1483,7 13 10,22.5,1607024,136.23 113.42 104
1130,1489,9 8 13,22.5,1606987,137.5 110.25 106
1131,1483,4 5 15,23,1606946,135.82 109.55 108
1132,1479,4 5 14,23,1606946,135.82 109.55 108
1133,1498,8 5 12,23,1606946,138.38 109.55 106
1134,1493,8 5 11,23,1606946,138.38 109.55 106
1135,1487,1 10 2,24,1606915,136.78 115.18 102
1136,1483,1 10 1,24,1606915,136.78 115.18 102
1137,1479,1 12 5,23.5,1606910,135.34 115.27 103
1138,1491,11 12 14,22,1606899,137.22 111.53 105
1139,1486,11 12 13,22,1606899,137.22 111.53 105
1140,1475,2 15 7,23,1606870,134.54 115.96 103
1141,1471,2 15 6,23,1606870,134.54 115.96 103
1142,1497,14 13 10,22,1606861,139.1 112.16 103
1143,1474,0 3 14,23.5,1606810,134.7 109.44 109
1144,1497,12 4 14,22.5,1606767,139.4 107.72 107
1145,1499,5 5 3,24,1606744,139.39 111.91 103
1146,1483,0 1 11,24,1606709,136.12 109.29 108
1147,1500,7 7 5,23.5,1606608,139.23 112.03 103
1148,1488,3 12 4,23.5,1606537,136.64 115.27 102
1149,1483,3 12 3,23.5,1606537,136.64 115.27 102
1150,1498,10 5 9,23,1606525,139.66 109.55 105
1151,1498,11 8 12,22.5,1606498,138.77 110.25 105
1152,1494,11 8 11,22.5,1606498,138.77 110.25 105
1153,1480,3 9 12,23,1606467,135.18 112.11 106
1154,1476,3 9 11,23,1606467,135.18 112.11 106
1155,1480,4 15 5,23,1606424,135.82 115.96 102
1156,1494,6 13 0,23.5,1606404,138.58 115.92 100
1157,1485,5 9 10,23,1606395,136.46 112.11 105
1158,1481,5 9 9,23,1606395,136.46 112.11 105
1159,1492,3 10 0,24,1606387,138.09 115.18 101
1160,1492,9 13 9,22.5,1606377,137.5 113.42 103
1161,1488,9 13 8,22.5,1606377,137.5 113.42 103
1162,1500,9 1 15,23,1606370,139.02 106.99 108
1163,1496,9 1 14,23,1606370,139.02 106.99 108
1164,1470,1 9 13,23,1606252,133.9 112.11 107
1165,1495,13 12 12,22,1606130,138.47 111.53 104
1166,1491,13 12 11,22,1606130,138.47 111.53 104
1167,1500,13 15 3,22.5,1606085,140.04 114.69 100
1168,1471,4 12 13,22.5,1606051,134.33 112.79 106
1169,1493,1 3 3,24.5,1606043,138.19 111.75 104
1170,1490,7 9 8,23,1606036,137.74 112.11 104
1171,1481,6 12 12,22.5,1605908,135.6 112.79 105
1172,1476,6 12 11,22.5,1605908,135.6 112.79 105
1173,1499,12 14 5,22.5,1605884,139.4 114.06 101
1174,1493,5 12 2,23.5,1605865,137.93 115.27 101
1175,1488,5 12 1,23.5,1605865,137.93 115.27 101
1176,1469,1 14 8,23,1605823,133.9 115.32 104
1177,1497,3 3 1,24.5,1605821,139.52 111.75 103
1178,1497,0 2 0,25,1605746,138.93 112.21 103
1179,1481,0 9 3,24,1605729,136.12 114.53 103
1180,1484,10 11 15,22,1605723,136.59 110.9 106
1181,1491,5 2 11,23.5,1605686,137.93 108.79 107
1182,1490,6 15 4,23,1605681,137.1 115.96 101
1183,1485,6 15 3,23,1605681,137.1 115.96 101
1184,1477,0 11 7,23.5,1605676,134.7 114.62 104
1185,1472,0 11 6,23.5,1605676,134.7 114.62 104
1186,1496,7 2 9,23.5,1605616,139.23 108.79 106
1187,1483,2 6 10,23.5,1605616,135.99 111.38 106
1188,1479,2 6 9,23.5,1605616,135.99 111.38 106
1189,1488,4 6 8,23.5,1605616,137.29 111.38 105
1190,1478,3 14 7,23,1605601,135.18 115.32 103
1191,1474,3 14 6,23,1605601,135.18 115.32 103
1192,1482,2 11 5,23.5,1605528,135.99 114.62 103
1193,1486,8 12 10,22.5,1605479,136.87 112.79 104
1194,1486,3 2 13,23.5,1605475,136.64 108.79 108
1195,1482,3 2 12,23.5,1605475,136.64 108.79 108
1196,1497,11 13 7,22.5,1605443,138.77 113.42 102
1197,1492,11 13 6,22.5,1605443,138.77 113.42 102
1198,1487,2 4 6,24,1605430,137.43 111.25 105
1199,1490,2 9 2,24,1605430,137.43 114.53 102
1200,1486,2 9 1,24,1605430,137.43 114.53 102
1201,1487,8 7 15,22.5,1605392,136.87 109.62 107
1202,1482,8 7 14,22.5,1605392,136.87 109.62 107
1203,1499,9 9 7,23,1605390,139.02 112.11 103
1204,1494,9 9 6,23,1605390,139.02 112.11 103
1205,1473,0 6 11,23.5,1605327,134.7 111.38 107
1206,1498,6 6 7,23.5,1605327,138.58 111.38 104
1207,1493,6 6 6,23.5,1605327,138.58 111.38 104
1208,1482,0 4 8,24,1605284,136.12 111.25 106
1209,1478,0 4 7,24,1605284,136.12 111.25 106
1210,1497,4 4 5,24,1605284,138.74 111.25 104
1211,1492,4 4 4,24,1605284,138.74 111.25 104
1212,1500,5 0 8,24,1605193,139.39 108.64 106
1213,1495,5 0 7,24,1605193,139.39 108.64 106
1214,1493,12 11 14,22,1605167,137.84 110.9 105
1215,1489,12 11 13,22,1605167,137.84 110.9 105
1216,1491,7 4 13,23,1605154,137.74 108.91 107
1217,1495,3 0 10,24,1605122,138.09 108.64 107
1218,1491,3 0 9,24,1605122,138.09 108.64 107
1219,1492,10 7 13,22.5,1605115,138.14 109.62 106
1220,1486,5 4 15,23,1605084,136.46 108.91 108
1221,1481,5 4 14,23,1605084,136.46 108.91 108
1222,1483,5 14 5,23,1605084,136.46 115.32 102
1223,1500,15 12 10,22,1605082,139.72 111.53 103
1224,1491,4 11 4,23.5,1605082,137.29 114.62 102
1225,1486,4 11 3,23.5,1605082,137.29 114.62 102
1226,1476,1 2 14,23.5,1604982,135.34 108.79 109
1227,1500,9 4 12,23,1604945,139.02 108.91 106
1228,1496,9 4 11,23,1604945,139.02 108.91 106
1229,1497,7 12 0,23.5,1604894,139.23 115.27 100
1230,1483,4 8 12,23,1604858,135.82 111.47 106
1231,1478,4 8 11,23,1604858,135.82 111.47 106
1232,1495,4 9 0,24,1604830,138.74 114.53 101
1233,1485,1 0 11,24,1604767,136.78 108.64 108
1234,1495,10 12 9,22.5,1604764,138.14 112.79 103
1235,1490,10 12 8,22.5,1604764,138.14 112.79 103
1236,1489,0 7 0,24.5,1604724,137.53 114.39 102
1237,1473,2 8 13,23,1604715,134.54 111.47 107
1238,1488,6 8 10,23,1604715,137.1 111.47 105
1239,1483,6 8 9,23,1604715,137.1 111.47 105
1240,1494,8 15 2,23,1604641,138.38 115.96 100
1241,1499,13 3 14,22.5,1604576,140.04 107.09 107
1242,1474,5 11 13,22.5,1604561,134.97 112.16 106
1243,1496,12 7 11,22.5,1604559,139.4 109.62 105
1244,1472,2 13 8,23,1604542,134.54 114.68 104
1245,1469,3 11 15,22.5,1604490,133.7 112.16 107
1246,1500,11 4 9,23,1604456,140.3 108.91 105
1247,1484,7 11 12,22.5,1604348,136.23 112.16 105
1248,1479,7 11 11,22.5,1604348,136.23 112.16 105
1249,1496,6 11 2,23.5,1604340,138.58 114.62 101
1250,1491,6 11 1,23.5,1604340,138.58 114.62 101
1251,1498,14 11 12,22,1604333,139.1 110.9 104
1252,1493,14 11 11,22,1604333,139.1 110.9 104
1253,1493,8 8 8,23,1604286,138.38 111.47 104
1254,1479,1 10 7,23.5,1604281,135.34 113.97 104
1255,1475,1 10 6,23.5,1604281,135.34 113.97 104
1256,1492,7 14 4,23,1604271,137.74 115.32 101
1257,1488,7 14 3,23,1604271,137.74 115.32 101
1258,1481,4 13 7,23,1604248,135.82 114.68 103
1259,1477,4 13 6,23,1604248,135.82 114.68 103
1260,1484,1 8 3,24,1604229,136.78 113.87 103
1261,1490,0 2 5,24.5,1604179,137.53 111.08 105
1262,1486,0 2 4,24.5,1604179,137.53 111.08 105
1263,1495,2 2 3,24.5,1604179,138.86 111.08 104
1264,1476,7 15 14,22,1604137,134.71 113.41 105
1265,1471,7 15 13,22,1604137,134.71 113.41 105
1266,1480,12 15 15,21.5,1604126,136.27 112.11 105
1267,1498,10 0 14,23,1604109,139.66 106.35 108
1268,1484,3 10 5,23.5,1604059,136.64 113.97 103
1269,1487,11 10 15,22,1603975,137.22 110.28 106
1270,1500,4 2 1,24.5,1603885,140.18 111.08 103
1271,1486,3 5 10,23.5,1603882,136.64 110.74 106
1272,1481,3 5 9,23.5,1603882,136.64 110.74 106
1273,1500,1 1 0,25,1603862,139.6 111.54 103
1274,1493,3 8 2,24,1603857,138.09 113.87 102
1275,1488,3 8 1,24,1603857,138.09 113.87 102
1276,1488,9 11 10,22.5,1603851,137.5 112.16 104
1277,1491,5 5 8,23.5,1603810,137.93 110.74 105
1278,1499,12 12 7,22.5,1603764,139.4 112.79 102
1279,1495,12 12 6,22.5,1603764,139.4 112.79 102
1280,1476,1 5 11,23.5,1603667,135.34 110.74 107
1281,1486,6 13 5,23,1603661,137.1 114.68 102
1282,1481,9 15 12,22,1603639,135.97 113.41 104
1283,1476,9 15 11,22,1603639,135.97 113.41 104
1284,1494,6 1 11,23.5,1603622,138.58 108.15 107
1285,1490,3 3 6,24,1603586,138.09 110.6 105
1286,1497,10 8 6,23,1603572,139.66 111.47 103
1287,1494,5 10 4,23.5,1603542,137.93 113.97 102
1288,1489,5 10 3,23.5,1603542,137.93 113.97 102
1289,1485,1 3 8,24,1603513,136.78 110.6 106
1290,1481,1 3 7,24,1603513,136.78 110.6 106
1291,1489,9 6 15,22.5,1603502,137.5 108.99 107
1292,1485,9 6 14,22.5,1603502,137.5 108.99 107
1293,1489,4 1 13,23.5,1603482,137.29 108.15 108
1294,1484,4 1 12,23.5,1603482,137.29 108.15 108
1295,1499,8 1 9,23.5,1603482,139.88 108.15 106
1296,1500,7 5 7,23.5,1603452,139.23 110.74 104
1297,1496,7 5 6,23.5,1603452,139.23 110.74 104
1298,1500,5 3 5,24,1603369,139.39 110.6 104
1299,1495,5 3 4,24,1603369,139.39 110.6 104
1300,1496,13 10 14,22,1603353,138.47 110.28 105
1301,1491,13 10 13,22,1603353,138.47 110.28 105
1302,1498,10 15 0,23,1603304,139.66 115.96 99
1303,1500,8 11 0,23.5,1603301,139.88 114.62 100
1304,1489,14 15 14,21.5,1603293,137.51 112.11 104
1305,1485,14 15 13,21.5,1603293,137.51 112.11 104
1306,1470,1 12 10,23,1603249,133.9 114.04 105
1307,1498,5 8 0,24,1603186,139.39 113.87 101
1308,1475,3 12 8,23,1603176,135.18 114.04 104
1309,1497,9 14 2,23,1603163,139.02 115.32 100
1310,1485,5 7 12,23,1603161,136.46 110.83 106
1311,1481,5 7 11,23,1603161,136.46 110.83 106
1312,1494,11 6 13,22.5,1603157,138.77 108.99 106
1313,1488,6 3 15,23,1603134,137.1 108.27 108
1314,1484,6 3 14,23,1603134,137.1 108.27 108
1315,1493,8 3 13,23,1603134,138.38 108.27 107
1316,1491,1 6 0,24.5,1603119,138.19 113.73 102
1317,1476,3 7 13,23,1603090,135.18 110.83 107
1318,1498,11 11 9,22.5,1603069,138.77 112.16 103
1319,1493,11 11 8,22.5,1603069,138.77 112.16 103
1320,1479,2 1 14,23.5,1603062,135.99 108.15 109
1321,1472,4 10 15,22.5,1602987,134.33 111.52 107
1322,1477,6 10 13,22.5,1602987,135.6 111.52 106
1323,1469,6 14 15,22,1602977,134.09 112.78 106
1324,1490,7 7 10,23,1602948,137.74 110.83 105
1325,1486,7 7 9,23,1602948,137.74 110.83 105
1326,1485,11 15 10,22,1602858,137.22 113.41 103
1327,1498,10 3 11,23,1602856,139.66 108.27 106
1328,1484,5 12 7,23,1602811,136.46 114.04 103
1329,1479,5 12 6,23,1602811,136.46 114.04 103
1330,1473,0 9 8,23.5,1602798,134.7 113.33 105
1331,1482,2 9 7,23.5,1602798,135.99 113.33 104
1332,1478,2 9 6,23.5,1602798,135.99 113.33 104
1333,1482,0 7 5,24,1602790,136.12 113.22 104
1334,1477,0 7 4,24,1602790,136.12 113.22 104
1335,1495,8 13 4,23,1602779,138.38 114.68 101
1336,1490,8 13 3,23,1602779,138.38 114.68 101
1337,1471,1 7 15,23,1602735,133.9 110.83 108
1338,1498,7 10 2,23.5,1602731,139.23 113.97 101
1339,1493,7 10 1,23.5,1602731,139.23 113.97 101
1340,1486,8 10 12,22.5,1602704,136.87 111.52 105
1341,1482,8 10 11,22.5,1602704,136.87 111.52 105
1342,1479,8 14 14,22,1602694,135.34 112.78 105
1343,1474,8 14 13,22,1602694,135.34 112.78 105
1344,1486,2 7 3,24,1602641,137.43 113.22 103
1345,1499,13 6 11,22.5,1602535,140.04 108.99 105
1346,1483,13 14 15,21.5,1602515,136.89 111.49 105
1347,1487,4 9 5,23.5,1602504,137.29 113.33 103
1348,1500,15 10 12,22,1602455,139.72 110.28 104
1349,1496,15 10 11,22,1602455,139.72 110.28 104
1350,1495,9 7 8,23,1602451,139.02 110.83 104
1351,1471,4 15 10,22.5,1602306,134.33 114.69 104
1352,1493,1 1 5,24.5,1602297,138.19 110.42 105
1353,1488,1 1 4,24.5,1602297,138.19 110.42 105
1354,1477,1 15 2,23.5,1602265,135.34 117.21 101
1355,1472,1 15 1,23.5,1602265,135.34 117.21 101
1356,1498,3 1 3,24.5,1602224,139.52 110.42 104
1357,1496,4 7 2,24,1602197,138.74 113.22 102
1358,1491,4 7 1,24,1602197,138.74 113.22 102
1359,1489,7 12 5,23,1602154,137.74 114.04 102
1360,1489,12 9 15,22,1602144,137.84 109.65 106
1361,1491,10 10 10,22.5,1602139,138.14 111.52 104
1362,1483,10 14 12,22,1602129,136.59 112.78 104
1363,1479,10 14 11,22,1602129,136.59 112.78 104
1364,1488,4 4 10,23.5,1602060,137.29 110.09 106
1365,1484,4 4 9,23.5,1602060,137.29 110.09 106
1366,1498,0 0 2,25,1602034,138.93 110.88 104
1367,1493,0 0 1,25,1602034,138.93 110.88 104
1368,1497,13 11 6,22.5,1602003,140.04 112.16 102
1369,1479,2 4 11,23.5,1601917,135.99 110.09 107
1370,1493,6 4 8,23.5,1601917,138.58 110.09 105
1371,1496,6 9 4,23.5,1601917,138.58 113.33 102
1372,1492,6 9 3,23.5,1601917,138.58 113.33 102
1373,1472,2 11 10,23,1601870,134.54 113.4 105
1374,1480,6 15 9,22.5,1601870,135.6 114.69 103
1375,1475,6 15 8,22.5,1601870,135.6 114.69 103
1376,1494,13 15 9,22,1601792,138.47 113.41 102
1377,1490,13 15 8,22,1601792,138.47 113.41 102
1378,1477,4 11 8,23,1601725,135.82 113.4 104
1379,1490,0 5 2,24.5,1601723,137.53 113.07 103
1380,1485,0 5 1,24.5,1601723,137.53 113.07 103
1381,1500,11 7 6,23,1601670,140.3 110.83 103
1382,1488,2 2 8,24,1601652,137.43 109.95 106
1383,1483,2 2 7,24,1601652,137.43 109.95 106
1384,1493,4 2 6,24,1601652,138.74 109.95 105
1385,1492,15 14 14,21.5,1601617,138.13 111.49 104
1386,1487,15 14 13,21.5,1601617,138.13 111.49 104
1387,1499,10 13 2,23,1601604,139.66 114.68 100
1388,1482,3 15 0,23.5,1601582,136.64 117.21 100
1389,1479,0 12 0,24,1601542,136.12 116.49 101
1390,1492,10 5 15,22.5,1601526,138.14 108.35 107
1391,1487,10 5 14,22.5,1601526,138.14 108.35 107
1392,1472,7 13 15,22,1601520,134.71 112.16 106
1393,1474,0 4 13,23.5,1601489,134.7 110.09 108
1394,1498,8 4 6,23.5,1601489,139.88 110.09 104
1395,1475,0 14 4,23.5,1601489,134.7 116.56 102
1396,1471,0 14 3,23.5,1601489,134.7 116.56 102
1397,1496,7 0 11,23.5,1601468,139.23 107.5 107
1398,1498,14 9 14,22,1601457,139.1 109.65 105
1399,1494,14 9 13,22,1601457,139.1 109.65 105
1400,1500,6 7 0,24,1601456,140.05 113.22 101
1401,1494,2 5 0,24.5,1601424,138.86 113.07 102
1402,1491,5 0 13,23.5,1601399,137.93 107.5 108
1403,1487,5 0 12,23.5,1601399,137.93 107.5 108
1404,1475,5 9 15,22.5,1601397,134.97 110.89 107
1405,1470,5 9 14,22.5,1601397,134.97 110.89 107
1406,1479,4 6 13,23,1601377,135.82 110.19 107
1407,1488,6 6 12,23,1601377,137.1 110.19 106
1408,1484,6 6 11,23,1601377,137.1 110.19 106
1409,1483,0 2 10,24,1601364,136.12 109.95 107
1410,1478,0 2 9,24,1601364,136.12 109.95 107
1411,1497,6 2 4,24,1601364,140.05 109.95 104
1412,1480,7 9 13,22.5,1601327,136.23 110.89 106
1413,1476,1 8 8,23.5,1601301,135.34 112.68 105
1414,1500,12 10 9,22.5,1601291,139.4 111.52 103
1415,1496,12 10 8,22.5,1601291,139.4 111.52 103
1416,1487,6 11 7,23,1601289,137.1 113.4 103
1417,1482,6 11 6,23,1601289,137.1 113.4 103
1418,1488,12 14 10,22,1601281,137.84 112.78 103
1419,1485,3 8 7,23.5,1601228,136.64 112.68 104
1420,1481,3 8 6,23.5,1601228,136.64 112.68 104
1421,1498,9 12 4,23,1601204,139.02 114.04 101
1422,1493,9 12 3,23,1601204,139.02 114.04 101
1423,1468,3 14 12,22.5,1601186,133.7 114.06 105
1424,1484,1 6 5,24,1601186,136.78 112.56 104
1425,1480,1 6 4,24,1601186,136.78 112.56 104
1426,1481,9 13 14,22,1601169,135.97 112.16 105
1427,1477,9 13 13,22,1601169,135.97 112.16 105
1428,1485,8 15 7,22.5,1601143,136.87 114.69 102
1429,1480,8 15 6,22.5,1601143,136.87 114.69 102
1430,1497,12 5 13,22.5,1601114,139.4 108.35 106
1431,1491,7 2 15,23,1601095,137.74 107.63 108
1432,1486,7 2 14,23,1601095,137.74 107.63 108
1433,1473,2 6 15,23,1601095,134.54 110.19 108
1434,1469,2 6 14,23,1601095,134.54 110.19 108
1435,1493,8 6 10,23,1601095,138.38 110.19 105
1436,1488,8 6 9,23,1601095,138.38 110.19 105
1437,1482,3 0 14,23.5,1601051,136.64 107.5 109
1438,1496,8 9 1,23.5,1601036,139.88 113.33 101
1439,1480,2 14 2,23.5,1601036,135.99 116.56 101
1440,1475,2 14 1,23.5,1601036,135.99 116.56 101
1441,1496,9 2 13,23,1601026,139.02 107.63 107
1442,1489,9 9 12,22.5,1600975,137.5 110.89 105
1443,1485,9 9 11,22.5,1600975,137.5 110.89 105
1444,1473,5 14 10,22.5,1600969,134.97 114.06 104
1445,1489,3 6 3,24,1600965,138.09 112.56 103
1446,1490,5 8 5,23.5,1600863,137.93 112.68 103
1447,1485,14 13 15,21.5,1600823,137.51 110.87 105
1448,1491,8 11 5,23,1600563,138.38 113.4 102
1449,1486,11 13 12,22,1600536,137.22 112.16 104
1450,1482,11 13 11,22,1600536,137.22 112.16 104
1451,1498,10 6 8,23,1600530,139.66 110.19 104
1452,1483,7 14 9,22.5,1600463,136.23 114.06 103
1453,1478,7 14 8,22.5,1600463,136.23 114.06 103
1454,1499,5 6 2,24,1600449,139.39 112.56 102
1455,1494,5 6 1,24,1600449,139.39 112.56 102
1456,1499,15 15 7,22,1600442,139.72 113.41 101
1457,1472,1 0 15,23.5,1600424,135.34 107.5 110
1458,1475,3 10 10,23,1600405,135.18 112.75 105
1459,1471,3 10 9,23,1600405,135.18 112.75 105
1460,1494,11 9 10,22.5,1600343,138.77 110.89 104
1461,1470,1 10 12,23,1600333,133.9 112.75 106
1462,1496,2 0 5,24.5,1600323,138.86 109.76 105
1463,1491,2 0 4,24.5,1600323,138.86 109.76 105
1464,1484,4 14 0,23.5,1600281,137.29 116.56 100
1465,1478,1 13 4,23.5,1600249,135.34 115.92 102
1466,1473,1 13 3,23.5,1600249,135.34 115.92 102
1467,1492,13 8 15,22,1600230,138.47 109.02 106
1468,1499,7 8 4,23.5,1600206,139.23 112.68 102
1469,1494,7 8 3,23.5,1600206,139.23 112.68 102
1470,1482,1 11 0,24,1600201,136.78 115.84 101
1471,1480,5 10 8,23,1600188,136.46 112.75 104
1472,1486,0 0 6,24.5,1600177,137.53 109.76 106
1473,1500,14 10 6,22.5,1600160,140.67 111.52 102
1474,1497,14 14 9,22,1600150,139.1 112.78 102
1475,1492,14 14 8,22,1600150,139.1 112.78 102
1476,1491,5 3 10,23.5,1600148,137.93 109.44 106
1477,1487,5 3 9,23.5,1600148,137.93 109.44 106
1478,1489,10 15 5,22.5,1600125,138.14 114.69 101
1479,1482,3 3 11,23.5,1600077,136.64 109.44 107
1480,1492,1 4 2,24.5,1600012,138.19 112.41 103
1481,1488,1 4 1,24.5,1600012,138.19 112.41 103
1482,1475,8 12 15,22,1599980,135.34 111.53 106
1483,1496,7 3 8,23.5,1599936,139.23 109.44 105
1484,1471,4 13 12,22.5,1599837,134.33 113.42 105
1485,1476,1 3 13,23.5,1599723,135.34 109.44 108
1486,1472,1 3 12,23.5,1599723,135.34 109.44 108
1487,1483,3 13 2,23.5,1599723,136.64 115.92 101
1488,1478,3 13 1,23.5,1599723,136.64 115.92 101
1489,1477,6 8 15,22.5,1599721,135.6 110.25 107
1490,1473,6 8 14,22.5,1599721,135.6 110.25 107
1491,1478,2 7 8,23.5,1599715,135.99 112.03 105
1492,1490,3 1 8,24,1599700,138.09 109.29 106
1493,1486,3 1 7,24,1599700,138.09 109.29 106
1494,1490,7 10 7,23,1599683,137.74 112.75 103
1495,1485,7 10 6,23,1599683,137.74 112.75 103
1496,1487,9 14 7,22.5,1599668,137.5 114.06 102
1497,1483,9 14 6,22.5,1599668,137.5 114.06 102
1498,1497,3 4 0,24.5,1599641,139.52 112.41 102
1499,1495,5 1 6,24,1599628,139.39 109.29 105
1500,1491,13 13 10,22,1599623,138.47 112.16 103
1501,1482,8 8 13,22.5,1599582,136.87 110.25 106
1502,1481,5 5 13,23,1599577,136.46 109.55 107
1503,1473,0 7 10,23.5,1599570,134.7 112.03 106
1504,1488,4 7 7,23.5,1599570,137.29 112.03 104
1505,1483,4 7 6,23.5,1599570,137.29 112.03 104
1506,1484,10 12 14,22,1599561,136.59 111.53 105
1507,1479,10 12 13,22,1599561,136.59 111.53 105
1508,1476,6 13 10,22.5,1599550,135.6 113.42 104
1509,1496,10 11 3,23,1599546,139.66 113.4 101
1510,1491,7 5 12,23,1599506,137.74 109.55 106
1511,1486,7 5 11,23,1599506,137.74 109.55 106
1512,1478,0 5 6,24,1599494,136.12 111.91 105
1513,1487,2 5 5,24,1599494,137.43 111.91 104
1514,1483,2 5 4,24,1599494,137.43 111.91 104
1515,1485,1 1 10,24,1599485,136.78 109.29 107
1516,1481,1 1 9,24,1599485,136.78 109.29 107
1517,1496,15 8 13,22,1599479,139.72 109.02 105
1518,1494,11 4 15,22.5,1599464,138.77 107.72 107
1519,1490,11 4 14,22.5,1599464,138.77 107.72 107
1520,1498,13 9 8,22.5,1599430,140.04 110.89 103
1521,1476,3 5 15,23,1599366,135.18 109.55 108
1522,1472,3 5 14,23,1599366,135.18 109.55 108
1523,1500,7 1 4,24,1599271,140.7 109.29 104
1524,1499,9 8 1,23.5,1599257,140.53 112.68 101
1525,1480,0 10 2,24,1599226,136.12 115.18 102
1526,1476,0 10 1,24,1599226,136.12 115.18 102
1527,1472,0 12 5,23.5,1599221,134.7 115.27 103
1528,1492,4 5 3,24,1599201,138.74 111.91 103
1529,1492,10 8 12,22.5,1599163,138.14 110.25 105
1530,1487,10 8 11,22.5,1599163,138.14 110.25 105
1531,1496,9 5 10,23,1599155,139.02 109.55 105
1532,1491,9 5 9,23,1599155,139.02 109.55 105
1533,1493,6 7 5,23.5,1599135,138.58 112.03 103
1534,1488,15 12 15,21.5,1599051,138.13 110.25 105
1535,1499,13 4 13,22.5,1598986,140.04 107.72 106
1536,1485,8 13 9,22.5,1598975,136.87 113.42 103
1537,1481,8 13 8,22.5,1598975,136.87 113.42 103
1538,1493,8 1 15,23,1598967,138.38 106.99 108
1539,1489,8 1 14,23,1598967,138.38 106.99 108
1540,1481,2 12 4,23.5,1598923,135.99 115.27 102
1541,1476,2 12 3,23.5,1598923,135.99 115.27 102
1542,1487,5 13 0,23.5,1598898,137.93 115.92 100
1543,1494,9 10 5,23,1598888,139.02 112.75 102
1544,1489,12 12 12,22,1598862,137.84 111.53 104
1545,1484,12 12 11,22,1598862,137.84 111.53 104
1546,1473,2 9 12,23,1598854,134.54 112.11 106
1547,1478,4 9 10,23,1598854,135.82 112.11 105
1548,1474,4 9 9,23,1598854,135.82 112.11 105
1549,1473,3 15 5,23,1598846,135.18 115.96 102
1550,1498,10 1 13,23,1598830,139.66 106.99 107
1551,1498,12 15 4,22.5,1598817,139.4 114.69 100
1552,1493,12 15 3,22.5,1598817,139.4 114.69 100
1553,1485,2 10 0,24,1598774,137.43 115.18 101
1554,1496,6 5 1,24,1598615,140.05 111.91 102
1555,1492,11 14 5,22.5,1598584,138.77 114.06 101
1556,1483,6 9 8,23,1598566,137.1 112.11 104
1557,1500,11 5 8,23,1598524,140.3 109.55 104
1558,1496,12 8 10,22.5,1598464,139.4 110.25 104
1559,1499,15 13 9,22,1598428,139.72 112.16 102
1560,1495,15 13 8,22,1598428,139.72 112.16 102
1561,1497,8 7 3,23.5,1598409,139.88 112.03 102
1562,1474,5 12 12,22.5,1598404,134.97 112.79 105
1563,1470,5 12 11,22.5,1598404,134.97 112.79 105
1564,1486,0 3 3,24.5,1598359,137.53 111.75 104
1565,1477,9 11 15,22,1598357,135.97 110.9 106
1566,1486,4 12 2,23.5,1598326,137.29 115.27 101
1567,1481,4 12 1,23.5,1598326,137.29 115.27 101
1568,1494,14 7 15,22,1598233,139.1 108.4 106
1569,1495,2 3 2,24.5,1598211,138.86 111.75 103
1570,1490,2 3 1,24.5,1598211,138.86 111.75 103
1571,1483,5 15 4,23,1598178,136.46 115.96 101
1572,1478,5 15 3,23,1598178,136.46 115.96 101
1573,1484,4 2 11,23.5,1598148,137.29 108.79 107
1574,1494,6 2 10,23.5,1598148,138.58 108.79 106
1575,1489,6 2 9,23.5,1598148,138.58 108.79 106
1576,1490,10 13 7,22.5,1598112,138.14 113.42 102
1577,1485,10 13 6,22.5,1598112,138.14 113.42 102
1578,1479,7 12 10,22.5,1598046,136.23 112.79 104
1579,1481,3 6 8,23.5,1598042,136.64 111.38 105
1580,1492,8 9 7,23,1597992,138.38 112.11 103
1581,1488,8 9 6,23,1597992,138.38 112.11 103
1582,1471,2 14 7,23,1597992,134.54 115.32 103
1583,1476,1 6 10,23.5,1597970,135.34 111.38 106
1584,1472,1 6 9,23.5,1597970,135.34 111.38 106
1585,1480,7 7 15,22.5,1597960,136.23 109.62 107
1586,1476,7 7 14,22.5,1597960,136.23 109.62 107
1587,1493,14 12 10,22,1597884,139.1 111.53 103
1588,1474,1 11 5,23.5,1597882,135.34 114.62 103
1589,1486,11 11 14,22,1597871,137.22 110.9 105
1590,1482,11 11 13,22,1597871,137.22 110.9 105
1591,1479,2 2 13,23.5,1597866,135.99 108.79 108
1592,1475,2 2 12,23.5,1597866,135.99 108.79 108
1593,1498,8 2 8,23.5,1597866,139.88 108.79 105
1594,1491,5 6 7,23.5,1597826,137.93 111.38 104
1595,1486,5 6 6,23.5,1597826,137.93 111.38 104
1596,1498,11 10 3,23,1597805,140.3 112.75 101
1597,1480,1 4 6,24,1597785,136.78 111.25 105
1598,1483,1 9 2,24,1597785,136.78 114.53 102
1599,1478,1 9 1,24,1597785,136.78 114.53 102
1600,1500,4 3 0,24.5,1597767,140.18 111.75 102
1601,1485,9 7 13,22.5,1597752,137.5 109.62 106
1602,1490,3 4 5,24,1597712,138.09 111.25 104
1603,1485,3 4 4,24,1597712,138.09 111.25 104
1604,1484,6 4 13,23,1597688,137.1 108.91 107
1605,1493,4 0 8,24,1597657,138.74 108.64 106
1606,1488,4 0 7,24,1597657,138.74 108.64 106
1607,1479,4 4 15,23,1597549,135.82 108.91 108
1608,1474,4 4 14,23,1597549,135.82 108.91 108
1609,1493,8 4 12,23,1597549,138.38 108.91 106
1610,1489,8 4 11,23,1597549,138.38 108.91 106
1611,1476,4 14 5,23,1597549,135.82 115.32 102
1612,1488,2 0 10,24,1597515,137.43 108.64 107
1613,1483,2 0 9,24,1597515,137.43 108.64 107
1614,1498,6 0 6,24,1597515,140.05 108.64 105
1615,1484,3 11 4,23.5,1597511,136.64 114.62 102
1616,1479,3 11 3,23.5,1597511,136.64 114.62 102
1617,1490,6 12 0,23.5,1597430,138.58 115.27 100
1618,1488,9 12 9,22.5,1597403,137.5 112.79 103
1619,1484,9 12 8,22.5,1597403,137.5 112.79 103
1620,1495,5 4 3,24,1597348,139.39 111.25 103
1621,1495,7 6 5,23.5,1597321,139.23 111.38 103
1622,1497,12 3 15,22.5,1597316,139.4 107.09 107
1623,1492,12 3 14,22.5,1597316,139.4 107.09 107
1624,1469,0 2 14,23.5,1597302,134.7 108.79 109
1625,1476,3 8 12,23,1597288,135.18 111.47 106
1626,1471,3 8 11,23,1597288,135.18 111.47 106
1627,1494,11 7 12,22.5,1597265,138.77 109.62 105
1628,1490,11 7 11,22.5,1597265,138.77 109.62 105
1629,1488,3 9 0,24,1597260,138.09 114.53 101
1630,1481,5 8 10,23,1597216,136.46 111.47 105
1631,1476,5 8 9,23,1597216,136.46 111.47 105
1632,1487,7 15 2,23,1597212,137.74 115.96 100
1633,1496,13 14 3,22.5,1597211,140.04 114.06 100
1634,1498,10 4 10,23,1597130,139.66 108.91 105
1635,1493,10 4 9,23,1597130,139.66 108.91 105
1636,1497,10 9 5,23,1597130,139.66 112.11 102
1637,1491,13 11 12,22,1597107,138.47 110.9 104
1638,1487,13 11 11,22,1597107,138.47 110.9 104
1639,1478,0 0 11,24,1597088,136.12 108.64 108
1640,1494,12 13 5,22.5,1596962,139.4 113.42 101
1641,1477,6 11 12,22.5,1596886,135.6 112.16 105
1642,1472,6 11 11,22.5,1596886,135.6 112.16 105
1643,1486,7 8 8,23,1596859,137.74 111.47 104
1644,1489,5 11 2,23.5,1596843,137.93 114.62 101
1645,1484,5 11 1,23.5,1596843,137.93 114.62 101
1646,1473,11 15 15,21.5,1596835,135.65 112.11 105
1647,1485,6 14 4,23,1596810,137.1 115.32 101
1648,1481,6 14 3,23,1596810,137.1 115.32 101
1649,1496,9 0 15,23,1596751,139.02 106.35 108
1650,1491,9 0 14,23,1596751,139.02 106.35 108
1651,1499,7 4 1,24,1596693,140.7 111.25 102
1652,1474,3 13 7,23,1596681,135.18 114.68 103
1653,1470,3 13 6,23,1596681,135.18 114.68 103
1654,1469,6 15 14,22,1596676,134.09 113.41 105
1655,1480,10 10 15,22,1596651,136.59 110.28 106
1656,1472,0 10 7,23.5,1596605,134.7 113.97 104
1657,1477,0 8 3,24,1596554,136.12 113.87 103
1658,1488,1 2 3,24.5,1596540,138.19 111.08 104
1659,1500,9 6 3,23.5,1596527,140.53 111.38 102
1660,1499,13 7 10,22.5,1596501,140.04 109.62 104
1661,1493,11 12 7,22.5,1596474,138.77 112.79 102
1662,1488,11 12 6,22.5,1596474,138.77 112.79 102
1663,1482,8 11 10,22.5,1596460,136.87 112.16 104
1664,1477,2 10 5,23.5,1596457,135.99 113.97 103
1665,1498,3 2 2,24.5,1596319,139.52 111.08 103
1666,1493,3 2 1,24.5,1596319,139.52 111.08 103
1667,1479,2 5 10,23.5,1596281,135.99 110.74 106
1668,1474,2 5 9,23.5,1596281,135.99 110.74 106
1669,1484,4 5 8,23.5,1596281,137.29 110.74 105
1670,1486,2 8 2,24,1596256,137.43 113.87 102
1671,1481,2 8 1,24,1596256,137.43 113.87 102
1672,1474,8 15 12,22,1596249,135.34 113.41 104
1673,1469,8 15 11,22,1596249,135.34 113.41 104
1674,1495,9 8 7,23,1596216,139.02 111.47 103
1675,1490,9 8 6,23,1596216,139.02 111.47 103
1676,1492,0 1 0,25,1596188,138.93 111.54 103
1677,1479,5 13 5,23,1596167,136.46 114.68 102
1678,1497,15 6 15,22,1596152,139.72 107.77 106
1679,1487,5 1 11,23.5,1596129,137.93 108.15 107
1680,1482,8 6 15,22.5,1596113,136.87 108.99 107
1681,1478,8 6 14,22.5,1596113,136.87 108.99 107
1682,1489,12 10 14,22,1596098,137.84 110.28 105
1683,1485,12 10 13,22,1596098,137.84 110.28 105
1684,1482,13 15 14,21.5,1596071,136.89 112.11 104
1685,1478,13 15 13,21.5,1596071,136.89 112.11 104
1686,1496,15 11 10,22,1596064,139.72 110.9 103
1687,1496,7 1 10,23.5,1596059,139.23 108.15 106
1688,1492,7 1 9,23.5,1596059,139.23 108.15 106
1689,1487,4 10 4,23.5,1596014,137.29 113.97 102
1690,1482,4 10 3,23.5,1596014,137.29 113.97 102
1691,1493,6 5 7,23.5,1595994,138.58 110.74 104
1692,1489,6 5 6,23.5,1595994,138.58 110.74 104
1693,1483,2 3 6,24,1595986,137.43 110.6 105
1694,1496,9 15 1,23,1595949,139.02 115.96 99
1695,1491,9 15 0,23,1595949,139.02 115.96 99
1696,1482,3 1 13,23.5,1595918,136.64 108.15 108
1697,1477,3 1 12,23.5,1595918,136.64 108.15 108
1698,1493,7 11 0,23.5,1595878,139.23 114.62 100
1699,1478,0 3 8,24,1595841,136.12 110.6 106
1700,1474,0 3 7,24,1595841,136.12 110.6 106
1701,1493,4 3 5,24,1595841,138.74 110.6 104
1702,1488,4 3 4,24,1595841,138.74 110.6 104
1703,1487,10 6 13,22.5,1595836,138.14 108.99 106
1704,1490,8 14 2,23,1595775,138.38 115.32 100
1705,1491,10 11 9,22.5,1595749,138.14 112.16 103
1706,1486,10 11 8,22.5,1595749,138.14 112.16 103
1707,1486,7 3 13,23,1595712,137.74 108.27 107
1708,1491,4 8 0,24,1595659,138.74 113.87 101
1709,1481,5 3 15,23,1595642,136.46 108.27 108
1710,1477,5 3 14,23,1595642,136.46 108.27 108
1711,1478,4 7 12,23,1595634,135.82 110.83 106
1712,1474,4 7 11,23,1595634,135.82 110.83 106
1713,1479,10 15 10,22,1595539,136.59 113.41 103
1714,1499,14 13 3,22.5,1595525,140.67 113.42 100
1715,1496,9 3 12,23,1595504,139.02 108.27 106
1716,1491,9 3 11,23,1595504,139.02 108.27 106
1717,1470,5 10 13,22.5,1595496,134.97 111.52 106
1718,1469,2 7 13,23,1595492,134.54 110.83 107
1719,1483,6 7 10,23,1595492,137.1 110.83 105
1720,1479,6 7 9,23,1595492,137.1 110.83 105
1721,1484,0 6 0,24.5,1595449,137.53 113.73 102
1722,1472,1 1 14,23.5,1595428,135.34 108.15 109
1723,1498,8 5 5,23.5,1595420,139.88 110.74 103
1724,1497,6 3 3,24,1595407,140.05 110.6 103
1725,1488,7 13 4,23,1595359,137.74 114.68 101
1726,1484,7 13 3,23,1595359,137.74 114.68 101
1727,1499,11 8 5,23,1595288,140.3 111.47 102
1728,1477,4 12 7,23,1595286,135.82 114.04 103
1729,1473,4 12 6,23,1595286,135.82 114.04 103
1730,1497,12 6 12,22.5,1595284,139.4 108.99 105
1731,1492,12 6 11,22.5,1595284,139.4 108.99 105
1732,1479,7 10 12,22.5,1595284,136.23 111.52 105
1733,1475,7 10 11,22.5,1595284,136.23 111.52 105
1734,1491,6 10 2,23.5,1595276,138.58 113.97 101
1735,1487,6 10 1,23.5,1595276,138.58 113.97 101
1736,1472,7 14 14,22,1595274,134.71 112.78 105
1737,1467,7 14 13,22,1595274,134.71 112.78 105
1738,1494,14 10 12,22,1595269,139.1 110.28 104
1739,1489,14 10 11,22,1595269,139.1 110.28 104
1740,1476,12 14 15,21.5,1595264,136.27 111.49 105
1741,1497,13 12 5,22.5,1595259,140.04 112.79 101
1742,1475,1 9 7,23.5,1595165,135.34 113.33 104
1743,1471,1 9 6,23.5,1595165,135.34 113.33 104
1744,1499,13 2 15,22.5,1595082,140.04 106.45 107
1745,1495,13 2 14,22.5,1595082,140.04 106.45 107
1746,1488,8 7 8,23,1595066,138.38 110.83 104
1747,1487,15 15 12,21.5,1595029,138.13 112.11 103
1748,1500,11 3 10,23,1595018,140.3 108.27 105
1749,1496,11 3 9,23,1595018,140.3 108.27 105
1750,1479,1 7 3,24,1595010,136.78 113.22 103
1751,1480,3 9 5,23.5,1594945,136.64 113.33 103
1752,1482,11 9 15,22,1594862,137.22 109.65 106
1753,1484,9 10 10,22.5,1594789,137.5 111.52 104
1754,1477,9 14 12,22,1594779,135.97 112.78 104
1755,1472,9 14 11,22,1594779,135.97 112.78 104
1756,1495,12 11 7,22.5,1594754,139.4 112.16 102
1757,1491,12 11 6,22.5,1594754,139.4 112.16 102
1758,1482,6 12 5,23,1594702,137.1 114.04 102
1759,1489,3 7 2,24,1594639,138.09 113.22 102
1760,1484,3 7 1,24,1594639,138.09 113.22 102
1761,1486,0 1 5,24.5,1594630,137.53 110.42 105
1762,1481,0 1 4,24.5,1594630,137.53 110.42 105
1763,1491,2 1 3,24.5,1594630,138.86 110.42 104
1764,1470,0 15 2,23.5,1594598,134.7 117.21 101
1765,1488,12 15 9,22,1594544,137.84 113.41 102
1766,1483,12 15 8,22,1594544,137.84 113.41 102
1767,1481,3 4 10,23.5,1594503,136.64 110.09 106
1768,1477,3 4 9,23.5,1594503,136.64 110.09 106
1769,1499,10 14 1,23,1594446,139.66 115.32 99
1770,1494,10 14 0,23,1594446,139.66 115.32 99
1771,1485,14 14 14,21.5,1594435,137.51 111.49 104
1772,1481,14 14 13,21.5,1594435,137.51 111.49 104
1773,1486,5 4 8,23.5,1594431,137.93 110.09 105
1774,1489,5 9 4,23.5,1594431,137.93 113.33 102
1775,1485,5 9 3,23.5,1594431,137.93 113.33 102
1776,1473,5 15 9,22.5,1594384,134.97 114.69 103
1777,1468,5 15 8,22.5,1594384,134.97 114.69 103
1778,1497,10 7 7,23,1594356,139.66 110.83 103
1779,1493,10 7 6,23,1594356,139.66 110.83 103
1780,1500,4 1 2,24.5,1594338,140.18 110.42 103
1781,1496,4 1 1,24.5,1594338,140.18 110.42 103
1782,1472,1 4 11,23.5,1594289,135.34 110.09 107
1783,1495,1 0 0,25,1594258,139.6 110.88 103
1784,1493,9 13 2,23,1594257,139.02 114.68 100
1785,1492,13 9 14,22,1594244,138.47 109.65 105
1786,1487,13 9 13,22,1594244,138.47 109.65 105
1787,1496,8 10 0,23.5,1594243,139.88 113.97 100
1788,1485,9 5 15,22.5,1594179,137.5 108.35 107
1789,1481,9 5 14,22.5,1594179,137.5 108.35 107
1790,1470,3 11 8,23,1594170,135.18 113.4 104
1791,1486,3 2 6,24,1594097,138.09 109.95 105
1792,1496,7 4 7,23.5,1594075,139.23 110.09 104
1793,1491,7 4 6,23.5,1594075,139.23 110.09 104
1794,1481,1 2 8,24,1594025,136.78 109.95 106
1795,1476,1 2 7,24,1594025,136.78 109.95 106
1796,1489,6 0 11,23.5,1594020,138.58 107.5 107
1797,1493,11 10 9,22.5,1594012,138.77 111.52 103
1798,1489,11 10 8,22.5,1594012,138.77 111.52 103
1799,1481,11 14 10,22,1594002,137.22 112.78 103
1800,1475,2 15 0,23.5,1593991,135.99 117.21 100
1801,1493,5 7 0,24,1593972,139.39 113.22 101
1802,1481,5 6 12,23,1593894,136.46 110.19 106
1803,1477,5 6 11,23,1593894,136.46 110.19 106
1804,1495,5 2 5,24,1593881,139.39 109.95 104
1805,1490,5 2 4,24,1593881,139.39 109.95 104
1806,1484,4 0 13,23.5,1593880,137.29 107.5 108
1807,1480,4 0 12,23.5,1593880,137.29 107.5 108
1808,1499,8 0 10,23.5,1593880,139.88 107.5 106
1809,1494,8 0 9,23.5,1593880,139.88 107.5 106
1810,1473,6 9 13,22.5,1593879,135.6 110.89 106
1811,1490,11 5 13,22.5,1593836,138.77 108.35 106
1812,1491,8 12 4,23,1593825,138.38 114.04 101
1813,1486,8 12 3,23,1593825,138.38 114.04 101
1814,1472,3 6 13,23,1593823,135.18 110.19 107
1815,1480,5 11 7,23,1593807,136.46 113.4 103
1816,1475,5 11 6,23,1593807,136.46 113.4 103
1817,1487,1 5 0,24.5,1593798,138.19 113.07 102
1818,1474,8 13 14,22,1593790,135.34 112.16 105
1819,1470,8 13 13,22,1593790,135.34 112.16 105
1820,1478,7 15 7,22.5,1593730,136.23 114.69 102
1821,1473,7 15 6,22.5,1593730,136.23 114.69 102
1822,1486,7 6 10,23,1593682,137.74 110.19 105
1823,1482,7 6 9,23,1593682,137.74 110.19 105
1824,1484,6 2 15,23,1593648,137.1 107.63 108
1825,1479,6 2 14,23,1593648,137.1 107.63 108
1826,1489,8 2 13,23,1593648,138.38 107.63 107
1827,1478,2 8 7,23.5,1593639,135.99 112.68 104
1828,1473,2 8 6,23.5,1593639,135.99 112.68 104
1829,1494,7 9 2,23.5,1593624,139.23 113.33 101
1830,1489,7 9 1,23.5,1593624,139.23 113.33 101
1831,1479,13 13 15,21.5,1593612,136.89 110.87 105
1832,1482,8 9 12,22.5,1593598,136.87 110.89 105
1833,1478,8 9 11,22.5,1593598,136.87 110.89 105
1834,1477,0 6 5,24,1593525,136.12 112.56 104
1835,1473,0 6 4,24,1593525,136.12 112.56 104
1836,1500,14 11 5,22.5,1593475,140.67 112.16 101
1837,1475,2 0 14,23.5,1593463,135.99 107.5 109
1838,1500,9 4 5,23.5,1593433,140.53 110.09 103
1839,1473,1 14 2,23.5,1593412,135.34 116.56 101
1840,1500,7 2 3,24,1593378,140.7 109.95 103
1841,1482,2 6 3,24,1593378,137.43 112.56 103
1842,1498,10 2 12,23,1593372,139.66 107.63 106
1843,1494,10 2 11,23,1593372,139.66 107.63 106
1844,1496,15 9 12,22,1593350,139.72 109.65 104
1845,1492,15 9 11,22,1593350,139.72 109.65 104
1846,1483,4 8 5,23.5,1593347,137.29 112.68 103
1847,1492,14 15 7,22,1593265,139.1 113.41 101
1848,1479,10 13 12,22,1593228,136.59 112.16 104
1849,1475,10 13 11,22,1593228,136.59 112.16 104
1850,1499,13 5 12,22.5,1593218,140.04 108.35 105
1851,1495,13 5 11,22.5,1593218,140.04 108.35 105
1852,1491,9 6 8,23,1593188,139.02 110.19 104
1853,1485,7 11 5,23,1593153,137.74 113.4 102
1854,1487,10 9 10,22.5,1593035,138.14 110.89 104
1855,1476,6 14 9,22.5,1593019,135.6 114.06 103
1856,1471,6 14 8,22.5,1593019,135.6 114.06 103
1857,1485,12 8 15,22,1592989,137.84 109.02 106
1858,1498,13 10 7,22.5,1592952,140.04 111.52 102
1859,1493,13 10 6,22.5,1592952,140.04 111.52 102
1860,1490,13 14 9,22,1592942,138.47 112.78 102
1861,1486,13 14 8,22,1592942,138.47 112.78 102
1862,1492,4 6 2,24,1592936,138.74 112.56 102
1863,1487,4 6 1,24,1592936,138.74 112.56 102
1864,1497,11 13 0,23,1592861,140.3 114.68 99
1865,1498,12 2 9,23,1592820,140.94 107.63 105
1866,1482,9 15 5,22.5,1592785,137.5 114.69 101
1867,1492,6 8 4,23.5,1592763,138.58 112.68 102
1868,1488,6 8 3,23.5,1592763,138.58 112.68 102
1869,1497,14 1 14,22.5,1592762,140.67 105.82 107
1870,1477,3 14 0,23.5,1592733,136.64 116.56 100
1871,1488,15 13 14,21.5,1592719,138.13 110.87 104
1872,1483,15 13 13,21.5,1592719,138.13 110.87 104
1873,1489,1 0 5,24.5,1592702,138.19 109.76 105
1874,1484,1 0 4,24.5,1592702,138.19 109.76 105
1875,1473,4 10 8,23,1592676,135.82 112.75 104
1876,1495,10 12 2,23,1592656,139.66 114.04 100
1877,1484,4 3 10,23.5,1592636,137.29 109.44 106
1878,1480,4 3 9,23.5,1592636,137.29 109.44 106
1879,1494,3 0 3,24.5,1592629,139.52 109.76 104
1880,1471,0 13 4,23.5,1592592,134.7 115.92 102
1881,1468,7 12 15,22,1592573,134.71 111.53 106
1882,1475,0 11 0,24,1592545,136.12 115.84 101
1883,1498,9 9 0,23.5,1592523,140.53 113.33 100
1884,1475,2 3 11,23.5,1592494,135.99 109.44 107
1885,1489,6 3 8,23.5,1592494,138.58 109.44 105
1886,1500,11 6 7,23,1592412,140.3 110.19 103
1887,1495,11 6 6,23,1592412,140.3 110.19 103
1888,1484,12 13 10,22,1592385,137.84 112.16 103
1889,1485,0 4 2,24.5,1592357,137.53 112.41 103
1890,1480,0 4 1,24.5,1592357,137.53 112.41 103
1891,1494,14 8 14,22,1592306,139.1 109.02 105
1892,1490,14 8 13,22,1592306,139.1 109.02 105
1893,1480,8 14 7,22.5,1592297,136.87 114.06 102
1894,1476,8 14 6,22.5,1592297,136.87 114.06 102
1895,1498,5 0 1,24.5,1592267,140.84 109.76 103
1896,1470,5 8 15,22.5,1592246,134.97 110.25 107
1897,1483,6 10 7,23,1592242,137.1 112.75 103
1898,1478,6 10 6,23,1592242,137.1 112.75 103
1899,1477,9 12 14,22,1592224,135.97 111.53 105
1900,1473,9 12 13,22,1592224,135.97 111.53 105
1901,1494,9 11 4,23,1592208,139.02 113.4 101
1902,1489,9 11 3,23,1592208,139.02 113.4 101
1903,1496,6 6 0,24,1592199,140.05 112.56 101
1904,1496,12 9 9,22.5,1592192,139.4 110.89 103
1905,1491,12 9 8,22.5,1592192,139.4 110.89 103
1906,1475,7 8 13,22.5,1592176,136.23 110.25 106
1907,1488,10 4 15,22.5,1592160,138.14 107.72 107
1908,1483,10 4 14,22.5,1592160,138.14 107.72 107
1909,1476,2 13 2,23.5,1592142,135.99 115.92 101
1910,1471,2 13 1,23.5,1592142,135.99 115.92 101
1911,1483,2 1 8,24,1592118,137.43 109.29 106
1912,1479,2 1 7,24,1592118,137.43 109.29 106
1913,1488,4 1 6,24,1592118,138.74 109.29 105
1914,1471,1 7 8,23.5,1592098,135.34 112.03 105
1915,1469,5 13 10,22.5,1592075,134.97 113.42 104
1916,1469,0 3 13,23.5,1592069,134.7 109.44 108
1917,1498,8 3 7,23.5,1592069,139.88 109.44 104
1918,1494,8 3 6,23.5,1592069,139.88 109.44 104
1919,1474,4 5 13,23,1592067,135.82 109.55 107
1920,1484,6 5 12,23,1592067,137.1 109.55 106
1921,1479,6 5 11,23,1592067,137.1 109.55 106
1922,1490,2 4 0,24.5,1592059,138.86 112.41 102
1923,1481,3 7 7,23.5,1592025,136.64 112.03 104
1924,1476,3 7 6,23.5,1592025,136.64 112.03 104
1925,1497,8 8 2,23.5,1591888,139.88 112.68 101
1926,1492,8 8 1,23.5,1591888,139.88 112.68 101
1927,1481,14 12 15,21.5,1591880,137.51 110.25 105
1928,1480,1 5 5,24,1591877,136.78 111.91 104
1929,1475,1 5 4,24,1591877,136.78 111.91 104
1930,1478,0 1 10,24,1591832,136.12 109.29 107
1931,1474,0 1 9,24,1591832,136.12 109.29 107
1932,1498,6 1 5,24,1591832,140.05 109.29 104
1933,1493,6 1 4,24,1591832,140.05 109.29 104
1934,1485,9 8 12,22.5,1591827,137.5 110.25 105
1935,1480,9 8 11,22.5,1591827,137.5 110.25 105
1936,1469,2 5 15,23,1591786,134.54 109.55 108
1937,1489,8 5 10,23,1591786,138.38 109.55 105
1938,1484,8 5 9,23,1591786,138.38 109.55 105
1939,1492,12 4 13,22.5,1591751,139.4 107.72 106
1940,1486,5 7 5,23.5,1591662,137.93 112.03 103
1941,1485,3 5 3,24,1591657,138.09 111.91 103
1942,1494,15 14 7,22,1591599,139.72 112.78 101
1943,1482,11 12 12,22,1591595,137.22 111.53 104
1944,1477,11 12 11,22,1591595,137.22 111.53 104
1945,1479,7 13 9,22.5,1591572,136.23 113.42 103
1946,1474,7 13 8,22.5,1591572,136.23 113.42 103
1947,1486,7 1 15,23,1591564,137.74 106.99 108
1948,1482,7 1 14,23,1591564,137.74 106.99 108
1949,1491,11 15 4,22.5,1591550,138.77 114.69 100
1950,1486,11 15 3,22.5,1591550,138.77 114.69 100
1951,1487,8 10 5,23,1591520,138.38 112.75 102
1952,1491,9 1 13,23,1591496,139.02 106.99 107
1953,1480,4 13 0,23.5,1591391,137.29 115.92 100
1954,1471,3 9 10,23,1591312,135.18 112.11 105
1955,1474,1 12 4,23.5,1591309,135.34 115.27 102
1956,1469,1 12 3,23.5,1591309,135.34 115.27 102
1957,1485,10 14 5,22.5,1591285,138.14 114.06 101
1958,1493,14 13 9,22,1591260,139.1 112.16 102
1959,1488,14 13 8,22,1591260,139.1 112.16 102
1960,1493,10 5 8,23,1591225,139.66 109.55 104
1961,1489,11 8 10,22.5,1591198,138.77 110.25 104
1962,1499,12 12 0,23,1591195,140.94 114.04 99
1963,1478,1 10 0,24,1591161,136.78 115.18 101
1964,1496,11 1 11,23,1591153,140.3 106.99 106
1965,1494,5 5 2,24,1591144,139.39 111.91 102
1966,1489,5 5 1,24,1591144,139.39 111.91 102
1967,1476,5 9 8,23,1591096,136.46 112.11 104
1968,1497,14 4 11,22.5,1591068,140.67 107.72 105
1969,1500,14 9 7,22.5,1591068,140.67 110.89 102
1970,1496,14 9 6,22.5,1591068,140.67 110.89 102
1971,1487,13 7 15,22,1591033,138.47 108.4 106
1972,1495,7 7 4,23.5,1591009,139.23 112.03 102
1973,1490,7 7 3,23.5,1591009,139.23 112.03 102
1974,1470,8 11 15,22,1590992,135.34 110.9 106
1975,1498,11 11 2,23,1590973,140.3 113.4 100
1976,1479,3 12 2,23.5,1590786,136.64 115.27 101
1977,1474,3 12 1,23.5,1590786,136.64 115.27 101
1978,1483,9 13 7,22.5,1590781,137.5 113.42 102
1979,1479,9 13 6,22.5,1590781,137.5 113.42 102
1980,1486,13 12 10,22,1590686,138.47 111.53 103
1981,1487,5 2 10,23.5,1590680,137.93 108.79 106
1982,1482,5 2 9,23.5,1590680,137.93 108.79 106
1983,1476,4 15 4,23,1590675,135.82 115.96 101
1984,1471,4 15 3,23,1590675,135.82 115.96 101
1985,1472,6 12 10,22.5,1590614,135.6 112.79 104
1986,1477,3 2 11,23.5,1590609,136.64 108.79 107
1987,1488,1 3 2,24.5,1590600,138.19 111.75 103
1988,1483,1 3 1,24.5,1590600,138.19 111.75 103
1989,1485,7 9 7,23,1590594,137.74 112.11 103
1990,1481,7 9 6,23,1590594,137.74 112.11 103
1991,1480,10 11 14,22,1590575,136.59 110.9 105
1992,1475,10 11 13,22,1590575,136.59 110.9 105
1993,1473,6 7 15,22.5,1590528,135.6 109.62 107
1994,1469,6 7 14,22.5,1590528,135.6 109.62 107
1995,1496,10 10 4,23,1590509,139.66 112.75 101
1996,1492,10 10 3,23,1590509,139.66 112.75 101
1997,1492,7 2 8,23.5,1590468,139.23 108.79 105
1998,1474,2 6 8,23.5,1590468,135.99 111.38 105
1999,1478,8 7 13,22.5,1590389,136.87 109.62 106
2000,1498,12 5 6,23,1590382,140.94 109.55 103
2001,1499,15 0 14,22.5,1590356,141.3 105.19 107
2002,1499,7 5 0,24,1590339,140.7 111.91 101
2003,1484,4 6 7,23.5,1590324,137.29 111.38 104
2004,1479,4 6 6,23.5,1590324,137.29 111.38 104
2005,1498,13 8 9,22.5,1590290,140.04 110.25 103
2006,1494,13 8 8,22.5,1590290,140.04 110.25 103
2007,1496,15 7 14,22,1590286,139.72 108.4 105
2008,1492,15 7 13,22,1590286,139.72 108.4 105
2009,1472,1 2 13,23.5,1590257,135.34 108.79 108
2010,1493,3 3 0,24.5,1590231,139.52 111.75 102
2011,1477,5 4 13,23,1590222,136.46 108.91 107
2012,1486,7 4 12,23,1590152,137.74 108.91 106
2013,1482,7 4 11,23,1590152,137.74 108.91 106
2014,1473,0 4 6,24,1590140,136.12 111.25 105
2015,1483,2 4 5,24,1590140,137.43 111.25 104
2016,1478,2 4 4,24,1590140,137.43 111.25 104
2017,1476,0 9 2,24,1590140,136.12 114.53 102
2018,1471,0 9 1,24,1590140,136.12 114.53 102
2019,1486,3 0 8,24,1590121,138.09 108.64 106
2020,1481,3 0 7,24,1590121,138.09 108.64 106
2021,1484,15 11 15,21.5,1590067,138.13 109.63 105
2022,1499,9 7 2,23.5,1590066,140.53 112.03 101
2023,1494,9 7 1,23.5,1590066,140.53 112.03 101
2024,1490,11 3 15,22.5,1590055,138.77 107.09 107
2025,1486,11 3 14,22.5,1590055,138.77 107.09 107
2026,1491,5 0 6,24,1590050,139.39 108.64 105
2027,1481,8 12 9,22.5,1590042,136.87 112.79 103
2028,1477,8 12 8,22.5,1590042,136.87 112.79 103
2029,1495,13 15 2,22.5,1590024,140.04 114.69 99
2030,1472,3 4 15,23,1590013,135.18 108.91 108
2031,1469,3 14 5,23,1590013,135.18 115.32 102
2032,1494,12 14 4,22.5,1589984,139.4 114.06 100
2033,1489,12 14 3,22.5,1589984,139.4 114.06 100
2034,1496,9 2 6,23.5,1589975,140.53 108.79 104
2035,1487,10 7 12,22.5,1589972,138.14 109.62 105
2036,1483,10 7 11,22.5,1589972,138.14 109.62 105
2037,1483,5 12 0,23.5,1589965,137.93 115.27 100
2038,1477,2 11 4,23.5,1589940,135.99 114.62 102
2039,1472,2 11 3,23.5,1589940,135.99 114.62 102
2040,1481,1 0 10,24,1589908,136.78 108.64 107
2041,1476,1 0 9,24,1589908,136.78 108.64 107
2042,1488,6 6 5,23.5,1589891,138.58 111.38 103
2043,1484,12 11 12,22,1589880,137.84 110.9 104
2044,1480,12 11 11,22,1589880,137.84 110.9 104
2045,1488,4 4 3,24,1589849,138.74 111.25 103
2046,1491,9 4 10,23,1589804,139.02 108.91 105
2047,1487,9 4 9,23,1589804,139.02 108.91 105
2048,1490,9 9 5,23,1589804,139.02 112.11 102
2049,1480,6 15 2,23,1589783,137.1 115.96 100
2050,1469,2 8 12,23,1589717,134.54 111.47 106
2051,1474,4 8 10,23,1589717,135.82 111.47 105
2052,1469,4 8 9,23,1589717,135.82 111.47 105
2053,1488,11 13 5,22.5,1589703,138.77 113.42 101
2054,1500,7 0 5,24,1589694,140.7 108.64 104
2055,1495,7 0 4,24,1589694,140.7 108.64 104
2056,1481,2 9 0,24,1589690,137.43 114.53 101
2057,1495,13 3 13,22.5,1589580,140.04 107.09 106
2058,1467,10 15 15,21.5,1589543,135.03 112.11 105
2059,1495,15 12 9,22,1589498,139.72 111.53 102
2060,1491,15 12 8,22,1589498,139.72 111.53 102
2061,1479,6 8 8,23,1589432,137.1 111.47 104
2062,1470,5 11 12,22.5,1589424,134.97 112.16 105
2063,1489,8 0 15,23,1589392,138.38 106.35 108
2064,1484,8 0 14,23,1589392,138.38 106.35 108
2065,1478,5 14 4,23,1589348,136.46 115.32 101
2066,1474,5 14 3,23,1589348,136.46 115.32 101
2067,1482,4 11 2,23.5,1589346,137.29 114.62 101
2068,1477,4 11 1,23.5,1589346,137.29 114.62 101
2069,1473,9 10 15,22,1589327,135.97 110.28 106
2070,1492,12 7 10,22.5,1589277,139.4 109.62 104
2071,1497,6 4 2,24,1589266,140.05 111.25 102
2072,1492,6 4 1,24,1589266,140.05 111.25 102
2073,1494,10 0 13,23,1589256,139.66 106.35 107
2074,1500,12 10 2,23,1589208,140.94 112.75 100
2075,1486,10 12 7,22.5,1589184,138.14 112.79 102
2076,1481,10 12 6,22.5,1589184,138.14 112.79 102
2077,1496,11 4 8,23,1589176,140.3 108.91 104
2078,1497,8 6 4,23.5,1589170,139.88 111.38 102
2079,1493,8 6 3,23.5,1589170,139.88 111.38 102
2080,1498,15 8 6,22.5,1589102,141.3 110.25 102
2081,1475,7 11 10,22.5,1589069,136.23 112.16 104
2082,1490,14 6 15,22,1588994,139.1 107.77 106
2083,1489,14 11 10,22,1588907,139.1 110.9 103
2084,1481,0 2 3,24.5,1588901,137.53 111.08 104
2085,1488,8 8 7,23,1588860,138.38 111.47 103
2086,1483,8 8 6,23,1588860,138.38 111.47 103
2087,1470,1 10 5,23.5,1588855,135.34 113.97 103
2088,1476,12 15 14,21.5,1588849,136.27 112.11 104
2089,1471,12 15 13,21.5,1588849,136.27 112.11 104
2090,1498,12 0 11,23,1588847,140.94 106.35 106
2091,1482,11 10 14,22,1588843,137.22 110.28 105
2092,1478,11 10 13,22,1588843,137.22 110.28 105
2093,1499,15 3 11,22.5,1588834,141.3 107.09 105
2094,1491,2 2 2,24.5,1588754,138.86 111.08 103
2095,1486,2 2 1,24.5,1588754,138.86 111.08 103
2096,1477,3 5 8,23.5,1588751,136.64 110.74 105
2097,1499,11 9 4,23,1588726,140.3 112.11 101
2098,1494,11 9 3,23,1588726,140.3 112.11 101
2099,1476,7 6 15,22.5,1588723,136.23 108.99 107
2100,1471,7 6 14,22.5,1588723,136.23 108.99 107
2101,1472,1 5 10,23.5,1588679,135.34 110.74 106
2102,1472,4 13 5,23,1588673,135.82 114.68 102
2103,1479,1 8 2,24,1588654,136.78 113.87 102
2104,1474,1 8 1,24,1588654,136.78 113.87 102
2105,1480,4 1 11,23.5,1588635,137.29 108.15 107
2106,1489,6 1 10,23.5,1588635,138.58 108.15 106
2107,1485,6 1 9,23.5,1588635,138.58 108.15 106
2108,1489,8 15 1,23,1588594,138.38 115.96 99
2109,1484,8 15 0,23,1588594,138.38 115.96 99
2110,1486,5 5 7,23.5,1588536,137.93 110.74 104
2111,1482,5 5 6,23.5,1588536,137.93 110.74 104
2112,1481,9 6 13,22.5,1588516,137.5 108.99 106
2113,1480,3 10 4,23.5,1588486,136.64 113.97 102
2114,1475,3 10 3,23.5,1588486,136.64 113.97 102
2115,1486,6 11 0,23.5,1588456,138.58 114.62 100
2116,1484,9 11 9,22.5,1588429,137.5 112.16 103
2117,1479,9 11 8,22.5,1588429,137.5 112.16 103
2118,1498,14 14 2,22.5,1588394,140.67 114.06 99
2119,1483,7 14 2,23,1588388,137.74 115.32 100
2120,1476,1 3 6,24,1588386,136.78 110.6 105
2121,1475,2 1 13,23.5,1588355,135.99 108.15 108
2122,1470,2 1 12,23.5,1588355,135.99 108.15 108
2123,1494,8 1 8,23.5,1588355,139.88 108.15 105
2124,1496,13 13 4,22.5,1588338,140.04 113.42 100
2125,1492,13 13 3,22.5,1588338,140.04 113.42 100
2126,1486,3 3 5,24,1588314,138.09 110.6 104
2127,1481,3 3 4,24,1588314,138.09 110.6 104
2128,1495,4 2 0,24.5,1588313,140.18 111.08 102
2129,1496,14 7 8,22.5,1588305,140.67 109.62 103
2130,1479,6 3 13,23,1588290,137.1 108.27 107
2131,1500,13 4 6,23,1588269,141.58 108.91 103
2132,1472,9 15 10,22,1588220,135.97 113.41 103
2133,1499,15 15 0,22.5,1588207,141.3 114.69 98
2134,1497,10 6 1,23.5,1588160,141.17 111.38 101
2135,1474,4 3 15,23,1588151,135.82 108.27 108
2136,1470,4 3 14,23,1588151,135.82 108.27 108
2137,1489,8 3 12,23,1588151,138.38 108.27 106
2138,1484,8 3 11,23,1588151,138.38 108.27 106
2139,1484,3 8 0,24,1588133,138.09 113.87 101
2140,1472,3 7 12,23,1588108,135.18 110.83 106
2141,1487,13 10 12,22,1588083,138.47 110.28 104
2142,1482,13 10 11,22,1588083,138.47 110.28 104
2143,1490,12 12 5,22.5,1588041,139.4 112.79 101
2144,1477,5 7 10,23,1588037,136.46 110.83 105
2145,1472,5 7 9,23,1588037,136.46 110.83 105
2146,1491,7 5 5,23.5,1588034,139.23 110.74 103
2147,1490,11 6 12,22.5,1588033,138.77 108.99 105
2148,1485,11 6 11,22.5,1588033,138.77 108.99 105
2149,1469,11 14 15,21.5,1588013,135.65 111.49 105
2150,1492,10 8 5,23,1588003,139.66 111.47 102
2151,1490,5 3 3,24,1587952,139.39 110.6 103
2152,1481,6 13 4,23,1587939,137.1 114.68 101
2153,1477,6 13 3,23,1587939,137.1 114.68 101
2154,1480,14 15 12,21.5,1587877,137.51 112.11 103
2155,1492,12 2 15,22.5,1587864,139.4 106.45 107
2156,1488,12 2 14,22.5,1587864,139.4 106.45 107
2157,1473,6 10 12,22.5,1587864,135.6 111.52 105
2158,1468,6 10 11,22.5,1587864,135.6 111.52 105
2159,1484,5 10 2,23.5,1587821,137.93 113.97 101
2160,1480,5 10 1,23.5,1587821,137.93 113.97 101
2161,1499,10 1 6,23.5,1587795,141.17 108.15 104
2162,1470,3 12 7,23,1587761,135.18 114.04 103
2163,1494,10 3 10,23,1587735,139.66 108.27 105
2164,1489,10 3 9,23,1587735,139.66 108.27 105
2165,1481,7 7 8,23,1587682,137.74 110.83 104
2166,1476,10 9 15,22,1587579,136.59 109.65 106
2167,1488,11 11 7,22.5,1587505,138.77 112.16 102
2168,1484,11 11 6,22.5,1587505,138.77 112.16 102
2169,1477,8 10 10,22.5,1587440,136.87 111.52 104
2170,1470,8 14 12,22,1587430,135.34 112.78 104
2171,1473,2 9 5,23.5,1587386,135.99 113.33 103
2172,1472,0 7 3,24,1587378,136.12 113.22 103
2173,1497,14 2 13,22.5,1587324,140.67 106.45 106
2174,1499,7 3 2,24,1587300,140.7 110.6 102
2175,1495,7 3 1,24,1587300,140.7 110.6 102
2176,1481,11 15 9,22,1587296,137.22 113.41 102
2177,1476,11 15 8,22,1587296,137.22 113.41 102
2178,1494,13 6 10,22.5,1587273,140.04 108.99 104
2179,1478,13 14 14,21.5,1587253,136.89 111.49 104
2180,1474,13 14 13,21.5,1587253,136.89 111.49 104
2181,1475,5 12 5,23,1587250,136.46 114.04 102
2182,1500,9 5 4,23.5,1587245,140.53 110.74 102
2183,1495,9 5 3,23.5,1587245,140.53 110.74 102
2184,1492,9 14 1,23,1587132,139.02 115.32 99
2185,1487,9 14 0,23,1587132,139.02 115.32 99
2186,1482,2 7 2,24,1587082,137.43 113.22 102
2187,1477,2 7 1,24,1587082,137.43 113.22 102
2188,1491,15 10 10,22,1587047,139.72 110.28 103
2189,1491,9 7 7,23,1587043,139.02 110.83 103
2190,1486,9 7 6,23,1587043,139.02 110.83 103
2191,1498,12 3 8,23,1587041,140.94 108.27 104
2192,1484,1 1 3,24.5,1587037,138.19 110.42 104
2193,1485,12 9 14,22,1587030,137.84 109.65 105
2194,1480,12 9 13,22,1587030,137.84 109.65 105
2195,1474,2 4 10,23.5,1586946,135.99 110.09 106
2196,1470,2 4 9,23.5,1586946,135.99 110.09 106
2197,1479,4 4 8,23.5,1586946,137.29 110.09 105
2198,1483,4 9 4,23.5,1586946,137.29 113.33 102
2199,1478,4 9 3,23.5,1586946,137.29 113.33 102
2200,1486,8 13 2,23,1586910,138.38 114.68 100
2201,1492,15 5 15,22,1586872,139.72 107.14 106
2202,1489,7 10 0,23.5,1586862,139.23 113.97 100
2203,1497,12 8 3,23,1586861,140.94 111.47 101
2204,1478,8 5 15,22.5,1586833,136.87 108.35 107
2205,1474,8 5 14,22.5,1586833,136.87 108.35 107
2206,1493,3 1 2,24.5,1586818,139.52 110.42 103
2207,1488,3 1 1,24.5,1586818,139.52 110.42 103
2208,1487,10 10 9,22.5,1586733,138.14 111.52 103
2209,1482,10 10 8,22.5,1586733,138.14 111.52 103
2210,1474,10 14 10,22,1586724,136.59 112.78 103
2211,1500,15 13 2,22.5,1586685,141.3 113.42 99
2212,1489,6 4 7,23.5,1586661,138.58 110.09 104
2213,1484,6 4 6,23.5,1586661,138.58 110.09 104
2214,1488,0 0 0,25,1586630,138.93 110.88 103
2215,1499,14 12 4,22.5,1586611,140.67 112.79 100
2216,1494,14 12 3,22.5,1586611,140.67 112.79 100
2217,1482,5 0 11,23.5,1586571,137.93 107.5 107
2218,1483,10 5 13,22.5,1586558,138.14 108.35 106
2219,1479,2 2 6,24,1586542,137.43 109.95 105
2220,1492,7 0 10,23.5,1586501,139.23 107.5 106
2221,1487,7 0 9,23.5,1586501,139.23 107.5 106
2222,1486,4 7 0,24,1586489,138.74 113.22 101
2223,1484,7 12 4,23,1586446,137.74 114.04 101
2224,1479,7 12 3,23,1586446,137.74 114.04 101
2225,1474,4 6 12,23,1586411,135.82 110.19 106
2226,1470,4 6 11,23,1586411,135.82 110.19 106
2227,1468,7 13 14,22,1586411,134.71 112.16 105
2228,1472,12 13 15,21.5,1586401,136.27 110.87 105
2229,1474,0 2 8,24,1586398,136.12 109.95 106
2230,1488,4 2 5,24,1586398,138.74 109.95 104
2231,1483,4 2 4,24,1586398,138.74 109.95 104
2232,1477,3 0 13,23.5,1586362,136.64 107.5 108
2233,1473,3 0 12,23.5,1586362,136.64 107.5 108
2234,1473,4 11 7,23,1586324,135.82 113.4 103
2235,1471,6 15 7,22.5,1586317,135.6 114.69 102
2236,1498,5 1 0,24.5,1586306,140.84 110.42 102
2237,1493,13 11 5,22.5,1586297,140.04 112.16 101
2238,1482,7 2 13,23,1586270,137.74 107.63 107
2239,1479,6 6 10,23,1586270,137.1 110.19 105
2240,1475,6 6 9,23,1586270,137.1 110.19 105
2241,1499,15 6 8,22.5,1586237,141.3 108.99 103
2242,1475,7 9 12,22.5,1586220,136.23 110.89 105
2243,1471,7 9 11,22.5,1586220,136.23 110.89 105
2244,1483,15 14 12,21.5,1586217,138.13 111.49 103
2245,1487,6 9 2,23.5,1586212,138.58 113.33 101
2246,1482,6 9 1,23.5,1586212,138.58 113.33 101
2247,1489,14 9 12,22,1586205,139.1 109.65 104
2248,1485,14 9 11,22,1586205,139.1 109.65 104
2249,1477,5 2 15,23,1586201,136.46 107.63 108
2250,1473,5 2 14,23,1586201,136.46 107.63 108
2251,1480,0 5 0,24.5,1586173,137.53 113.07 102
2252,1500,11 5 1,23.5,1586170,141.82 110.74 101
2253,1496,9 0 8,23.5,1586153,140.53 107.5 105
2254,1495,11 7 5,23,1586120,140.3 110.83 102
2255,1493,8 4 5,23.5,1586090,139.88 110.09 103
2256,1485,13 15 7,22,1586088,138.47 113.41 101
2257,1491,9 2 12,23,1586063,139.02 107.63 106
2258,1487,9 2 11,23,1586063,139.02 107.63 106
2259,1471,1 8 7,23.5,1586050,135.34 112.68 104
2260,1492,12 5 12,22.5,1586009,139.4 108.35 105
2261,1488,12 5 11,22.5,1586009,139.4 108.35 105
2262,1493,6 2 3,24,1585967,140.05 109.95 103
2263,1472,9 13 12,22,1585920,135.97 112.16 104
2264,1468,9 13 11,22,1585920,135.97 112.16 104
2265,1484,8 6 8,23,1585846,138.38 110.19 104
2266,1476,3 8 5,23.5,1585831,136.64 112.68 103
2267,1475,1 6 3,24,1585790,136.78 112.56 103
2268,1478,11 8 15,22,1585748,137.22 109.02 106
2269,1491,12 10 7,22.5,1585744,139.4 111.52 102
2270,1486,12 10 6,22.5,1585744,139.4 111.52 102
2271,1478,6 11 5,23,1585743,137.1 113.4 102
2272,1483,12 14 9,22,1585734,137.84 112.78 102
2273,1479,12 14 8,22,1585734,137.84 112.78 102
2274,1480,9 9 10,22.5,1585728,137.5 110.89 104
2275,1495,10 13 1,23,1585588,139.66 114.68 99
2276,1490,10 13 0,23,1585588,139.66 114.68 99
2277,1495,13 1 15,22.5,1585587,140.04 105.82 107
2278,1490,13 1 14,22.5,1585587,140.04 105.82 107
2279,1496,11 2 10,23,1585580,140.3 107.63 105
2280,1491,11 2 9,23,1585580,140.3 107.63 105
2281,1481,14 13 14,21.5,1585577,137.51 110.87 104
2282,1477,14 13 13,21.5,1585577,137.51 110.87 104
2283,1469,5 14 9,22.5,1585575,134.97 114.06 103
2284,1475,8 15 5,22.5,1585445,136.87 114.69 101
2285,1485,3 6 2,24,1585422,138.09 112.56 102
2286,1480,3 6 1,24,1585422,138.09 112.56 102
2287,1488,9 12 2,23,1585350,139.02 114.04 100
2288,1485,5 8 4,23.5,1585320,137.93 112.68 102
2289,1481,5 8 3,23.5,1585320,137.93 112.68 102
2290,1497,8 2 1,24,1585247,141.36 109.95 102
2291,1498,10 4 3,23.5,1585235,141.17 110.09 102
2292,1497,14 5 10,22.5,1585185,140.67 108.35 104
2293,1491,8 9 0,23.5,1585184,139.88 113.33 100
2294,1470,2 14 0,23.5,1585184,135.99 116.56 100
2295,1477,11 13 10,22,1585147,137.22 112.16 103
2296,1493,10 6 7,23,1585140,139.66 110.19 103
2297,1488,10 6 6,23,1585140,139.66 110.19 103
2298,1487,13 8 14,22,1585134,138.47 109.02 105
2299,1483,13 8 13,22,1585134,138.47 109.02 105
2300,1477,3 3 10,23.5,1585123,136.64 109.44 106
2301,1473,3 3 9,23.5,1585123,136.64 109.44 106
2302,1482,0 0 5,24.5,1585081,137.53 109.76 105
2303,1477,0 0 4,24.5,1585081,137.53 109.76 105
2304,1486,2 0 3,24.5,1585081,138.86 109.76 104
2305,1482,5 3 8,23.5,1585052,137.93 109.44 105
2306,1499,15 1 13,22.5,1584984,141.3 105.82 106
2307,1489,11 9 9,22.5,1584955,138.77 110.89 103
2308,1485,11 9 8,22.5,1584955,138.77 110.89 103
2309,1474,7 14 7,22.5,1584925,136.23 114.06 102
2310,1469,7 14 6,22.5,1584925,136.23 114.06 102
2311,1499,13 7 3,23,1584912,141.58 110.83 101
2312,1470,8 12 14,22,1584886,135.34 111.53 105
2313,1487,8 11 4,23,1584871,138.38 113.4 101
2314,1482,8 11 3,23,1584871,138.38 113.4 101
2315,1481,9 4 15,22.5,1584857,137.5 107.72 107
2316,1476,9 4 14,22.5,1584857,137.5 107.72 107
2317,1497,15 11 3,22.5,1584805,141.3 112.16 100
2318,1476,5 10 7,23,1584802,136.46 112.75 103
2319,1471,5 10 6,23,1584802,136.46 112.75 103
2320,1496,4 0 2,24.5,1584791,140.18 109.76 103
2321,1491,4 0 1,24.5,1584791,140.18 109.76 103
2322,1469,6 8 13,22.5,1584771,135.6 110.25 106
2323,1489,5 6 0,24,1584759,139.39 112.56 101
2324,1474,13 12 15,21.5,1584709,136.89 110.25 105
2325,1491,7 3 7,23.5,1584698,139.23 109.44 104
2326,1487,7 3 6,23.5,1584698,139.23 109.44 104
2327,1477,5 5 12,23,1584627,136.46 109.55 106
2328,1472,5 5 11,23,1584627,136.46 109.55 106
2329,1481,3 1 6,24,1584608,138.09 109.29 105
2330,1494,15 15 6,22,1584596,139.72 113.41 100
2331,1489,15 15 5,22,1584596,139.72 113.41 100
2332,1476,1 1 8,24,1584537,136.78 109.29 106
2333,1472,1 1 7,24,1584537,136.78 109.29 106
2334,1490,7 8 2,23.5,1584518,139.23 112.68 101
2335,1485,7 8 1,23.5,1584518,139.23 112.68 101
2336,1486,11 4 13,22.5,1584515,138.77 107.72 106
2337,1478,8 8 12,22.5,1584491,136.87 110.25 105
2338,1473,8 8 11,22.5,1584491,136.87 110.25 105
2339,1474,2 7 7,23.5,1584480,135.99 112.03 104
2340,1469,2 7 6,23.5,1584480,135.99 112.03 104
2341,1483,1 4 0,24.5,1584478,138.19 112.41 102
2342,1495,14 10 5,22.5,1584472,140.67 111.52 101
2343,1488,14 14 7,22,1584462,139.1 112.78 101
2344,1482,7 5 10,23,1584417,137.74 109.55 105
2345,1477,7 5 9,23,1584417,137.74 109.55 105
2346,1491,5 1 5,24,1584394,139.39 109.29 104
2347,1486,5 1 4,24,1584394,139.39 109.29 104
2348,1475,10 12 12,22,1584327,136.59 111.53 104
2349,1471,10 12 11,22,1584327,136.59 111.53 104
2350,1484,10 15 4,22.5,1584283,138.14 114.69 100
2351,1480,10 15 3,22.5,1584283,138.14 114.69 100
2352,1473,0 5 5,24,1584260,136.12 111.91 104
2353,1492,15 8 12,22,1584246,139.72 109.02 104
2354,1487,15 8 11,22,1584246,139.72 109.02 104
2355,1500,6 0 0,24.5,1584210,141.5 109.76 102
2356,1479,4 7 5,23.5,1584190,137.29 112.03 103
2357,1472,6 13 9,22.5,1584169,135.6 113.42 103
2358,1479,6 1 15,23,1584162,137.1 106.99 108
2359,1475,6 1 14,23,1584162,137.1 106.99 108
2360,1484,8 1 13,23,1584162,138.38 106.99 107
2361,1497,12 6 5,23,1584152,140.94 110.19 102
2362,1480,7 10 5,23,1584152,137.74 112.75 102
2363,1478,2 5 3,24,1584114,137.43 111.91 103
2364,1486,13 13 9,22,1584092,138.47 112.16 102
2365,1481,13 13 8,22,1584092,138.47 112.16 102
2366,1496,9 3 5,23.5,1584060,140.53 109.44 103
2367,1478,9 14 5,22.5,1583985,137.5 114.06 101
2368,1497,11 12 1,23,1583962,140.3 114.04 99
2369,1493,11 12 0,23,1583962,140.3 114.04 99
2370,1483,10 8 10,22.5,1583932,138.14 110.25 104
2371,1486,9 5 8,23,1583925,139.02 109.55 104
2372,1495,13 4 12,22.5,1583901,140.04 107.72 105
2373,1490,13 4 11,22.5,1583901,140.04 107.72 105
2374,1494,13 9 7,22.5,1583901,140.04 110.89 102
2375,1489,13 9 6,22.5,1583901,140.04 110.89 102
2376,1495,7 1 3,24,1583893,140.7 109.29 103
2377,1494,10 1 12,23,1583888,139.66 106.99 106
2378,1489,10 1 11,23,1583888,139.66 106.99 106
2379,1473,3 13 0,23.5,1583884,136.64 115.92 100
2380,1481,12 7 15,22,1583834,137.84 108.4 106
2381,1483,15 12 14,21.5,1583822,138.13 110.25 104
2382,1479,15 12 13,21.5,1583822,138.13 110.25 104
2383,1491,10 11 2,23,1583709,139.66 113.4 100
2384,1487,4 5 2,24,1583674,138.74 111.91 102
2385,1482,4 5 1,24,1583674,138.74 111.91 102
2386,1469,4 9 8,23,1583627,135.82 112.11 104
2387,1488,6 7 4,23.5,1583609,138.58 112.03 102
2388,1483,6 7 3,23.5,1583609,138.58 112.03 102
2389,1471,0 10 0,24,1583548,136.12 115.18 101
2390,1480,12 12 10,22,1583489,137.84 111.53 103
2391,1476,8 13 7,22.5,1583451,136.87 113.42 102
2392,1472,8 13 6,22.5,1583451,136.87 113.42 102
2393,1494,9 8 0,23.5,1583423,140.53 112.68 100
2394,1498,12 1 10,23,1583339,140.94 106.99 105
2395,1494,12 1 9,23,1583339,140.94 106.99 105
2396,1473,9 11 14,22,1583279,135.97 110.9 105
2397,1469,9 11 13,22,1583279,135.97 110.9 105
2398,1472,2 12 2,23.5,1583247,135.99 115.27 101
2399,1497,14 0 15,22.5,1583224,140.67 105.19 107
2400,1492,14 0 14,22.5,1583224,140.67 105.19 107
2401,1489,9 10 4,23,1583213,139.02 112.75 101
2402,1485,9 10 3,23,1583213,139.02 112.75 101
2403,1480,4 2 10,23.5,1583212,137.29 108.79 106
2404,1475,4 2 9,23.5,1583212,137.29 108.79 106
2405,1478,6 9 7,23,1583196,137.1 112.11 103
2406,1474,6 9 6,23,1583196,137.1 112.11 103
2407,1469,3 15 4,23,1583171,135.18 115.96 101
2408,1490,14 7 14,22,1583155,139.1 108.4 105
2409,1485,14 7 13,22,1583155,139.1 108.4 105
2410,1496,11 5 7,23,1583153,140.3 109.55 103
2411,1491,11 5 6,23,1583153,140.3 109.55 103
2412,1500,11 3 3,23.5,1583139,141.82 109.44 102
2413,1500,9 1 1,24,1583106,142.01 109.29 102
2414,1492,12 8 9,22.5,1583094,139.4 110.25 103
2415,1487,12 8 8,22.5,1583094,139.4 110.25 103
2416,1470,2 2 11,23.5,1583071,135.99 108.79 107
2417,1485,6 2 8,23.5,1583071,138.58 108.79 105
2418,1471,7 7 13,22.5,1583026,136.23 109.62 106
2419,1499,15 4 10,22.5,1583014,141.3 107.72 104
2420,1481,0 3 2,24.5,1582990,137.53 111.75 103
2421,1476,0 3 1,24.5,1582990,137.53 111.75 103
2422,1492,6 5 0,24,1582942,140.05 111.91 101
2423,1477,14 11 15,21.5,1582937,137.51 109.63 105
2424,1489,12 15 2,22.5,1582829,139.4 114.69 99
2425,1477,3 6 7,23.5,1582823,136.64 111.38 104
2426,1472,3 6 6,23.5,1582823,136.64 111.38 104
2427,1483,10 3 15,22.5,1582795,138.14 107.09 107
2428,1479,10 3 14,22.5,1582795,138.14 107.09 107
2429,1490,15 13 7,22,1582757,139.72 112.16 101
2430,1487,11 14 4,22.5,1582757,138.77 114.06 100
2431,1482,11 14 3,22.5,1582757,138.77 114.06 100
2432,1470,4 4 13,23,1582756,135.82 108.91 107
2433,1479,6 4 12,23,1582756,137.1 108.91 106
2434,1475,6 4 11,23,1582756,137.1 108.91 106
2435,1492,8 7 2,23.5,1582739,139.88 112.03 101
2436,1488,8 7 1,23.5,1582739,139.88 112.03 101
2437,1486,2 3 0,24.5,1582694,138.86 111.75 102
2438,1474,7 12 9,22.5,1582681,136.23 112.79 103
2439,1470,7 12 8,22.5,1582681,136.23 112.79 103
2440,1480,9 7 12,22.5,1582679,137.5 109.62 105
2441,1476,9 7 11,22.5,1582679,137.5 109.62 105
2442,1478,11 11 12,22,1582653,137.22 110.9 104
2443,1473,11 11 11,22,1582653,137.22 110.9 104
2444,1494,8 2 7,23.5,1582648,139.88 108.79 104
2445,1489,8 2 6,23.5,1582648,139.88 108.79 104
2446,1479,2 0 8,24,1582585,137.43 108.64 106
2447,1474,2 0 7,24,1582585,137.43 108.64 106
2448,1484,4 0 6,24,1582585,138.74 108.64 105
2449,1476,1 4 5,24,1582568,136.78 111.25 104
2450,1471,1 4 4,24,1582568,136.78 111.25 104
2451,1498,15 9 5,22.5,1582566,141.3 110.89 101
2452,1476,4 12 0,23.5,1582501,137.29 115.27 100
2453,1484,8 4 10,23,1582477,138.38 108.91 105
2454,1480,8 4 9,23,1582477,138.38 108.91 105
2455,1483,8 9 5,23,1582477,138.38 112.11 102
2456,1481,5 6 5,23.5,1582462,137.93 111.38 103
2457,1481,10 13 5,22.5,1582444,138.14 113.42 101
2458,1488,12 3 13,22.5,1582387,139.4 107.09 106
2459,1489,14 12 9,22,1582371,139.1 111.53 102
2460,1484,14 12 8,22,1582371,139.1 111.53 102
2461,1470,1 11 4,23.5,1582369,135.34 114.62 102
2462,1473,5 15 2,23,1582354,136.46 115.96 100
2463,1481,3 4 3,24,1582349,138.09 111.25 103
2464,1474,0 0 10,24,1582300,136.12 108.64 107
2465,1493,6 0 5,24,1582300,140.05 108.64 104
2466,1489,6 0 4,24,1582300,140.05 108.64 104
2467,1500,12 11 1,23,1582256,140.94 113.4 99
2468,1495,12 11 0,23,1582256,140.94 113.4 99
2469,1474,1 9 0,24,1582120,136.78 114.53 101
2470,1500,13 5 5,23,1582101,141.58 109.55 102
2471,1485,11 7 10,22.5,1582053,138.77 109.62 104
2472,1482,7 0 15,23,1582034,137.74 106.35 108
2473,1478,7 0 14,23,1582034,137.74 106.35 108
2474,1472,5 8 8,23,1582004,136.46 111.47 104
2475,1494,11 10 2,23,1581985,140.3 112.75 100
2476,1496,14 8 7,22.5,1581976,140.67 110.25 102
2477,1491,14 8 6,22.5,1581976,140.67 110.25 102
2478,1487,9 0 13,23,1581966,139.02 106.35 107
2479,1498,10 2 5,23.5,1581944,141.17 108.79 103
2480,1489,10 4 8,23,1581919,139.66 108.91 104
2481,1479,9 12 7,22.5,1581894,137.5 112.79 102
2482,1474,9 12 6,22.5,1581894,137.5 112.79 102
2483,1472,4 14 4,23,1581886,135.82 115.32 101
2484,1475,3 11 2,23.5,1581849,136.64 114.62 101
2485,1470,3 11 1,23.5,1581849,136.64 114.62 101
2486,1490,5 4 2,24,1581840,139.39 111.25 102
2487,1485,5 4 1,24,1581840,139.39 111.25 102
2488,1483,13 6 15,22,1581837,138.47 107.77 106
2489,1491,7 6 4,23.5,1581813,139.23 111.38 102
2490,1486,7 6 3,23.5,1581813,139.23 111.38 102
2491,1482,13 11 10,22,1581750,138.47 110.9 103
2492,1498,8 0 3,24,1581732,141.36 108.64 103
2493,1497,14 3 12,22.5,1581709,140.67 107.09 105
2494,1492,14 3 11,22.5,1581709,140.67 107.09 105
2495,1468,6 11 10,22.5,1581678,135.6 112.16 104
2496,1469,11 15 14,21.5,1581627,135.65 112.11 104
2497,1496,11 0 12,23,1581625,140.3 106.35 106
2498,1492,11 0 11,23,1581625,140.3 106.35 106
2499,1476,10 10 14,22,1581588,136.59 110.28 105
2500,1471,10 10 13,22,1581588,136.59 110.28 105
2501,1497,10 7 0,23.5,1581578,141.17 112.03 100
2502,1481,7 8 7,23,1581505,137.74 111.47 103
2503,1476,7 8 6,23,1581505,137.74 111.47 103
2504,1492,10 9 4,23,1581472,139.66 112.11 101
2505,1487,10 9 3,23,1581472,139.66 112.11 101
2506,1469,6 6 15,22.5,1581334,135.6 108.99 107
2507,1482,7 15 1,23,1581240,137.74 115.96 99
2508,1478,7 15 0,23,1581240,137.74 115.96 99
2509,1491,13 14 2,22.5,1581239,140.04 114.06 99
2510,1470,2 5 8,23.5,1581222,135.99 110.74 105
2511,1482,5 1 10,23.5,1581211,137.93 108.15 106
2512,1478,5 1 9,23.5,1581211,137.93 108.15 106
2513,1474,8 6 13,22.5,1581196,136.87 108.99 106
2514,1484,1 2 2,24.5,1581188,138.19 111.08 103
2515,1479,1 2 1,24.5,1581188,138.19 111.08 103
2516,1490,12 13 4,22.5,1581151,139.4 113.42 100
2517,1485,12 13 3,22.5,1581151,139.4 113.42 100
2518,1494,13 7 9,22.5,1581150,140.04 109.62 103
2519,1490,13 7 8,22.5,1581150,140.04 109.62 103
2520,1473,3 1 11,23.5,1581141,136.64 108.15 107
2521,1477,8 11 9,22.5,1581109,136.87 112.16 103
2522,1473,8 11 8,22.5,1581109,136.87 112.16 103
2523,1492,15 6 14,22,1581094,139.72 107.77 105
2524,1488,15 6 13,22,1581094,139.72 107.77 105
2525,1497,14 15 1,22.5,1581085,140.67 114.69 98
2526,1492,14 15 0,22.5,1581085,140.67 114.69 98
2527,1479,15 10 15,21.5,1581084,138.13 109.02 105
2528,1498,12 4 7,23,1581082,140.94 108.91 103
2529,1493,12 4 6,23,1581082,140.94 108.91 103
2530,1479,4 5 7,23.5,1581078,137.29 110.74 104
2531,1475,4 5 6,23.5,1581078,137.29 110.74 104
2532,1472,0 8 2,24,1581053,136.12 113.87 102
2533,1494,7 4 0,24,1581039,140.7 111.25 101
2534,1479,5 11 0,23.5,1581033,137.93 114.62 100
2535,1496,13 0 9,23,1581012,141.58 106.35 105
2536,1487,7 1 8,23.5,1581001,139.23 108.15 105
2537,1476,6 14 2,23,1581000,137.1 115.32 100
2538,1473,2 10 4,23.5,1580957,135.99 113.97 102
2539,1480,12 10 12,22,1580898,137.84 110.28 104
2540,1476,12 10 11,22,1580898,137.84 110.28 104
2541,1495,9 6 2,23.5,1580875,140.53 111.38 101
2542,1490,9 6 1,23.5,1580875,140.53 111.38 101
2543,1473,5 3 13,23,1580868,136.46 108.27 107
2544,1483,11 12 5,22.5,1580822,138.77 112.79 101
2545,1488,3 2 0,24.5,1580821,139.52 111.08 102
2546,1482,7 3 12,23,1580799,137.74 108.27 106
2547,1478,7 3 11,23,1580799,137.74 108.27 106
2548,1478,2 3 5,24,1580786,137.43 110.6 104
2549,1474,2 3 4,24,1580786,137.43 110.6 104
2550,1483,10 6 12,22.5,1580781,138.14 108.99 105
2551,1479,10 6 11,22.5,1580781,138.14 108.99 105
2552,1474,13 15 12,21.5,1580724,136.89 112.11 103
2553,1486,9 8 5,23,1580719,139.02 111.47 102
2554,1484,6 5 5,23.5,1580648,138.58 110.74 103
2555,1486,11 2 15,22.5,1580646,138.77 106.45 107
2556,1481,11 2 14,22.5,1580646,138.77 106.45 107
2557,1477,2 8 0,24,1580606,137.43 113.87 101
2558,1470,4 7 10,23,1580581,135.82 110.83 105
2559,1491,15 11 9,22,1580569,139.72 110.9 102
2560,1487,15 11 8,22,1580569,139.72 110.9 102
2561,1474,5 13 4,23,1580518,136.46 114.68 101
2562,1470,5 13 3,23,1580518,136.46 114.68 101
2563,1496,9 1 7,23.5,1580511,140.53 108.15 104
2564,1492,9 1 6,23.5,1580511,140.53 108.15 104
2565,1483,4 3 3,24,1580496,138.74 110.6 103
2566,1498,13 10 0,23,1580468,141.58 112.75 99
2567,1487,9 3 10,23,1580452,139.02 108.27 105
2568,1482,9 3 9,23,1580452,139.02 108.27 105
2569,1477,4 10 2,23.5,1580367,137.29 113.97 101
2570,1473,4 10 1,23.5,1580367,137.29 113.97 101
2571,1469,9 9 15,22,1580297,135.97 109.65 106
2572,1474,6 7 8,23,1580297,137.1 110.83 104
2573,1482,10 11 7,22.5,1580256,138.14 112.16 102
2574,1477,10 11 6,22.5,1580256,138.14 112.16 102
2575,1496,12 9 2,23,1580179,140.94 112.11 100
2576,1490,13 2 13,22.5,1580174,140.04 106.45 106
2577,1488,12 6 10,22.5,1580091,139.4 108.99 104
2578,1471,7 10 10,22.5,1580091,136.23 111.52 104
2579,1472,12 14 14,21.5,1580071,136.27 111.49 104
2580,1467,12 14 13,21.5,1580071,136.27 111.49 104
2581,1474,10 15 9,22,1580048,136.59 113.41 102
2582,1470,10 15 8,22,1580048,136.59 113.41 102
2583,1498,15 7 7,22.5,1579970,141.3 109.62 102
2584,1494,15 7 6,22.5,1579970,141.3 109.62 102
2585,1493,8 5 4,23.5,1579931,139.88 110.74 102
2586,1488,8 5 3,23.5,1579931,139.88 110.74 102
2587,1485,14 10 10,22,1579930,139.1 110.28 103
2588,1492,6 3 2,24,1579917,140.05 110.6 102
2589,1488,6 3 1,24,1579917,140.05 110.6 102
2590,1491,11 3 8,23,1579828,140.3 108.27 104
2591,1485,8 14 1,23,1579818,138.38 115.32 99
2592,1480,8 14 0,23,1579818,138.38 115.32 99
2593,1478,11 9 14,22,1579816,137.22 109.65 105
2594,1474,11 9 13,22,1579816,137.22 109.65 105
2595,1485,14 5 15,22,1579756,139.1 107.14 106
2596,1484,8 7 7,23,1579729,138.38 110.83 103
2597,1479,8 7 6,23,1579729,138.38 110.83 103
2598,1499,11 6 0,23.5,1579649,141.82 111.38 100
2599,1495,11 8 4,23,1579648,140.3 111.47 101
2600,1490,11 8 3,23,1579648,140.3 111.47 101
2601,1494,14 13 2,22.5,1579570,140.67 113.42 99
2602,1479,7 13 2,23,1579563,137.74 114.68 100
2603,1483,15 15 11,21.5,1579544,138.13 112.11 102
2604,1478,15 15 10,21.5,1579544,138.13 112.11 102
2605,1475,1 7 2,24,1579524,136.78 113.22 102
2606,1470,1 7 1,24,1579524,136.78 113.22 102
2607,1471,7 5 15,22.5,1579486,136.23 108.35 107
2608,1482,6 10 0,23.5,1579481,138.58 113.97 100
2609,1492,13 12 4,22.5,1579464,140.04 112.79 100
2610,1488,13 12 3,22.5,1579464,140.04 112.79 100
2611,1472,3 4 8,23.5,1579460,136.64 110.09 105
2612,1476,3 9 4,23.5,1579460,136.64 113.33 102
2613,1471,3 9 3,23.5,1579460,136.64 113.33 102
2614,1480,9 10 9,22.5,1579455,137.5 111.52 103
2615,1475,9 10 8,22.5,1579455,137.5 111.52 103
2616,1468,9 14 10,22,1579445,135.97 112.78 103
2617,1477,0 1 3,24.5,1579443,137.53 110.42 104
2618,1499,15 2 12,22.5,1579432,141.3 106.45 105
2619,1495,15 2 11,22.5,1579432,141.3 106.45 105
2620,1500,15 14 1,22.5,1579432,141.3 114.06 98
2621,1495,15 14 0,22.5,1579432,141.3 114.06 98
2622,1486,2 1 2,24.5,1579297,138.86 110.42 103
2623,1481,2 1 1,24.5,1579297,138.86 110.42 103
2624,1476,9 5 13,22.5,1579281,137.5 108.35 106
2625,1482,5 4 7,23.5,1579246,137.93 110.09 104
2626,1477,5 4 6,23.5,1579246,137.93 110.09 104
2627,1497,14 6 9,22.5,1579124,140.67 108.99 103
2628,1492,14 6 8,22.5,1579124,140.67 108.99 103
2629,1475,4 0 11,23.5,1579122,137.29 107.5 107
2630,1485,6 0 10,23.5,1579122,138.58 107.5 106
2631,1480,6 0 9,23.5,1579122,138.58 107.5 106
2632,1486,12 11 5,22.5,1579119,139.4 112.16 101
2633,1476,14 14 12,21.5,1579104,137.51 111.49 103
2634,1477,6 12 4,23,1579067,137.1 114.04 101
2635,1472,6 12 3,23,1579067,137.1 114.04 101
2636,1483,13 9 12,22,1579060,138.47 109.65 104
2637,1478,13 9 11,22,1579060,138.47 109.65 104
2638,1497,8 3 0,24,1579049,141.36 110.6 101
2639,1479,3 7 0,24,1579006,138.09 113.22 101
2640,1472,1 2 6,24,1578987,136.78 109.95 105
2641,1497,10 5 2,23.5,1578927,141.17 110.74 101
2642,1493,10 5 1,23.5,1578927,141.17 110.74 101
2643,1500,13 3 7,23,1578926,141.58 108.27 103
2644,1496,13 3 6,23,1578926,141.58 108.27 103
2645,1481,3 2 5,24,1578915,138.09 109.95 104
2646,1476,3 2 4,24,1578915,138.09 109.95 104
2647,1478,12 15 7,22,1578911,137.84 113.41 101
2648,1475,6 2 13,23,1578892,137.1 107.63 107
2649,1488,10 7 5,23,1578877,139.66 110.83 102
2650,1491,4 1 0,24.5,1578859,140.18 110.42 102
2651,1472,5 6 10,23,1578857,136.46 110.19 105
2652,1470,2 0 13,23.5,1578844,135.99 107.5 108
2653,1490,8 0 8,23.5,1578844,139.88 107.5 105
2654,1468,6 9 12,22.5,1578842,135.6 110.89 105
2655,1485,11 5 12,22.5,1578800,138.77 108.35 105
2656,1481,11 5 11,22.5,1578800,138.77 108.35 105
2657,1480,5 9 2,23.5,1578800,137.93 113.33 101
2658,1475,5 9 1,23.5,1578800,137.93 113.33 101
2659,1470,4 2 15,23,1578754,135.82 107.63 108
2660,1484,8 2 12,23,1578754,138.38 107.63 106
2661,1480,8 2 11,23,1578754,138.38 107.63 106
2662,1487,7 4 5,23.5,1578747,139.23 110.09 103
2663,1500,14 9 0,23,1578599,142.22 112.11 99
2664,1486,5 2 3,24,1578555,139.39 109.95 103
2665,1484,11 10 7,22.5,1578536,138.77 111.52 102
2666,1480,11 10 6,22.5,1578536,138.77 111.52 102
2667,1477,11 14 9,22,1578526,137.22 112.78 102
2668,1472,11 14 8,22,1578526,137.22 112.78 102
2669,1471,10 8 15,22,1578507,136.59 109.02 106
2670,1477,7 6 8,23,1578504,137.74 110.19 104
2671,1474,13 13 14,21.5,1578435,136.89 110.87 104
2672,1470,13 13 13,21.5,1578435,136.89 110.87 104
2673,1473,8 9 10,22.5,1578420,136.87 110.89 104
2674,1488,12 1 15,22.5,1578412,139.4 105.82 107
2675,1483,12 1 14,22.5,1578412,139.4 105.82 107
2676,1489,10 2 10,23,1578340,139.66 107.63 105
2677,1485,10 2 9,23,1578340,139.66 107.63 105
2678,1471,5 11 5,23,1578333,136.46 113.4 102
2679,1488,9 13 1,23,1578314,139.02 114.68 99
2680,1483,9 13 0,23,1578314,139.02 114.68 99
2681,1499,13 8 2,23,1578291,141.58 111.47 100
2682,1499,10 0 7,23.5,1578287,141.17 107.5 104
2683,1494,10 0 6,23.5,1578287,141.17 107.5 104
2684,1469,7 15 5,22.5,1578105,136.23 114.69 101
2685,1490,13 5 10,22.5,1578045,140.04 108.35 104
2686,1482,8 12 2,23,1578045,138.38 114.04 100
2687,1487,15 9 10,22,1578030,139.72 109.65 103
2688,1496,9 4 4,23.5,1577963,140.53 110.09 102
2689,1491,9 4 3,23.5,1577963,140.53 110.09 102
2690,1481,12 8 14,22,1577961,137.84 109.02 105
2691,1476,12 8 13,22,1577961,137.84 109.02 105
2692,1470,10 13 10,22,1577908,136.59 112.16 103
2693,1495,7 2 2,24,1577908,140.7 109.95 102
2694,1490,7 2 1,24,1577908,140.7 109.95 102
2695,1477,2 6 2,24,1577908,137.43 112.56 102
2696,1473,2 6 1,24,1577908,137.43 112.56 102
2697,1478,4 8 4,23.5,1577878,137.29 112.68 102
2698,1474,4 8 3,23.5,1577878,137.29 112.68 102
2699,1493,14 1 13,22.5,1577876,140.67 105.82 106
2700,1486,9 6 7,23,1577869,139.02 110.19 103
2701,1482,9 6 6,23,1577869,139.02 110.19 103
2702,1484,7 9 0,23.5,1577846,139.23 113.33 100
2703,1496,15 12 2,22.5,1577821,141.3 112.79 99
2704,1497,12 7 4,23,1577741,140.94 110.83 101
2705,1492,12 7 3,23,1577741,140.94 110.83 101
2706,1482,10 9 9,22.5,1577718,138.14 110.89 103
2707,1478,10 9 8,22.5,1577718,138.14 110.89 103
2708,1495,14 11 4,22.5,1577698,140.67 112.16 100
2709,1490,14 11 3,22.5,1577698,140.67 112.16 100
2710,1494,12 2 8,23,1577651,140.94 107.63 104
2711,1470,2 3 10,23.5,1577611,135.99 109.44 106
2712,1475,4 3 8,23.5,1577611,137.29 109.44 105
2713,1488,15 4 15,22,1577592,139.72 106.52 106
2714,1474,8 4 15,22.5,1577553,136.87 107.72 107
2715,1470,8 4 14,22.5,1577553,136.87 107.72 107
2716,1468,12 12 15,21.5,1577539,136.27 110.25 105
2717,1480,7 11 4,23,1577534,137.74 113.4 101
2718,1475,7 11 3,23,1577534,137.74 113.4 101
2719,1479,1 0 3,24.5,1577533,138.19 109.76 104
2720,1487,14 15 6,22,1577490,139.1 113.41 100
2721,1483,14 15 5,22,1577490,139.1 113.41 100
2722,1479,15 13 12,21.5,1577405,138.13 110.87 103
2723,1469,4 10 7,23,1577362,135.82 112.75 103
2724,1489,13 10 5,22.5,1577335,140.04 111.52 101
2725,1484,6 3 7,23.5,1577327,138.58 109.44 104
2726,1480,6 3 6,23.5,1577327,138.58 109.44 104
2727,1481,13 14 7,22,1577325,138.47 112.78 101
2728,1482,4 6 0,24,1577319,138.74 112.56 101
2729,1489,3 0 2,24.5,1577316,139.52 109.76 103
2730,1484,3 0 1,24.5,1577316,139.52 109.76 103
2731,1479,10 4 13,22.5,1577280,138.14 107.72 106
2732,1470,4 5 12,23,1577188,135.82 109.55 106
2733,1471,7 8 12,22.5,1577156,136.23 110.25 105
2734,1483,6 8 2,23.5,1577148,138.58 112.68 101
2735,1478,6 8 1,23.5,1577148,138.58 112.68 101
2736,1485,14 8 12,22,1577141,139.1 109.02 104
2737,1481,14 8 11,22,1577141,139.1 109.02 104
2738,1474,2 1 6,24,1577098,137.43 109.29 105
2739,1468,9 12 12,22,1577060,135.97 111.53 104
2740,1475,6 5 10,23,1577047,137.1 109.55 105
2741,1470,6 5 9,23,1577047,137.1 109.55 105
2742,1499,15 5 9,22.5,1577015,141.3 108.35 103
2743,1494,15 5 8,22.5,1577015,141.3 108.35 103
2744,1478,9 15 4,22.5,1577015,137.5 114.69 100
2745,1473,9 15 3,22.5,1577015,137.5 114.69 100
2746,1499,9 2 0,24,1576973,142.01 109.95 101
2747,1484,4 1 5,24,1576955,138.74 109.29 104
2748,1479,4 1 4,24,1576955,138.74 109.29 104
2749,1491,11 6 5,23,1576951,140.3 110.19 102
2750,1479,12 13 9,22,1576925,137.84 112.16 102
2751,1475,12 13 8,22,1576925,137.84 112.16 102
2752,1476,0 4 0,24.5,1576897,137.53 112.41 102
2753,1500,11 4 2,23.5,1576894,141.82 110.09 101
2754,1495,11 4 1,23.5,1576894,141.82 110.09 101
2755,1478,7 1 13,23,1576828,137.74 106.99 107
2756,1493,5 0 0,24.5,1576808,140.84 109.76 102
2757,1473,6 10 5,23,1576784,137.1 112.75 102
2758,1489,8 3 5,23.5,1576760,139.88 109.44 103
2759,1473,5 1 15,23,1576759,136.46 106.99 108
2760,1488,12 4 12,22.5,1576734,139.4 107.72 105
2761,1483,12 4 11,22.5,1576734,139.4 107.72 105
2762,1487,12 9 7,22.5,1576734,139.4 110.89 102
2763,1482,12 9 6,22.5,1576734,139.4 110.89 102
2764,1490,10 12 1,23,1576730,139.66 114.04 99
2765,1486,10 12 0,23,1576730,139.66 114.04 99
2766,1477,14 12 14,21.5,1576719,137.51 110.25 104
2767,1472,14 12 13,21.5,1576719,137.51 110.25 104
2768,1472,3 7 5,23.5,1576717,136.64 112.03 103
2769,1471,8 14 5,22.5,1576686,136.87 114.06 101
2770,1498,14 2 6,23,1576685,142.22 107.63 103
2771,1476,9 8 10,22.5,1576667,137.5 110.25 104
2772,1474,11 7 15,22,1576635,137.22 108.4 106
2773,1480,8 5 8,23,1576626,138.38 109.55 104
2774,1487,9 1 12,23,1576622,139.02 106.99 106
2775,1482,9 1 11,23,1576622,139.02 106.99 106
2776,1471,1 5 3,24,1576570,136.78 111.91 103
2777,1488,6 1 3,24,1576526,140.05 109.29 103
2778,1484,9 11 2,23,1576444,139.02 113.4 100
2779,1473,11 12 10,22,1576291,137.22 111.53 103
2780,1481,5 7 4,23.5,1576209,137.93 112.03 102
2781,1476,5 7 3,23.5,1576209,137.93 112.03 102
2782,1480,3 5 2,24,1576204,138.09 111.91 102
2783,1475,3 5 1,24,1576204,138.09 111.91 102
2784,1492,11 1 10,23,1576142,140.3 106.99 105
2785,1487,11 1 9,23,1576142,140.3 106.99 105
2786,1487,8 8 0,23.5,1576126,139.88 112.68 100
2787,1470,7 13 7,22.5,1576120,136.23 113.42 102
2788,1490,13 0 15,22.5,1576093,140.04 105.19 107
2789,1486,13 0 14,22.5,1576093,140.04 105.19 107
2790,1483,13 7 14,22,1576024,138.47 108.4 105
2791,1479,13 7 13,22,1576024,138.47 108.4 105
2792,1489,10 5 7,23,1575924,139.66 109.55 103
2793,1484,10 5 6,23,1575924,139.66 109.55 103
2794,1483,8 10 4,23,1575917,138.38 112.75 101
2795,1478,8 10 3,23,1575917,138.38 112.75 101
2796,1492,14 4 10,22.5,1575915,140.67 107.72 104
2797,1498,10 3 4,23.5,1575910,141.17 109.44 102
2798,1493,10 3 3,23.5,1575910,141.17 109.44 102
2799,1485,11 8 9,22.5,1575898,138.77 110.25 103
2800,1480,11 8 8,22.5,1575898,138.77 110.25 103
2801,1497,15 10 4,22.5,1575851,141.3 111.52 100
2802,1493,15 10 3,22.5,1575851,141.3 111.52 100
2803,1490,15 14 6,22,1575841,139.72 112.78 100
2804,1485,15 14 5,22,1575841,139.72 112.78 100
2805,1497,8 1 2,24,1575811,141.36 109.29 102
2806,1493,8 1 1,24,1575811,141.36 109.29 102
2807,1470,13 11 15,21.5,1575806,136.89 109.63 105
2808,1471,5 9 7,23,1575797,136.46 112.11 103
2809,1500,13 6 4,23,1575751,141.58 110.19 101
2810,1495,13 6 3,23,1575751,141.58 110.19 101
2811,1473,3 2 10,23.5,1575744,136.64 108.79 106
2812,1478,5 2 8,23.5,1575673,137.93 108.79 105
2813,1484,14 13 7,22,1575660,139.1 112.16 101
2814,1482,11 15 2,22.5,1575634,138.77 114.69 99
2815,1485,5 5 0,24,1575545,139.39 111.91 101
2816,1476,9 3 15,22.5,1575534,137.5 107.09 107
2817,1472,9 3 14,22.5,1575534,137.5 107.09 107
2818,1480,10 14 4,22.5,1575530,138.14 114.06 100
2819,1476,10 14 3,22.5,1575530,138.14 114.06 100
2820,1495,15 0 13,22.5,1575493,141.3 105.19 106
2821,1491,14 9 5,22.5,1575469,140.67 110.89 101
2822,1471,10 11 12,22,1575426,136.59 110.9 104
2823,1485,7 7 2,23.5,1575411,139.23 112.03 101
2824,1481,7 7 1,23.5,1575411,139.23 112.03 101
2825,1496,13 1 8,23,1575388,141.58 106.99 104
2826,1474,8 7 12,22.5,1575385,136.87 109.62 105
2827,1469,8 7 11,22.5,1575385,136.87 109.62 105
2828,1473,5 4 12,23,1575360,136.46 108.91 106
2829,1487,7 2 7,23.5,1575321,139.23 108.79 104
2830,1482,7 2 6,23.5,1575321,139.23 108.79 104
2831,1470,2 6 7,23.5,1575321,135.99 111.38 104
2832,1482,13 12 9,22,1575243,138.47 111.53 102
2833,1477,13 12 8,22,1575243,138.47 111.53 102
2834,1481,11 3 13,22.5,1575195,138.77 107.09 106
2835,1474,9 13 5,22.5,1575185,137.5 113.42 101
2836,1478,1 3 0,24.5,1575158,138.19 111.75 102
2837,1477,7 4 10,23,1575151,137.74 108.91 105
2838,1473,7 4 9,23,1575151,137.74 108.91 105
2839,1476,7 9 5,23,1575151,137.74 112.11 102
2840,1488,15 7 12,22,1575141,139.72 108.4 104
2841,1483,15 7 11,22,1575141,139.72 108.4 104
2842,1477,3 0 6,24,1575120,138.09 108.64 105
2843,1493,11 11 1,23,1575064,140.3 113.4 99
2844,1488,11 11 0,23,1575064,140.3 113.4 99
2845,1472,1 0 8,24,1575049,136.78 108.64 106
2846,1469,3 12 0,23.5,1575036,136.64 115.27 100
2847,1474,4 6 5,23.5,1575033,137.29 111.38 103
2848,1493,12 5 5,23,1574942,140.94 109.55 102
2849,1479,15 11 14,21.5,1574924,138.13 109.63 104
2850,1475,15 11 13,21.5,1574924,138.13 109.63 104
2851,1486,5 0 5,24,1574906,139.39 108.64 104
2852,1482,5 0 4,24,1574906,139.39 108.64 104
2853,1474,2 4 3,24,1574850,137.43 111.25 103
2854,1489,13 8 7,22.5,1574850,140.04 110.25 102
2855,1485,13 8 6,22.5,1574850,140.04 110.25 102
2856,1478,10 7 10,22.5,1574829,138.14 109.62 104
2857,1498,12 3 1,23.5,1574776,142.47 109.44 101
2858,1487,10 10 2,23,1574761,139.66 112.75 100
2859,1491,9 2 5,23.5,1574687,140.53 108.79 103
2860,1476,12 6 15,22,1574679,137.84 107.77 106
2861,1475,6 0 15,23,1574676,137.1 106.35 108
2862,1471,6 0 14,23,1574676,137.1 106.35 108
2863,1480,8 0 13,23,1574676,138.38 106.35 107
2864,1482,9 4 8,23,1574663,139.02 108.91 104
2865,1472,8 12 7,22.5,1574605,136.87 112.79 102
2866,1476,12 11 10,22,1574593,137.84 110.9 103
2867,1490,13 3 12,22.5,1574584,140.04 107.09 105
2868,1486,13 3 11,22.5,1574584,140.04 107.09 105
2869,1484,6 6 4,23.5,1574456,138.58 111.38 102
2870,1479,6 6 3,23.5,1574456,138.58 111.38 102
2871,1483,4 4 2,24,1574413,138.74 111.25 102
2872,1478,4 4 1,24,1574413,138.74 111.25 102
2873,1491,7 0 3,24,1574409,140.7 108.64 103
2874,1489,10 0 12,23,1574403,139.66 106.35 106
2875,1485,10 0 11,23,1574403,139.66 106.35 106
2876,1500,15 1 6,23,1574360,142.87 106.99 103
2877,1469,9 10 14,22,1574334,135.97 110.28 105
2878,1490,9 7 0,23.5,1574323,140.53 112.03 100
2879,1485,9 9 4,23,1574217,139.02 112.11 101
2880,1480,9 9 3,23,1574217,139.02 112.11 101
2881,1474,6 8 7,23,1574149,137.1 111.47 103
2882,1470,6 8 6,23,1574149,137.1 111.47 103
2883,1484,12 14 2,22.5,1574084,139.4 114.06 99
2884,1485,14 6 14,22,1574004,139.1 107.77 105
2885,1481,14 6 13,22,1574004,139.1 107.77 105
2886,1487,12 7 9,22.5,1573996,139.4 109.62 103
2887,1483,12 7 8,22.5,1573996,139.4 109.62 103
2888,1473,14 10 15,21.5,1573994,137.51 109.02 105
2889,1483,11 13 4,22.5,1573964,138.77 113.42 100
2890,1478,11 13 3,22.5,1573964,138.77 113.42 100
2891,1491,13 15 1,22.5,1573963,140.04 114.69 98
2892,1486,13 15 0,22.5,1573963,140.04 114.69 98
2893,1486,15 12 7,22,1573915,139.72 111.53 101
2894,1491,11 4 7,23,1573895,140.3 108.91 103
2895,1487,11 4 6,23,1573895,140.3 108.91 103
2896,1475,6 15 1,23,1573885,137.1 115.96 99
2897,1471,6 15 0,23,1573885,137.1 115.96 99
2898,1494,12 0 10,23,1573858,140.94 106.35 105
2899,1489,12 0 9,23,1573858,140.94 106.35 105
2900,1470,7 11 9,22.5,1573789,136.23 112.16 103
2901,1475,4 1 10,23.5,1573788,137.29 108.15 106
2902,1471,4 1 9,23.5,1573788,137.29 108.15 106
2903,1496,11 2 3,23.5,1573771,141.82 108.79 102
2904,1473,11 10 12,22,1573712,137.22 110.28 104
2905,1469,11 10 11,22,1573712,137.22 110.28 104
2906,1495,15 3 10,22.5,1573702,141.3 107.09 104
2907,1487,6 4 0,24,1573685,140.05 111.25 101
2908,1497,14 5 3,23,1573678,142.22 109.55 101
2909,1480,6 1 8,23.5,1573648,138.58 108.15 105
2910,1500,9 0 2,24,1573627,142.01 108.64 102
2911,1495,9 0 1,24,1573627,142.01 108.64 102
2912,1476,0 2 2,24.5,1573623,137.53 111.08 103
2913,1472,0 2 1,24.5,1573623,137.53 111.08 103
2914,1472,3 5 7,23.5,1573620,136.64 110.74 104
2915,1469,5 14 2,23,1573612,136.46 115.32 100
2916,1472,4 11 0,23.5,1573610,137.29 114.62 100
2917,1477,10 12 5,22.5,1573604,138.14 112.79 101
2918,1488,8 6 2,23.5,1573590,139.88 111.38 101
2919,1483,8 6 1,23.5,1573590,139.88 111.38 101
2920,1467,12 15 12,21.5,1573572,136.27 112.11 103
2921,1476,9 6 12,22.5,1573530,137.5 108.99 105
2922,1472,9 6 11,22.5,1573530,137.5 108.99 105
2923,1493,15 8 5,22.5,1573523,141.3 110.25 101
2924,1484,14 11 9,22,1573481,139.1 110.9 102
2925,1480,14 11 8,22,1573481,139.1 110.9 102
2926,1475,6 3 12,23,1573446,137.1 108.27 106
2927,1471,6 3 11,23,1573446,137.1 108.27 106
2928,1479,8 8 5,23,1573435,138.38 111.47 102
2929,1479,10 2 15,22.5,1573429,138.14 106.45 107
2930,1474,10 2 14,22.5,1573429,138.14 106.45 107
2931,1481,2 2 0,24.5,1573329,138.86 111.08 102
2932,1496,12 10 1,23,1573316,140.94 112.75 99
2933,1491,12 10 0,23,1573316,140.94 112.75 99
2934,1477,5 5 5,23.5,1573262,137.93 110.74 103
2935,1471,1 3 5,24,1573258,136.78 110.6 104
2936,1489,8 1 7,23.5,1573228,139.88 108.15 104
2937,1485,8 1 6,23.5,1573228,139.88 108.15 104
2938,1480,8 3 10,23,1573169,138.38 108.27 105
2939,1475,8 3 9,23,1573169,138.38 108.27 105
2940,1498,14 0 8,23,1573041,142.22 106.35 104
2941,1476,3 3 3,24,1573041,138.09 110.6 103
2942,1483,12 2 13,22.5,1573024,139.4 106.45 106
2943,1475,9 11 7,22.5,1573007,137.5 112.16 102
2944,1470,9 11 6,22.5,1573007,137.5 112.16 102
2945,1489,11 9 2,23,1572996,140.3 112.11 100
2946,1470,3 10 2,23.5,1572912,136.64 113.97 101
2947,1481,11 6 10,22.5,1572909,138.77 108.99 104
2948,1492,14 7 7,22.5,1572884,140.67 109.62 102
2949,1487,14 7 6,22.5,1572884,140.67 109.62 102
2950,1495,13 4 5,23,1572848,141.58 108.91 102
2951,1478,13 10 10,22,1572813,138.47 110.28 103
2952,1467,9 15 9,22,1572800,135.97 113.41 102
2953,1479,13 5 15,22,1572640,138.47 107.14 106
2954,1486,7 5 4,23.5,1572616,139.23 110.74 102
2955,1482,7 5 3,23.5,1572616,139.23 110.74 102
2956,1485,10 3 8,23,1572614,139.66 108.27 104
2957,1471,10 9 14,22,1572602,136.59 109.65 105
2958,1500,13 2 1,23.5,1572573,143.12 108.79 101
2959,1485,5 3 2,24,1572535,139.39 110.6 102
2960,1481,5 3 1,24,1572535,139.39 110.6 102
2961,1494,10 1 5,23.5,1572527,141.17 108.15 103
2962,1478,7 14 1,23,1572504,137.74 115.32 99
2963,1473,7 14 0,23,1572504,137.74 115.32 99
2964,1476,14 15 11,21.5,1572461,137.51 112.11 102
2965,1471,14 15 10,21.5,1572461,137.51 112.11 102
2966,1487,13 13 2,22.5,1572454,140.04 113.42 99
2967,1492,10 6 0,23.5,1572436,141.17 111.38 100
2968,1488,10 8 4,23,1572435,139.66 111.47 101
2969,1483,10 8 3,23,1572435,139.66 111.47 101
2970,1477,7 7 7,23,1572415,137.74 110.83 103
2971,1472,7 7 6,23,1572415,137.74 110.83 103
2972,1493,14 2 12,22.5,1572350,140.67 106.45 105
2973,1488,14 2 11,22.5,1572350,140.67 106.45 105
2974,1493,14 14 1,22.5,1572350,140.67 114.06 98
2975,1488,14 14 0,22.5,1572350,140.67 114.06 98
2976,1486,12 12 4,22.5,1572318,139.4 112.79 100
2977,1481,12 12 3,22.5,1572318,139.4 112.79 100
2978,1472,6 13 2,23,1572216,137.1 114.68 100
2979,1473,8 10 9,22.5,1572176,136.87 111.52 103
2980,1468,8 10 8,22.5,1572176,136.87 111.52 103
2981,1475,15 9 15,21.5,1572100,138.13 108.4 105
2982,1475,5 10 0,23.5,1572100,137.93 113.97 100
2983,1490,13 6 9,22.5,1572011,140.04 108.99 103
2984,1485,13 6 8,22.5,1572011,140.04 108.99 103
2985,1469,8 5 13,22.5,1572003,136.87 108.35 106
2986,1470,13 14 12,21.5,1571991,136.89 111.49 103
2987,1479,11 11 5,22.5,1571941,138.77 112.16 101
2988,1476,12 9 12,22,1571915,137.84 109.65 104
2989,1472,12 9 11,22,1571915,137.84 109.65 104
2990,1488,15 5 14,22,1571901,139.72 107.14 105
2991,1483,15 5 13,22,1571901,139.72 107.14 105
2992,1475,4 4 7,23.5,1571832,137.29 110.09 104
2993,1470,4 4 6,23.5,1571832,137.29 110.09 104
2994,1494,12 3 7,23,1571781,140.94 108.27 103
2995,1489,12 3 6,23,1571781,140.94 108.27 103
2996,1479,1 1 2,24.5,1571777,138.19 110.42 103
2997,1474,1 1 1,24.5,1571777,138.19 110.42 103
2998,1478,5 0 10,23.5,1571743,137.93 107.5 106
2999,1473,5 0 9,23.5,1571743,137.93 107.5 106
3000,1490,7 3 0,24,1571738,140.7 110.6 101
3001,1472,11 15 7,22,1571734,137.22 113.41 101
3002,1470,5 12 4,23,1571689,136.46 114.04 101
3003,1491,9 5 2,23.5,1571684,140.53 110.74 101
3004,1486,9 5 1,23.5,1571684,140.53 110.74 101
3005,1487,15 10 9,22,1571639,139.72 110.28 102
3006,1482,15 10 8,22,1571639,139.72 110.28 102
3007,1481,9 7 5,23,1571634,139.02 110.83 102
3008,1479,10 5 12,22.5,1571591,138.14 108.35 105
3009,1474,10 5 11,22.5,1571591,138.14 108.35 105
3010,1498,12 1 3,23.5,1571547,142.47 108.15 102
3011,1483,7 0 8,23.5,1571534,139.23 107.5 105
3012,1500,15 4 3,23,1571523,142.87 108.91 101
3013,1472,2 7 0,24,1571522,137.43 113.22 101
3014,1498,13 9 1,23,1571488,141.58 112.11 99
3015,1493,13 9 0,23,1571488,141.58 112.11 99
3016,1478,7 2 12,23,1571445,137.74 107.63 106
3017,1473,7 2 11,23,1571445,137.74 107.63 106
3018,1474,2 2 5,24,1571432,137.43 109.95 104
3019,1484,3 1 0,24.5,1571412,139.52 110.42 102
3020,1480,6 4 5,23.5,1571404,138.58 110.09 103
3021,1473,4 9 2,23.5,1571388,137.29 113.33 101
3022,1477,10 10 7,22.5,1571328,138.14 111.52 102
3023,1473,10 10 6,22.5,1571328,138.14 111.52 102
3024,1470,10 14 9,22,1571318,136.59 112.78 102
3025,1468,12 13 14,21.5,1571293,136.27 110.87 104
3026,1481,11 1 15,22.5,1571238,138.77 105.82 107
3027,1477,11 1 14,22.5,1571238,138.77 105.82 107
3028,1470,6 6 8,23,1571162,137.1 110.19 104
3029,1492,12 8 2,23,1571149,140.94 111.47 100
3030,1479,4 2 3,24,1571144,138.74 109.95 103
3031,1482,9 2 10,23,1571100,139.02 107.63 105
3032,1478,9 2 9,23,1571100,139.02 107.63 105
3033,1492,9 0 7,23.5,1571047,140.53 107.5 104
3034,1487,9 0 6,23.5,1571047,140.53 107.5 104
3035,1481,8 13 1,23,1571041,138.38 114.68 99
3036,1476,8 13 0,23,1571041,138.38 114.68 99
3037,1480,14 9 10,22,1570953,139.1 109.65 103
3038,1483,12 5 10,22.5,1570904,139.4 108.35 104
3039,1494,15 6 7,22.5,1570837,141.3 108.99 102
3040,1489,15 6 6,22.5,1570837,141.3 108.99 102
3041,1478,15 14 11,21.5,1570817,138.13 111.49 102
3042,1474,15 14 10,21.5,1570817,138.13 111.49 102
3043,1474,11 8 14,22,1570788,137.22 109.02 105
3044,1469,11 8 13,22,1570788,137.22 109.02 105
3045,1486,13 1 13,22.5,1570768,140.04 105.82 106
3046,1490,14 12 2,22.5,1570745,140.67 112.79 99
3047,1475,7 12 2,23,1570739,137.74 114.04 100
3048,1489,8 4 4,23.5,1570691,139.88 110.09 102
3049,1484,8 4 3,23.5,1570691,139.88 110.09 102
3050,1498,14 3 5,23,1570672,142.22 108.27 102
3051,1496,15 13 1,22.5,1570658,141.3 113.42 98
3052,1491,15 13 0,22.5,1570658,141.3 113.42 98
3053,1479,8 6 7,23,1570598,138.38 110.19 103
3054,1475,8 6 6,23,1570598,138.38 110.19 103
3055,1488,13 11 4,22.5,1570591,140.04 112.16 100
3056,1483,13 11 3,22.5,1570591,140.04 112.16 100
3057,1488,6 2 2,24,1570569,140.05 109.95 102
3058,1483,6 2 1,24,1570569,140.05 109.95 102
3059,1490,11 7 4,23,1570569,140.3 110.83 101
3060,1486,11 7 3,23,1570569,140.3 110.83 101
3061,1481,14 4 15,22,1570518,139.1 106.52 106
3062,1478,6 9 0,23.5,1570507,138.58 113.33 100
3063,1476,9 9 9,22.5,1570481,137.5 110.89 103
3064,1471,9 9 8,22.5,1570481,137.5 110.89 103
3065,1487,11 2 8,23,1570479,140.3 107.63 104
3066,1495,11 5 0,23.5,1570465,141.82 110.74 100
3067,1471,3 8 4,23.5,1570435,136.64 112.68 102
3068,1470,1 6 2,24,1570394,136.78 112.56 102
3069,1481,13 15 6,22,1570384,138.47 113.41 100
3070,1476,13 15 5,22,1570384,138.47 113.41 100
3071,1472,14 13 12,21.5,1570331,137.51 110.87 103
3072,1496,11 0 5,23.5,1570281,141.82 107.5 103
3073,1482,12 10 5,22.5,1570198,139.4 111.52 101
3074,1473,6 11 4,23,1570196,137.1 113.4 101
3075,1474,12 14 7,22,1570188,137.84 112.78 101
3076,1472,9 4 13,22.5,1570045,137.5 107.72 106
3077,1478,13 8 12,22,1570037,138.47 109.02 104
3078,1474,13 8 11,22,1570037,138.47 109.02 104
3079,1495,15 1 12,22.5,1570031,141.3 105.82 105
3080,1490,15 1 11,22.5,1570031,141.3 105.82 105
3081,1472,0 0 3,24.5,1569985,137.53 109.76 104
3082,1477,5 3 7,23.5,1569957,137.93 109.44 104
3083,1473,5 3 6,23.5,1569957,137.93 109.44 104
3084,1492,14 5 9,22.5,1569943,140.67 108.35 103
3085,1488,14 5 8,22.5,1569943,140.67 108.35 103
3086,1475,3 6 0,24,1569878,138.09 112.56 101
3087,1482,2 0 2,24.5,1569840,138.86 109.76 103
3088,1477,2 0 1,24.5,1569840,138.86 109.76 103
3089,1476,5 8 2,23.5,1569778,137.93 112.68 101
3090,1471,5 8 1,23.5,1569778,137.93 112.68 101
3091,1473,11 13 9,22,1569757,137.22 112.16 102
3092,1468,11 13 8,22,1569757,137.22 112.16 102
3093,1484,10 6 5,23,1569751,139.66 110.19 102
3094,1471,8 15 4,22.5,1569748,136.87 114.69 100
3095,1492,8 2 0,24,1569705,141.36 109.95 101
3096,1493,10 4 2,23.5,1569693,141.17 110.09 101
3097,1488,10 4 1,23.5,1569693,141.17 110.09 101
3098,1470,13 12 14,21.5,1569617,136.89 110.25 104
3099,1496,13 2 7,23,1569583,141.58 107.63 103
3100,1491,13 2 6,23,1569583,141.58 107.63 103
3101,1496,14 8 0,23,1569578,142.22 111.47 99
3102,1481,11 4 12,22.5,1569567,138.77 107.72 105
3103,1477,11 4 11,22.5,1569567,138.77 107.72 105
3104,1480,11 9 7,22.5,1569567,138.77 110.89 102
3105,1475,11 9 6,22.5,1569567,138.77 110.89 102
3106,1477,3 1 5,24,1569517,138.09 109.29 104
3107,1472,3 1 4,24,1569517,138.09 109.29 104
3108,1484,9 12 1,23,1569497,139.02 114.04 99
3109,1479,9 12 0,23,1569497,139.02 114.04 99
3110,1471,6 1 13,23,1569494,137.1 106.99 107
3111,1482,7 3 5,23.5,1569461,139.23 109.44 103
3112,1467,10 7 15,22,1569436,136.59 108.4 106
3113,1486,4 0 0,24.5,1569405,140.18 109.76 102
3114,1469,8 8 10,22.5,1569401,136.87 110.25 104
3115,1480,8 1 12,23,1569356,138.38 106.99 106
3116,1476,8 1 11,23,1569356,138.38 106.99 106
3117,1473,7 5 8,23,1569327,137.74 109.55 104
3118,1500,13 0 3,23.5,1569237,143.12 107.5 102
3119,1494,13 7 2,23,1569220,141.58 110.83 100
3120,1477,8 11 2,23,1569179,138.38 113.4 100
3121,1481,5 1 3,24,1569159,139.39 109.29 103
3122,1483,15 8 10,22,1569012,139.72 109.02 103
3123,1483,12 0 15,22.5,1568961,139.4 105.19 107
3124,1479,12 0 14,22.5,1568961,139.4 105.19 107
3125,1492,15 11 2,22.5,1568956,141.3 112.16 99
3126,1485,10 1 10,23,1568945,139.66 106.99 105
3127,1480,10 1 9,23,1568945,139.66 106.99 105
3128,1476,12 7 14,22,1568892,137.84 108.4 105
3129,1472,12 7 13,22,1568892,137.84 108.4 105
3130,1480,7 8 0,23.5,1568829,139.23 112.68 100
3131,1486,13 4 10,22.5,1568816,140.04 107.72 104
3132,1474,4 7 4,23.5,1568809,137.29 112.03 102
3133,1469,4 7 3,23.5,1568809,137.29 112.03 102
3134,1491,14 10 4,22.5,1568784,140.67 111.52 100
3135,1486,14 10 3,22.5,1568784,140.67 111.52 100
3136,1483,14 14 6,22,1568774,139.1 112.78 100
3137,1479,14 14 5,22,1568774,139.1 112.78 100
3138,1485,15 15 4,22,1568750,139.72 113.41 99
3139,1473,2 5 2,24,1568734,137.43 111.91 102
3140,1478,10 8 9,22.5,1568702,138.14 110.25 103
3141,1474,10 8 8,22.5,1568702,138.14 110.25 103
3142,1482,9 5 7,23,1568695,139.02 109.55 103
3143,1477,9 5 6,23,1568695,139.02 109.55 103
3144,1491,9 3 4,23.5,1568681,140.53 109.44 102
3145,1487,9 3 3,23.5,1568681,140.53 109.44 102
3146,1493,12 6 4,23,1568621,140.94 110.19 101
3147,1488,12 6 3,23,1568621,140.94 110.19 101
3148,1476,7 10 4,23,1568621,137.74 112.75 101
3149,1471,7 10 3,23,1568621,137.74 112.75 101
3150,1475,15 12 12,21.5,1568592,138.13 110.25 103
3151,1477,13 13 7,22,1568562,138.47 112.16 101
3152,1491,7 1 2,24,1568516,140.7 109.29 102
3153,1486,7 1 1,24,1568516,140.7 109.29 102
3154,1475,10 15 2,22.5,1568440,138.14 114.69 99
3155,1488,14 0 13,22.5,1568428,140.67 105.19 106
3156,1500,15 2 5,23,1568411,142.87 107.63 102
3157,1497,12 4 0,23.5,1568410,142.47 110.09 100
3158,1484,13 9 5,22.5,1568373,140.04 110.89 101
3159,1483,15 3 15,22,1568312,139.72 105.89 106
3160,1473,9 14 4,22.5,1568302,137.5 114.06 100
3161,1469,9 14 3,22.5,1568302,137.5 114.06 100
3162,1471,4 2 8,23.5,1568276,137.29 108.79 105
3163,1470,8 3 15,22.5,1568273,136.87 107.09 107
3164,1489,12 1 8,23,1568260,140.94 106.99 104
3165,1478,4 5 0,24,1568148,138.74 111.91 101
3166,1475,12 12 9,22,1568115,137.84 111.53 102
3167,1471,12 12 8,22,1568115,137.84 111.53 102
3168,1479,6 7 2,23.5,1568084,138.58 112.03 101
3169,1474,6 7 1,23.5,1568084,138.58 112.03 101
3170,1481,14 7 12,22,1568077,139.1 108.4 104
3171,1476,14 7 11,22,1568077,139.1 108.4 104
3172,1474,10 3 13,22.5,1568002,138.14 107.09 106
3173,1480,6 2 7,23.5,1567994,138.58 108.79 104
3174,1475,6 2 6,23.5,1567994,138.58 108.79 104
3175,1486,10 11 1,23,1567872,139.66 113.4 99
3176,1482,10 11 0,23,1567872,139.66 113.4 99
3177,1473,14 11 14,21.5,1567861,137.51 109.63 104
3178,1468,14 11 13,21.5,1567861,137.51 109.63 104
3179,1471,6 4 10,23,1567825,137.1 108.91 105
3180,1469,6 9 5,23,1567825,137.1 112.11 102
3181,1495,15 4 9,22.5,1567792,141.3 107.72 103
3182,1490,15 4 8,22.5,1567792,141.3 107.72 103
3183,1486,11 5 5,23,1567783,140.3 109.55 102
3184,1483,12 8 7,22.5,1567724,139.4 110.25 102
3185,1478,12 8 6,22.5,1567724,139.4 110.25 102
3186,1471,0 3 0,24.5,1567621,137.53 111.75 102
3187,1495,11 3 2,23.5,1567618,141.82 109.44 101
3188,1491,11 3 1,23.5,1567618,141.82 109.44 101
3189,1472,9 7 10,22.5,1567605,137.5 109.62 104
3190,1498,15 7 0,23,1567587,142.87 110.83 99
3191,1495,9 1 0,24,1567586,142.01 109.29 101
3192,1480,9 10 2,23,1567537,139.02 112.75 100
3193,1470,11 6 15,22,1567521,137.22 107.77 106
3194,1479,4 0 5,24,1567513,138.74 108.64 104
3195,1475,4 0 4,24,1567513,138.74 108.64 104
3196,1483,12 3 12,22.5,1567459,139.4 107.09 105
3197,1479,12 3 11,22.5,1567459,139.4 107.09 105
3198,1469,11 11 10,22,1567435,137.22 110.9 103
3199,1485,8 2 5,23.5,1567430,139.88 108.79 103
3200,1475,8 4 8,23,1567406,138.38 108.91 104
3201,1473,7 0 13,23,1567386,137.74 106.35 107
3202,1498,14 1 7,23,1567300,142.22 106.99 103
3203,1494,14 1 6,23,1567300,142.22 106.99 103
3204,1497,14 6 2,23,1567209,142.22 110.19 100
3205,1482,9 0 12,23,1567181,139.02 106.35 106
3206,1478,9 0 11,23,1567181,139.02 106.35 106
3207,1477,5 6 4,23.5,1567098,137.93 111.38 102
3208,1472,5 6 3,23.5,1567098,137.93 111.38 102
3209,1484,6 0 3,24,1567086,140.05 108.64 103
3210,1486,15 13 6,22,1567086,139.72 112.16 100
3211,1481,15 13 5,22,1567086,139.72 112.16 100
3212,1483,8 7 0,23.5,1567068,139.88 112.03 100
3213,1476,3 4 2,24,1566987,138.09 111.25 102
3214,1471,3 4 1,24,1566987,138.09 111.25 102
3215,1478,8 9 4,23,1566963,138.38 112.11 101
3216,1474,8 9 3,23,1566963,138.38 112.11 101
3217,1478,11 14 2,22.5,1566929,138.77 114.06 99
3218,1479,13 6 14,22,1566914,138.47 107.77 105
3219,1474,13 6 13,22,1566914,138.47 107.77 105
3220,1493,15 9 4,22.5,1566897,141.3 110.89 100
3221,1488,15 9 3,22.5,1566897,141.3 110.89 100
3222,1479,14 12 7,22,1566857,139.1 111.53 101
3223,1481,11 7 9,22.5,1566841,138.77 109.62 103
3224,1476,11 7 8,22.5,1566841,138.77 109.62 103
3225,1484,12 15 1,22.5,1566841,139.4 114.69 98
3226,1479,12 15 0,22.5,1566841,139.4 114.69 98
3227,1476,10 13 4,22.5,1566777,138.14 113.42 100
3228,1472,10 13 3,22.5,1566777,138.14 113.42 100
3229,1484,10 4 7,23,1566708,139.66 108.91 103
3230,1480,10 4 6,23,1566708,139.66 108.91 103
3231,1487,11 0 10,23,1566704,140.3 106.35 105
3232,1483,11 0 9,23,1566704,140.3 106.35 105
3233,1488,14 3 10,22.5,1566645,140.67 107.09 104
3234,1495,13 5 4,23,1566590,141.58 109.55 101
3235,1490,13 5 3,23,1566590,141.58 109.55 101
3236,1494,10 2 4,23.5,1566585,141.17 108.79 102
3237,1489,10 2 3,23.5,1566585,141.17 108.79 102
3238,1487,14 8 5,22.5,1566467,140.67 110.25 101
3239,1478,13 11 9,22,1566393,138.47 110.9 102
3240,1473,13 11 8,22,1566393,138.47 110.9 102
3241,1470,9 12 5,22.5,1566386,137.5 112.79 101
3242,1493,8 0 2,24,1566375,141.36 108.64 102
3243,1488,8 0 1,24,1566375,141.36 108.64 102
3244,1480,5 4 0,24,1566331,139.39 111.25 101
3245,1481,7 6 2,23.5,1566305,139.23 111.38 101
3246,1476,7 6 1,23.5,1566305,139.23 111.38 101
3247,1473,5 1 8,23.5,1566294,137.93 108.15 105
3248,1469,8 6 12,22.5,1566279,136.87 108.99 105
3249,1499,13 3 0,23.5,1566271,143.12 109.44 100
3250,1472,9 2 15,22.5,1566211,137.5 106.45 107
3251,1489,11 10 1,23,1566165,140.3 112.75 99
3252,1484,11 10 0,23,1566165,140.3 112.75 99
3253,1472,7 8 5,23,1566150,137.74 111.47 102
3254,1483,15 6 12,22,1566036,139.72 107.77 104
3255,1479,15 6 11,22,1566036,139.72 107.77 104
3256,1475,15 10 14,21.5,1566026,138.13 109.02 104
3257,1471,15 10 13,21.5,1566026,138.13 109.02 104
3258,1492,13 0 8,23,1565955,141.58 106.35 104
3259,1483,7 1 7,23.5,1565944,139.23 108.15 104
3260,1478,7 1 6,23.5,1565944,139.23 108.15 104
3261,1473,7 3 10,23,1565885,137.74 108.27 105
3262,1469,7 3 9,23,1565885,137.74 108.27 105
3263,1470,4 5 5,23.5,1565875,137.29 110.74 103
3264,1477,11 2 13,22.5,1565874,138.77 106.45 106
3265,1474,1 2 0,24.5,1565837,138.19 111.08 102
3266,1483,10 9 2,23,1565814,139.66 112.11 100
3267,1485,13 7 7,22.5,1565799,140.04 109.62 102
3268,1480,13 7 6,22.5,1565799,140.04 109.62 102
3269,1468,8 11 7,22.5,1565758,136.87 112.16 102
3270,1489,12 4 5,23,1565732,140.94 108.91 102
3271,1474,10 6 10,22.5,1565726,138.14 108.99 104
3272,1471,12 10 10,22,1565697,137.84 110.28 103
3273,1472,12 5 15,22,1565524,137.84 107.14 106
3274,1498,12 2 2,23.5,1565458,142.47 108.79 101
3275,1493,12 2 1,23.5,1565458,142.47 108.79 101
3276,1478,9 3 8,23,1565400,139.02 108.27 104
3277,1497,10 0 0,24,1565380,142.67 108.64 101
3278,1469,13 15 11,21.5,1565377,136.89 112.11 102
3279,1480,12 13 2,22.5,1565339,139.4 113.42 99
3280,1487,9 1 5,23.5,1565314,140.53 108.15 103
3281,1479,6 5 4,23.5,1565302,138.58 110.74 102
3282,1475,6 5 3,23.5,1565302,138.58 110.74 102
3283,1486,13 2 12,22.5,1565267,140.04 106.45 105
3284,1481,13 2 11,22.5,1565267,140.04 106.45 105
3285,1486,13 14 1,22.5,1565267,140.04 114.06 98
3286,1482,13 14 0,22.5,1565267,140.04 114.06 98
3287,1485,9 6 0,23.5,1565223,140.53 111.38 100
3288,1481,9 8 4,23,1565222,139.02 111.47 101
3289,1476,9 8 3,23,1565222,139.02 111.47 101
3290,1471,6 14 1,23,1565190,137.1 115.32 99
3291,1479,11 12 4,22.5,1565171,138.77 112.79 100
3292,1474,11 12 3,22.5,1565171,138.77 112.79 100
3293,1478,4 3 2,24,1565152,138.74 110.6 102
3294,1474,4 3 1,24,1565152,138.74 110.6 102
3295,1499,15 5 2,23,1565116,142.87 109.55 100
3296,1470,6 7 7,23,1565102,137.1 110.83 103
3297,1482,15 11 7,22,1565073,139.72 110.9 101
3298,1469,14 9 15,21.5,1565051,137.51 108.4 105
3299,1500,15 0 7,23,1564933,142.87 106.35 103
3300,1496,15 0 6,23,1564933,142.87 106.35 103
3301,1483,12 6 9,22.5,1564898,139.4 108.99 103
3302,1479,12 6 8,22.5,1564898,139.4 108.99 103
3303,1481,14 5 14,22,1564853,139.1 107.14 105
3304,1477,14 5 13,22,1564853,139.1 107.14 105
3305,1469,11 9 12,22,1564770,137.22 109.65 104
3306,1472,10 11 5,22.5,1564763,138.14 112.16 101
3307,1487,11 3 7,23,1564637,140.3 108.27 103
3308,1482,11 3 6,23,1564637,140.3 108.27 103
3309,1480,14 10 9,22,1564591,139.1 110.28 102
3310,1476,14 10 8,22,1564591,139.1 110.28 102
3311,1489,15 7 5,22.5,1564480,141.3 109.62 101
3312,1498,14 4 4,23,1564476,142.22 108.91 101
3313,1493,14 4 3,23,1564476,142.22 108.91 101
3314,1484,8 5 2,23.5,1564441,139.88 110.74 101
3315,1479,8 5 1,23.5,1564441,139.88 110.74 101
3316,1483,6 3 0,24,1564428,140.05 110.6 101
3317,1496,11 1 4,23.5,1564403,141.82 108.15 102
3318,1491,11 1 3,23.5,1564403,141.82 108.15 102
3319,1474,8 7 5,23,1564392,138.38 110.83 102
3320,1490,15 2 10,22.5,1564390,141.3 106.45 104
3321,1472,9 5 12,22.5,1564382,137.5 108.35 105
3322,1491,12 9 1,23,1564377,140.94 112.11 99
3323,1487,12 9 0,23,1564377,140.94 112.11 99
3324,1471,4 0 10,23.5,1564364,137.29 107.5 106
3325,1472,0 1 2,24.5,1564256,137.53 110.42 103
3326,1476,6 0 8,23.5,1564225,138.58 107.5 105
3327,1471,6 2 12,23,1564136,137.1 107.63 106
3328,1471,9 10 7,22.5,1564120,137.5 111.52 102
3329,1474,10 1 15,22.5,1564063,138.14 105.82 107
3330,1470,10 1 14,22.5,1564063,138.14 105.82 107
3331,1473,5 4 5,23.5,1564061,137.93 110.09 103
3332,1474,15 15 9,21.5,1564058,138.13 112.11 101
3333,1485,11 8 2,23,1564008,140.3 111.47 100
3334,1477,2 1 0,24.5,1563964,138.86 110.42 102
3335,1474,13 9 10,22,1563877,138.47 109.65 103
3336,1476,8 2 10,23,1563860,138.38 107.63 105
3337,1471,8 2 9,23,1563860,138.38 107.63 105
3338,1485,8 0 7,23.5,1563807,139.88 107.5 104
3339,1480,8 0 6,23.5,1563807,139.88 107.5 104
3340,1487,14 6 7,22.5,1563793,140.67 108.99 102
3341,1483,14 6 6,22.5,1563793,140.67 108.99 102
3342,1472,14 14 11,21.5,1563773,137.51 111.49 102
3343,1467,14 14 10,21.5,1563773,137.51 111.49 102
3344,1474,7 13 1,23,1563768,137.74 114.68 99
3345,1469,7 13 0,23,1563768,137.74 114.68 99
3346,1477,11 5 10,22.5,1563764,138.77 108.35 104
3347,1472,3 2 3,24,1563733,138.09 109.95 103
3348,1483,13 12 2,22.5,1563670,140.04 112.79 99
3349,1479,12 1 13,22.5,1563661,139.4 105.82 106
3350,1489,14 13 1,22.5,1563614,140.67 113.42 98
3351,1484,14 13 0,22.5,1563614,140.67 113.42 98
3352,1491,13 3 5,23,1563596,141.58 108.27 102
3353,1481,12 11 4,22.5,1563484,139.4 112.16 100
3354,1477,12 11 3,22.5,1563484,139.4 112.16 100
3355,1474,13 4 15,22,1563443,138.47 106.52 106
3356,1482,7 4 4,23.5,1563420,139.23 110.09 102
3357,1477,7 4 3,23.5,1563420,139.23 110.09 102
3358,1483,10 7 4,23,1563398,139.66 110.83 101
3359,1479,10 7 3,23,1563398,139.66 110.83 101
3360,1473,7 6 7,23,1563326,137.74 110.19 103
3361,1480,10 2 8,23,1563308,139.66 107.63 104
3362,1488,10 5 0,23.5,1563294,141.17 110.74 100
3363,1474,12 15 6,22,1563278,137.84 113.41 100
3364,1469,12 15 5,22,1563278,137.84 113.41 100
3365,1469,8 9 9,22.5,1563243,136.87 110.89 103
3366,1481,5 2 2,24,1563230,139.39 109.95 102
3367,1476,5 2 1,24,1563230,139.39 109.95 102
3368,1500,13 1 2,23.5,1563213,143.12 108.15 101
3369,1495,13 1 1,23.5,1563213,143.12 108.15 101
3370,1471,5 9 0,23.5,1563168,137.93 113.33 100
3371,1471,15 8 15,21.5,1563117,138.13 107.78 105
3372,1489,10 0 5,23.5,1563111,141.17 107.5 103
3373,1475,11 10 5,22.5,1563060,138.77 111.52 101
3374,1468,11 14 7,22,1563051,137.22 112.78 101
3375,1488,14 1 12,22.5,1562990,140.67 105.82 105
3376,1484,14 1 11,22.5,1562990,140.67 105.82 105
3377,1472,12 8 12,22,1562933,137.84 109.02 104
3378,1467,12 8 11,22,1562933,137.84 109.02 104
3379,1485,13 5 9,22.5,1562871,140.04 108.35 103
3380,1481,13 5 8,22.5,1562871,140.04 108.35 103
3381,1483,15 4 14,22,1562709,139.72 106.52 105
3382,1479,15 4 13,22,1562709,139.72 106.52 105
3383,1483,15 9 9,22,1562709,139.72 109.65 102
3384,1478,15 9 8,22,1562709,139.72 109.65 102
3385,1471,4 3 7,23.5,1562586,137.29 109.44 104
3386,1477,9 6 5,23,1562550,139.02 110.19 102
3387,1494,13 8 1,23,1562508,141.58 111.47 99
3388,1489,13 8 0,23,1562508,141.58 111.47 99
3389,1486,9 4 2,23.5,1562493,140.53 110.09 101
3390,1481,9 4 1,23.5,1562493,140.53 110.09 101
3391,1489,12 2 7,23,1562481,140.94 107.63 103
3392,1485,12 2 6,23,1562481,140.94 107.63 103
3393,1485,7 2 0,24,1562438,140.7 109.95 101
3394,1474,10 4 12,22.5,1562400,138.14 107.72 105
3395,1470,10 4 11,22.5,1562400,138.14 107.72 105
3396,1473,10 9 7,22.5,1562400,138.14 110.89 102
3397,1469,10 9 6,22.5,1562400,138.14 110.89 102
3398,1475,1 0 2,24.5,1562365,138.19 109.76 103
3399,1500,15 3 4,23,1562279,142.87 108.27 101
3400,1495,15 3 3,23,1562279,142.87 108.27 101
3401,1477,8 12 1,23,1562264,138.38 114.04 99
3402,1472,8 12 0,23,1562264,138.38 114.04 99
3403,1475,6 3 5,23.5,1562161,138.58 109.44 103
3404,1498,12 0 4,23.5,1562136,142.47 107.5 102
3405,1494,12 0 3,23.5,1562136,142.47 107.5 102
3406,1488,12 7 2,23,1562120,140.94 110.83 100
3407,1473,7 1 12,23,1562091,137.74 106.99 106
3408,1469,7 1 11,23,1562091,137.74 106.99 106
3409,1474,15 13 11,21.5,1562090,138.13 110.87 102
3410,1470,15 13 10,21.5,1562090,138.13 110.87 102
3411,1479,3 0 0,24.5,1562002,139.52 109.76 102
3412,1476,14 8 10,22,1561976,139.1 109.02 103
3413,1485,14 11 2,22.5,1561921,140.67 112.16 99
3414,1471,7 11 2,23,1561914,137.74 113.4 100
3415,1492,15 12 1,22.5,1561883,141.3 112.79 98
3416,1487,15 12 0,22.5,1561883,141.3 112.79 98
3417,1477,11 0 15,22.5,1561829,138.77 105.19 107
3418,1472,11 0 14,22.5,1561829,138.77 105.19 107
3419,1474,4 1 3,24,1561792,138.74 109.29 103
3420,1470,11 7 14,22,1561761,137.22 108.4 105
3421,1478,9 1 10,23,1561748,139.02 106.99 105
3422,1473,9 1 9,23,1561748,139.02 106.99 105
3423,1479,12 4 10,22.5,1561718,139.4 107.72 104
3424,1484,13 10 4,22.5,1561718,140.04 111.52 100
3425,1479,13 10 3,22.5,1561718,140.04 111.52 100
3426,1478,14 15 4,22,1561715,139.1 113.41 99
3427,1476,13 14 6,22,1561708,138.47 112.78 100
3428,1472,13 14 5,22,1561708,138.47 112.78 100
3429,1490,15 5 7,22.5,1561704,141.3 108.35 102
3430,1485,15 5 6,22.5,1561704,141.3 108.35 102
3431,1468,14 12 12,21.5,1561558,137.51 110.25 103
3432,1473,6 8 0,23.5,1561533,138.58 112.68 100
3433,1471,9 8 9,22.5,1561506,137.5 110.25 103
3434,1486,11 6 4,23,1561491,140.3 110.19 101
3435,1481,11 6 3,23,1561491,140.3 110.19 101
3436,1475,8 5 7,23,1561466,138.38 109.55 103
3437,1470,8 5 6,23,1561466,138.38 109.55 103
3438,1470,12 13 7,22,1561465,137.84 112.16 101
3439,1484,8 3 4,23.5,1561452,139.88 109.44 102
3440,1480,8 3 3,23.5,1561452,139.88 109.44 102
3441,1493,14 2 5,23,1561378,142.22 107.63 102
3442,1481,13 0 13,22.5,1561363,140.04 105.19 106
3443,1469,6 10 4,23,1561325,137.1 112.75 101
3444,1490,11 4 0,23.5,1561281,141.82 110.09 100
3445,1477,14 3 15,22,1561279,139.1 105.89 106
3446,1478,12 9 5,22.5,1561276,139.4 110.89 101
3447,1468,9 15 2,22.5,1561245,137.5 114.69 99
3448,1484,6 1 2,24,1561220,140.05 109.29 102
3449,1479,6 1 1,24,1561220,140.05 109.29 102
3450,1483,11 1 8,23,1561131,140.3 106.99 104
3451,1474,13 7 12,22,1561014,138.47 108.4 104
3452,1470,13 7 11,22,1561014,138.47 108.4 104
3453,1468,11 12 9,22,1560987,137.22 111.53 102
3454,1498,14 0 1,23.5,1560883,143.76 107.5 101
3455,1488,14 4 9,22.5,1560762,140.67 107.72 103
3456,1483,14 4 8,22.5,1560762,140.67 107.72 103
3457,1472,5 7 2,23.5,1560756,137.93 112.03 101
3458,1471,3 5 0,24,1560751,138.09 111.91 101
3459,1479,9 11 1,23,1560679,139.02 113.4 99
3460,1475,9 11 0,23,1560679,139.02 113.4 99
3461,1473,5 2 7,23.5,1560667,137.93 108.79 104
3462,1490,15 0 12,22.5,1560630,141.3 105.19 105
3463,1486,15 0 11,22.5,1560630,141.3 105.19 105
3464,1479,10 5 5,23,1560624,139.66 109.55 102
3465,1476,11 8 7,22.5,1560598,138.77 110.25 102
3466,1471,11 8 6,22.5,1560598,138.77 110.25 102
3467,1496,14 7 1,23,1560558,142.22 110.83 99
3468,1492,14 7 0,23,1560558,142.22 110.83 99
3469,1489,10 3 2,23.5,1560460,141.17 109.44 101
3470,1484,10 3 1,23.5,1560460,141.17 109.44 101
3471,1488,8 1 0,24,1560362,141.36 109.29 101
3472,1477,11 3 12,22.5,1560334,138.77 107.09 105
3473,1472,11 3 11,22.5,1560334,138.77 107.09 105
3474,1473,8 10 2,23,1560314,138.38 112.75 100
3475,1491,13 1 7,23,1560240,141.58 106.99 103
3476,1487,13 1 6,23,1560240,141.58 106.99 103
3477,1478,7 2 5,23.5,1560174,139.23 108.79 103
3478,1490,13 6 2,23,1560150,141.58 110.19 100
3479,1472,3 0 5,24,1560119,138.09 108.64 104
3480,1488,15 10 2,22.5,1560092,141.3 111.52 99
3481,1481,15 14 4,22,1560083,139.72 112.78 99
3482,1479,14 13 6,22,1560059,139.1 112.16 100
3483,1474,14 13 5,22,1560059,139.1 112.16 100
3484,1479,15 7 10,22,1559995,139.72 108.4 103
3485,1476,8 0 12,23,1559959,138.38 106.35 106
3486,1471,8 0 11,23,1559959,138.38 106.35 106
3487,1486,14 9 4,22.5,1559871,140.67 110.89 100
3488,1482,14 9 3,22.5,1559871,140.67 110.89 100
3489,1472,12 6 14,22,1559824,137.84 107.77 105
3490,1468,12 6 13,22,1559824,137.84 107.77 105
3491,1476,7 7 0,23.5,1559813,139.23 112.03 100
3492,1473,13 12 7,22,1559799,138.47 111.53 101
3493,1470,15 11 12,21.5,1559780,138.13 109.63 103
3494,1471,10 14 2,22.5,1559774,138.14 114.06 99
3495,1477,5 0 3,24,1559763,139.39 108.64 103
3496,1470,4 6 4,23.5,1559741,137.29 111.38 102
3497,1477,11 15 1,22.5,1559719,138.77 114.69 98
3498,1472,11 15 0,22.5,1559719,138.77 114.69 98
3499,1471,7 9 4,23,1559708,137.74 112.11 101
3500,1474,10 7 9,22.5,1559687,138.14 109.62 103
3501,1469,10 7 8,22.5,1559687,138.14 109.62 103
3502,1469,9 13 4,22.5,1559590,137.5 113.42 100
3503,1481,13 3 10,22.5,1559588,140.04 107.09 104
3504,1480,10 0 10,23,1559550,139.66 106.35 105
3505,1476,10 0 9,23,1559550,139.66 106.35 105
3506,1478,9 4 7,23,1559522,139.02 108.91 103
3507,1473,9 4 6,23,1559522,139.02 108.91 103
3508,1488,12 5 4,23,1559501,140.94 109.55 101
3509,1484,12 5 3,23,1559501,140.94 109.55 101
3510,1480,13 8 5,22.5,1559411,140.04 110.25 101
3511,1487,9 2 4,23.5,1559399,140.53 108.79 102
3512,1482,9 2 3,23.5,1559399,140.53 108.79 102
3513,1471,12 11 9,22,1559305,137.84 110.9 102
3514,1493,12 3 0,23.5,1559184,142.47 109.44 100
3515,1486,7 0 2,24,1559123,140.7 108.64 102
3516,1481,7 0 1,24,1559123,140.7 108.64 102
3517,1496,15 1 5,23,1559075,142.87 106.99 102
3518,1479,15 2 15,22,1559032,139.72 105.26 106
3519,1474,6 6 2,23.5,1559020,138.58 111.38 101
3520,1470,6 6 1,23.5,1559020,138.58 111.38 101
3521,1482,10 10 1,23,1559014,139.66 112.75 99
3522,1477,10 10 0,23,1559014,139.66 112.75 99
3523,1477,14 6 12,22,1559013,139.1 107.77 104
3524,1472,14 6 11,22,1559013,139.1 107.77 104
3525,1468,14 10 14,21.5,1559003,137.51 109.02 104
3526,1473,4 4 0,24,1558978,138.74 111.25 101
3527,1485,12 0 8,23,1558869,140.94 106.35 104
3528,1470,10 2 13,22.5,1558724,138.14 106.45 106
3529,1478,12 7 7,22.5,1558714,139.4 109.62 102
3530,1474,12 7 6,22.5,1558714,139.4 109.62 102
3531,1476,6 1 7,23.5,1558661,138.58 108.15 104
3532,1471,6 1 6,23.5,1558661,138.58 108.15 104
3533,1476,9 9 2,23,1558631,139.02 112.11 100
3534,1482,11 4 5,23,1558615,140.3 108.91 102
3535,1490,15 3 9,22.5,1558570,141.3 107.09 103
3536,1486,15 3 8,22.5,1558570,141.3 107.09 103
3537,1499,15 6 1,23,1558526,142.87 110.19 99
3538,1494,15 6 0,23,1558526,142.87 110.19 99
3539,1491,11 2 2,23.5,1558342,141.82 108.79 101
3540,1486,11 2 1,23.5,1558342,141.82 108.79 101
3541,1482,15 12 6,22,1558332,139.72 111.53 100
3542,1477,15 12 5,22,1558332,139.72 111.53 100
3543,1474,11 13 2,22.5,1558224,138.77 113.42 99
3544,1490,9 0 0,24,1558199,142.01 108.64 101
3545,1471,8 3 8,23,1558186,138.38 108.27 104
3546,1479,12 2 12,22.5,1558184,139.4 106.45 105
3547,1475,12 2 11,22.5,1558184,139.4 106.45 105
3548,1480,12 14 1,22.5,1558184,139.4 114.06 98
3549,1475,12 14 0,22.5,1558184,139.4 114.06 98
3550,1480,8 1 5,23.5,1558100,139.88 108.15 103
3551,1492,14 5 2,23,1558097,142.22 109.55 100
3552,1475,14 11 7,22,1558055,139.1 110.9 101
3553,1472,10 12 4,22.5,1558024,138.14 112.79 100
3554,1479,8 6 0,23.5,1558010,139.88 111.38 100
3555,1474,8 8 4,23,1558009,138.38 111.47 101
3556,1469,8 8 3,23,1558009,138.38 111.47 101
3557,1472,5 5 4,23.5,1557987,137.93 110.74 102
3558,1489,15 8 4,22.5,1557943,141.3 110.25 100
3559,1484,15 8 3,22.5,1557943,141.3 110.25 100
3560,1494,14 0 7,23,1557915,142.22 106.35 103
3561,1489,14 0 6,23,1557915,142.22 106.35 103
3562,1474,13 5 14,22,1557804,138.47 107.14 105
3563,1470,13 5 13,22,1557804,138.47 107.14 105
3564,1476,11 6 9,22.5,1557784,138.77 108.99 103
3565,1472,11 6 8,22.5,1557784,138.77 108.99 103
3566,1472,3 3 2,24,1557769,138.09 110.6 102
3567,1474,13 10 9,22,1557543,138.47 110.28 102
3568,1469,13 10 8,22,1557543,138.47 110.28 102
3569,1480,10 3 7,23,1557492,139.66 108.27 103
3570,1475,10 3 6,23,1557492,139.66 108.27 103
3571,1482,14 7 5,22.5,1557464,140.67 109.62 101
3572,1491,13 4 4,23,1557428,141.58 108.91 101
3573,1486,13 4 3,23,1557428,141.58 108.91 101
3574,1484,14 2 10,22.5,1557375,140.67 106.45 104
3575,1485,11 9 1,23,1557266,140.3 112.11 99
3576,1480,11 9 0,23,1557266,140.3 112.11 99
3577,1489,10 1 4,23.5,1557260,141.17 108.15 102
3578,1485,10 1 3,23.5,1557260,141.17 108.15 102
3579,1477,7 5 2,23.5,1557198,139.23 110.74 101
3580,1472,7 5 1,23.5,1557198,139.23 110.74 101
3581,1471,15 9 14,21.5,1557128,138.13 108.4 104
3582,1466,15 9 13,21.5,1557128,138.13 108.4 104
3583,1476,5 3 0,24,1557118,139.39 110.6 101
3584,1467,14 15 9,21.5,1557044,137.51 112.11 101
3585,1495,13 2 0,23.5,1557003,143.12 108.79 100
3586,1479,15 5 12,22,1556931,139.72 107.14 104
3587,1475,15 5 11,22,1556931,139.72 107.14 104
3588,1478,10 8 2,23,1556866,139.66 111.47 100
3589,1467,12 9 10,22,1556801,137.84 109.65 103
3590,1481,13 6 7,22.5,1556749,140.04 108.99 102
3591,1476,13 6 6,22.5,1556749,140.04 108.99 102
3592,1470,10 5 10,22.5,1556623,138.14 108.35 104
3593,1469,7 2 10,23,1556620,137.74 107.63 105
3594,1476,12 12 2,22.5,1556594,139.4 112.79 99
3595,1482,13 13 1,22.5,1556571,140.04 113.42 98
3596,1478,13 13 0,22.5,1556571,140.04 113.42 98
3597,1478,7 0 7,23.5,1556567,139.23 107.5 104
3598,1473,7 0 6,23.5,1556567,139.23 107.5 104
3599,1472,11 1 13,22.5,1556553,138.77 105.82 106
3600,1484,12 3 5,23,1556521,140.94 108.27 102
3601,1475,11 11 4,22.5,1556378,138.77 112.16 100
3602,1470,11 11 3,22.5,1556378,138.77 112.16 100
3603,1468,12 4 15,22,1556369,137.84 106.52 106
3604,1478,15 10 7,22,1556231,139.72 110.28 101
3605,1477,9 7 4,23,1556226,139.02 110.83 101
3606,1472,9 7 3,23,1556226,139.02 110.83 101
3607,1467,11 15 6,22,1556172,137.22 113.41 100
3608,1475,6 4 4,23.5,1556148,138.58 110.09 102
3609,1470,6 4 3,23.5,1556148,138.58 110.09 102
3610,1493,12 1 2,23.5,1556140,142.47 108.15 101
3611,1489,12 1 1,23.5,1556140,142.47 108.15 101
3612,1473,9 2 8,23,1556137,139.02 107.63 104
3613,1481,9 5 0,23.5,1556123,140.53 110.74 100
3614,1495,15 4 2,23,1555963,142.87 108.91 100
3615,1481,13 1 12,22.5,1555950,140.04 105.82 105
3616,1477,13 1 11,22.5,1555950,140.04 105.82 105
3617,1483,9 0 5,23.5,1555941,140.53 107.5 103
3618,1468,10 10 5,22.5,1555923,138.14 111.52 101
3619,1474,4 2 2,24,1555891,138.74 109.95 102
3620,1479,12 5 9,22.5,1555799,139.4 108.35 103
3621,1474,12 5 8,22.5,1555799,139.4 108.35 103
3622,1477,14 4 14,22,1555701,139.1 106.52 105
3623,1472,14 4 13,22,1555701,139.1 106.52 105
3624,1476,14 9 9,22,1555701,139.1 109.65 102
3625,1471,14 9 8,22,1555701,139.1 109.65 102
3626,1487,12 8 1,23,1555438,140.94 111.47 99
3627,1482,12 8 0,23,1555438,140.94 111.47 99
3628,1485,15 6 5,22.5,1555436,141.3 108.99 101
3629,1469,15 14 9,21.5,1555417,138.13 111.49 101
3630,1482,11 2 7,23,1555379,140.3 107.63 103
3631,1478,11 2 6,23,1555379,140.3 107.63 103
3632,1470,8 6 5,23,1555349,138.38 110.19 102
3633,1479,8 4 2,23.5,1555292,139.88 110.09 101
3634,1475,8 4 1,23.5,1555292,139.88 110.09 101
3635,1493,14 3 4,23,1555273,142.22 108.27 101
3636,1488,14 3 3,23,1555273,142.22 108.27 101
3637,1478,6 2 0,24,1555171,140.05 109.95 101
3638,1468,14 13 11,21.5,1555085,137.51 110.87 102
3639,1486,15 1 10,22.5,1555078,141.3 105.82 104
3640,1492,11 0 4,23.5,1555036,141.82 107.5 102
3641,1487,11 0 3,23.5,1555036,141.82 107.5 102
3642,1470,7 12 1,23,1555031,137.74 114.04 99
3643,1481,11 7 2,23,1555019,140.3 110.83 100
3644,1470,13 8 10,22,1554941,138.47 109.02 103
3645,1479,13 11 2,22.5,1554885,140.04 112.16 99
3646,1485,14 12 1,22.5,1554879,140.67 112.79 98
3647,1480,14 12 0,22.5,1554879,140.67 112.79 98
3648,1497,14 1 0,23.5,1554739,143.76 108.15 100
3649,1483,14 5 7,22.5,1554701,140.67 108.35 102
3650,1478,14 5 6,22.5,1554701,140.67 108.35 102
3651,1470,10 0 15,22.5,1554698,138.14 105.19 107
3652,1471,13 15 4,22,1554680,138.47 113.41 99
3653,1477,12 10 4,22.5,1554651,139.4 111.52 100
3654,1473,12 10 3,22.5,1554651,139.4 111.52 100
3655,1470,12 14 6,22,1554641,137.84 112.78 100
3656,1472,11 4 10,22.5,1554619,138.77 107.72 104
3657,1472,2 0 0,24.5,1554599,138.86 109.76 102
3658,1471,8 1 10,23,1554551,138.38 106.99 105
3659,1479,10 6 4,23,1554361,139.66 110.19 101
3660,1475,10 6 3,23,1554361,139.66 110.19 101
3661,1487,13 2 5,23,1554344,141.58 107.63 102
3662,1475,12 0 13,22.5,1554298,139.4 105.19 106
3663,1470,13 3 15,22,1554246,138.47 105.89 106
3664,1477,7 3 4,23.5,1554223,139.23 109.44 102
3665,1473,7 3 3,23.5,1554223,139.23 109.44 102
3666,1471,11 9 5,22.5,1554179,138.77 110.89 101
3667,1484,10 4 0,23.5,1554152,141.17 110.09 100
3668,1467,15 7 15,21.5,1554133,138.13 107.16 105
3669,1476,10 1 8,23,1554003,139.66 106.99 104
3670,1468,12 7 12,22,1553950,137.84 108.4 104
3671,1477,5 1 2,24,1553925,139.39 109.29 102
3672,1472,5 1 1,24,1553925,139.39 109.29 102
3673,1496,13 0 2,23.5,1553852,143.12 107.5 101
3674,1491,13 0 1,23.5,1553852,143.12 107.5 101
3675,1478,15 8 9,22,1553779,139.72 109.02 102
3676,1474,15 8 8,22,1553779,139.72 109.02 102
3677,1481,13 4 9,22.5,1553732,140.04 107.72 103
3678,1477,13 4 8,22.5,1553732,140.04 107.72 103
3679,1484,14 0 12,22.5,1553631,140.67 105.19 105
3680,1479,14 0 11,22.5,1553631,140.67 105.19 105
3681,1490,13 7 1,23,1553528,141.58 110.83 99
3682,1485,13 7 0,23,1553528,141.58 110.83 99
3683,1479,15 3 14,22,1553517,139.72 105.89 105
3684,1475,15 3 13,22,1553517,139.72 105.89 105
3685,1473,8 11 1,23,1553487,138.38 113.4 99
3686,1469,10 8 7,22.5,1553472,138.14 110.25 102
3687,1473,9 5 5,23,1553465,139.02 109.55 102
3688,1470,15 12 11,21.5,1553363,138.13 110.25 102
3689,1482,9 3 2,23.5,1553302,140.53 109.44 101
3690,1477,9 3 1,23.5,1553302,140.53 109.44 101
3691,1470,10 3 12,22.5,1553210,138.14 107.09 105
3692,1485,12 1 7,23,1553180,140.94 106.99 103
3693,1480,12 1 6,23,1553180,140.94 106.99 103
3694,1481,7 1 0,24,1553138,140.7 109.29 101
3695,1487,15 11 1,22.5,1553108,141.3 112.16 98
3696,1483,15 11 0,22.5,1553108,141.3 112.16 98
3697,1481,14 10 2,22.5,1553096,140.67 111.52 99
3698,1483,12 6 2,23,1553090,140.94 110.19 100
3699,1474,14 14 4,22,1553087,139.1 112.78 99
3700,1495,15 2 4,23,1553034,142.87 107.63 101
3701,1491,15 2 3,23,1553034,142.87 107.63 101
3702,1472,13 13 6,22,1553032,138.47 112.16 100
3703,1468,13 13 5,22,1553032,138.47 112.16 100
3704,1472,14 7 10,22,1553000,139.1 108.4 103
3705,1471,6 2 5,23.5,1552917,138.58 108.79 103
3706,1480,15 15 3,22,1552904,139.72 113.41 98
3707,1475,15 15 2,22,1552904,139.72 113.41 98
3708,1480,13 9 4,22.5,1552844,140.04 110.89 100
3709,1475,13 9 3,22.5,1552844,140.04 110.89 100
3710,1469,7 0 12,23,1552737,137.74 106.35 106
3711,1470,10 15 1,22.5,1552597,138.14 114.69 98
3712,1485,15 4 7,22.5,1552571,141.3 107.72 102
3713,1481,15 4 6,22.5,1552571,141.3 107.72 102
3714,1475,12 3 10,22.5,1552531,139.4 107.09 104
3715,1470,4 0 3,24,1552440,138.74 108.64 103
3716,1482,11 5 4,23,1552412,140.3 109.55 101
3717,1477,11 5 3,23,1552412,140.3 109.55 101
3718,1474,9 0 10,23,1552396,139.02 106.35 105
3719,1469,9 0 9,23,1552396,139.02 106.35 105
3720,1500,15 0 0,23.5,1552390,144.41 107.5 100
3721,1473,12 8 5,22.5,1552354,139.4 110.25 101
3722,1471,8 4 7,23,1552335,138.38 108.91 103
3723,1480,8 2 4,23.5,1552213,139.88 108.79 102
3724,1475,8 2 3,23.5,1552213,139.88 108.79 102
3725,1486,11 3 0,23.5,1552097,141.82 109.44 100
3726,1489,14 1 5,23,1552084,142.22 106.99 102
3727,1472,14 2 15,22,1552041,139.1 105.26 106
3728,1470,13 6 12,22,1551991,138.47 107.77 104
3729,1479,6 0 2,24,1551872,140.05 108.64 102
3730,1474,6 0 1,24,1551872,140.05 108.64 102
3731,1475,9 10 1,23,1551862,139.02 112.75 99
3732,1471,9 10 0,23,1551862,139.02 112.75 99
3733,1478,11 0 8,23,1551783,140.3 106.35 104
3734,1472,11 7 7,22.5,1551629,138.77 109.62 102
3735,1483,14 3 9,22.5,1551581,140.67 107.09 103
3736,1479,14 3 8,22.5,1551581,140.67 107.09 103
3737,1492,14 6 1,23,1551537,142.22 110.19 99
3738,1487,14 6 0,23,1551537,142.22 110.19 99
3739,1475,10 4 5,23,1551498,139.66 108.91 102
3740,1469,8 9 2,23,1551448,138.38 112.11 100
3741,1476,15 13 4,22,1551415,139.72 112.16 99
3742,1475,14 12 6,22,1551344,139.1 111.53 100
3743,1470,14 12 5,22,1551344,139.1 111.53 100
3744,1484,15 9 2,22.5,1551228,141.3 110.89 99
3745,1484,10 2 2,23.5,1551226,141.17 108.79 101
3746,1479,10 2 1,23.5,1551226,141.17 108.79 101
3747,1472,11 2 12,22.5,1551102,138.77 106.45 105
3748,1468,11 2 11,22.5,1551102,138.77 106.45 105
3749,1473,11 14 1,22.5,1551102,138.77 114.06 98
3750,1468,11 14 0,22.5,1551102,138.77 114.06 98
3751,1486,13 5 2,23,1551079,141.58 109.55 100
3752,1469,13 11 7,22,1551036,138.47 110.9 101
3753,1483,8 0 0,24,1551018,141.36 108.64 101
3754,1474,15 6 10,22,1550978,139.72 107.77 103
3755,1482,14 8 4,22.5,1550957,140.67 110.25 100
3756,1477,14 8 3,22.5,1550957,140.67 110.25 100
3757,1487,13 0 7,23,1550898,141.58 106.35 103
3758,1482,13 0 6,23,1550898,141.58 106.35 103
3759,1473,7 1 5,23.5,1550887,139.23 108.15 103
3760,1472,7 6 0,23.5,1550797,139.23 111.38 100
3761,1468,12 5 14,22,1550755,137.84 107.14 105
3762,1470,10 6 9,22.5,1550671,138.14 108.99 103
3763,1476,13 7 5,22.5,1550448,140.04 109.62 101
3764,1484,12 4 4,23,1550381,140.94 108.91 101
3765,1479,12 4 3,23,1550381,140.94 108.91 101
3766,1477,13 2 10,22.5,1550360,140.04 106.45 104
3767,1473,9 3 7,23,1550348,139.02 108.27 103
3768,1469,9 3 6,23,1550348,139.02 108.27 103
3769,1478,10 9 1,23,1550155,139.66 112.11 99
3770,1473,10 9 0,23,1550155,139.66 112.11 99
3771,1482,9 1 4,23.5,1550117,140.53 108.15 102
3772,1478,9 1 3,23.5,1550117,140.53 108.15 102
3773,1488,12 2 0,23.5,1549958,142.47 108.79 100
3774,1470,6 5 2,23.5,1549956,138.58 110.74 101
3775,1472,14 5 12,22,1549949,139.1 107.14 104
3776,1468,14 5 11,22,1549949,139.1 107.14 104
3777,1475,15 1 15,22,1549752,139.72 104.64 106
3778,1491,15 0 5,23,1549739,142.87 106.35 102
3779,1472,9 8 2,23,1549725,139.02 111.47 100
3780,1474,12 6 7,22.5,1549704,139.4 108.99 102
3781,1469,12 6 6,22.5,1549704,139.4 108.99 102
3782,1477,15 11 6,22,1549577,139.72 110.9 100
3783,1473,15 11 5,22,1549577,139.72 110.9 100
3784,1476,12 13 1,22.5,1549528,139.4 113.42 98
3785,1471,12 13 0,22.5,1549528,139.4 113.42 98
3786,1469,11 12 2,22.5,1549519,138.77 112.79 99
3787,1494,15 5 1,23,1549465,142.87 109.55 99
3788,1490,15 5 0,23,1549465,142.87 109.55 99
3789,1478,11 3 5,23,1549446,140.3 108.27 102
3790,1486,15 2 9,22.5,1549348,141.3 106.45 103
3791,1481,15 2 8,22.5,1549348,141.3 106.45 103
3792,1471,6 0 7,23.5,1549327,138.58 107.5 104
3793,1468,10 11 4,22.5,1549271,138.14 112.16 100
3794,1471,14 10 7,22,1549252,139.1 110.28 101
3795,1487,11 1 2,23.5,1549066,141.82 108.15 101
3796,1482,11 1 1,23.5,1549066,141.82 108.15 101
3797,1470,8 7 4,23,1549055,138.38 110.83 101
3798,1484,15 7 4,22.5,1548990,141.3 109.62 100
3799,1480,15 7 3,22.5,1548990,141.3 109.62 100
3800,1488,14 4 2,23,1548986,142.22 108.91 100
3801,1474,8 5 0,23.5,1548952,139.88 110.74 100
3802,1475,12 1 12,22.5,1548909,139.4 105.82 105
3803,1470,12 1 11,22.5,1548909,139.4 105.82 105
3804,1476,8 0 5,23.5,1548771,139.88 107.5 103
3805,1472,11 5 9,22.5,1548728,138.77 108.35 103
3806,1470,13 4 14,22,1548694,138.47 106.52 105
3807,1469,13 9 9,22,1548694,138.47 109.65 102
3808,1469,15 15 8,21.5,1548572,138.13 112.11 100
3809,1478,14 6 5,22.5,1548461,140.67 108.99 101
3810,1480,11 8 1,23,1548368,140.3 111.47 99
3811,1476,11 8 0,23,1548368,140.3 111.47 99
3812,1476,10 2 7,23,1548276,139.66 107.63 103
3813,1471,10 2 6,23,1548276,139.66 107.63 103
3814,1486,13 3 4,23,1548267,141.58 108.27 101
3815,1482,13 3 3,23,1548267,141.58 108.27 101
3816,1467,15 8 14,21.5,1548230,138.13 107.78 104
3817,1479,14 1 10,22.5,1548105,140.67 105.82 104
3818,1472,7 4 2,23.5,1548092,139.23 110.09 101
3819,1485,10 0 4,23.5,1547935,141.17 107.5 102
3820,1480,10 0 3,23.5,1547935,141.17 107.5 102
3821,1474,10 7 2,23,1547919,139.66 110.83 100
3822,1472,5 2 0,24,1547904,139.39 109.95 101
3823,1478,13 12 1,22.5,1547875,140.04 112.79 98
3824,1473,13 12 0,22.5,1547875,140.04 112.79 98
3825,1472,12 11 2,22.5,1547849,139.4 112.16 99
3826,1475,15 4 12,22,1547826,139.72 106.52 104
3827,1470,15 4 11,22,1547826,139.72 106.52 104
3828,1491,13 1 0,23.5,1547736,143.12 108.15 100
3829,1476,13 5 7,22.5,1547698,140.04 108.35 102
3830,1472,13 5 6,22.5,1547698,140.04 108.35 102
3831,1470,11 10 4,22.5,1547584,138.77 111.52 100
3832,1474,15 9 7,22,1547388,139.72 109.65 101
3833,1480,12 2 5,23,1547311,140.94 107.63 102
3834,1468,11 0 13,22.5,1547233,138.77 105.19 106
3835,1472,9 6 4,23,1547231,139.02 110.19 101
3836,1477,9 4 0,23.5,1547023,140.53 110.09 100
3837,1471,6 3 4,23.5,1546994,138.58 109.44 102
3838,1469,9 1 8,23,1546874,139.02 106.99 104
3839,1489,12 0 2,23.5,1546821,142.47 107.5 101
3840,1484,12 0 1,23.5,1546821,142.47 107.5 101
3841,1472,14 8 9,22,1546812,139.1 109.02 102
3842,1467,14 8 8,22,1546812,139.1 109.02 102
3843,1490,15 3 2,23,1546810,142.87 108.27 100
3844,1474,12 4 9,22.5,1546701,139.4 107.72 103
3845,1470,12 4 8,22.5,1546701,139.4 107.72 103
3846,1477,13 0 12,22.5,1546633,140.04 105.19 105
3847,1472,13 0 11,22.5,1546633,140.04 105.19 105
3848,1472,14 3 14,22,1546550,139.1 105.89 105
3849,1468,14 3 13,22,1546550,139.1 105.89 105
3850,1483,12 7 1,23,1546498,140.94 110.83 99
3851,1478,12 7 0,23,1546498,140.94 110.83 99
3852,1481,15 5 5,22.5,1546393,141.3 108.35 101
3853,1475,8 3 2,23.5,1546144,139.88 109.44 101
3854,1470,8 3 1,23.5,1546144,139.88 109.44 101
3855,1481,14 11 1,22.5,1546144,140.67 112.16 98
3856,1476,14 11 0,22.5,1546144,140.67 112.16 98
3857,1478,11 1 7,23,1546120,140.3 106.99 103
3858,1473,11 1 6,23,1546120,140.3 106.99 103
3859,1475,13 10 2,22.5,1546100,140.04 111.52 99
3860,1467,13 14 4,22,1546091,138.47 112.78 99
3861,1489,14 2 4,23,1546070,142.22 107.63 101
3862,1484,14 2 3,23,1546070,142.22 107.63 101
3863,1477,11 6 2,23,1546031,140.3 110.19 100
3864,1473,14 15 3,22,1545940,139.1 113.41 98
3865,1469,14 15 2,22,1545940,139.1 113.41 98
3866,1474,6 1 0,24,1545914,140.05 109.29 101
3867,1473,12 9 4,22.5,1545818,139.4 110.89 100
3868,1468,12 9 3,22.5,1545818,139.4 110.89 100
3869,1481,15 0 10,22.5,1545766,141.3 105.19 104
3870,1479,14 4 7,22.5,1545609,140.67 107.72 102
3871,1474,14 4 6,22.5,1545609,140.67 107.72 102
3872,1493,14 0 0,23.5,1545429,143.76 107.5 100
3873,1475,10 5 4,23,1545324,139.66 109.55 101
3874,1470,10 5 3,23,1545324,139.66 109.55 101
3875,1482,13 1 5,23,1545092,141.58 106.99 102
3876,1473,7 2 4,23.5,1545026,139.23 108.79 102
3877,1479,10 3 0,23.5,1545010,141.17 109.44 100
3878,1474,15 7 9,22,1544849,139.72 108.4 102
3879,1470,15 7 8,22,1544849,139.72 108.4 102
3880,1471,10 0 8,23,1544697,139.66 106.35 104
3881,1472,5 0 2,24,1544620,139.39 108.64 102
3882,1477,13 3 9,22.5,1544592,140.04 107.09 103
3883,1472,13 3 8,22.5,1544592,140.04 107.09 103
3884,1485,13 6 1,23,1544548,141.58 110.19 99
3885,1481,13 6 0,23,1544548,141.58 110.19 99
3886,1470,14 13 4,22,1544458,139.1 112.16 99
3887,1468,13 12 6,22,1544356,138.47 111.53 100
3888,1483,15 10 1,22.5,1544334,141.3 111.52 98
3889,1478,15 10 0,22.5,1544334,141.3 111.52 98
3890,1475,15 2 14,22,1544324,139.72 105.26 105
3891,1470,15 2 13,22,1544324,139.72 105.26 105
3892,1476,15 14 3,22,1544324,139.72 112.78 98
3893,1471,15 14 2,22,1544324,139.72 112.78 98
3894,1477,14 9 2,22.5,1544272,140.67 110.89 99
3895,1477,9 2 2,23.5,1544111,140.53 108.79 101
3896,1473,9 2 1,23.5,1544111,140.53 108.79 101
3897,1479,12 5 2,23,1544060,140.94 109.55 100
3898,1468,14 6 10,22,1544023,139.1 107.77 103
3899,1475,13 8 4,22.5,1543971,140.04 110.25 100
3900,1471,13 8 3,22.5,1543971,140.04 110.25 100
3901,1480,12 0 7,23,1543880,140.94 106.35 103
3902,1476,12 0 6,23,1543880,140.94 106.35 103
3903,1477,7 0 0,24,1543838,140.7 108.64 101
3904,1491,15 1 4,23,1543790,142.87 106.99 101
3905,1486,15 1 3,23,1543790,142.87 106.99 101
3906,1481,15 3 7,22.5,1543438,141.3 107.09 102
3907,1476,15 3 6,22.5,1543438,141.3 107.09 102
3908,1469,12 7 5,22.5,1543433,139.4 109.62 101
3909,1470,12 2 10,22.5,1543344,139.4 106.45 104
3910,1477,11 4 4,23,1543334,140.3 108.91 101
3911,1473,11 4 3,23,1543334,140.3 108.91 101
3912,1471,9 9 1,23,1543045,139.02 112.11 99
3913,1476,8 1 4,23.5,1542973,139.88 108.15 102
3914,1471,8 1 3,23.5,1542973,139.88 108.15 102
3915,1482,11 2 0,23.5,1542913,141.82 108.79 100
3916,1468,14 1 15,22,1542803,139.1 104.64 106
3917,1484,14 0 5,23,1542790,142.22 106.35 102
3918,1472,15 12 4,22,1542748,139.72 111.53 99
3919,1471,14 11 6,22,1542628,139.1 110.9 100
3920,1488,14 5 1,23,1542516,142.22 109.55 99
3921,1483,14 5 0,23,1542516,142.22 109.55 99
3922,1469,11 13 1,22.5,1542484,138.77 113.42 98
3923,1479,14 2 9,22.5,1542400,140.67 106.45 103
3924,1475,14 2 8,22.5,1542400,140.67 106.45 103
3925,1471,10 3 5,23,1542371,139.66 108.27 102
3926,1479,15 8 2,22.5,1542364,141.3 110.25 99
3927,1478,14 7 4,22.5,1542044,140.67 109.62 100
3928,1473,14 7 3,22.5,1542044,140.67 109.62 100
3929,1481,13 4 2,23,1542008,141.58 108.91 100
3930,1480,10 1 2,23.5,1541993,141.17 108.15 101
3931,1475,10 1 1,23.5,1541993,141.17 108.15 101
3932,1470,15 5 10,22,1541960,139.72 107.14 103
3933,1468,11 1 12,22.5,1541869,138.77 105.82 105
3934,1472,13 6 5,22.5,1541486,140.04 108.99 101
3935,1474,10 8 1,23,1541297,139.66 111.47 99
3936,1469,10 8 0,23,1541297,139.66 111.47 99
3937,1480,12 3 4,23,1541261,140.94 108.27 101
3938,1475,12 3 3,23,1541261,140.94 108.27 101
3939,1469,9 2 7,23,1541174,139.02 107.63 103
3940,1472,13 1 10,22.5,1541131,140.04 105.82 104
3941,1468,14 4 12,22,1540885,139.1 106.52 104
3942,1471,12 12 1,22.5,1540871,139.4 112.79 98
3943,1478,9 0 4,23.5,1540835,140.53 107.5 102
3944,1473,9 0 3,23.5,1540835,140.53 107.5 102
3945,1473,15 10 6,22,1540822,139.72 110.28 100
3946,1469,15 10 5,22,1540822,139.72 110.28 100
3947,1484,12 1 0,23.5,1540732,142.47 108.15 100
3948,1470,12 5 7,22.5,1540694,139.4 108.35 102
3949,1470,15 0 15,22,1540472,139.72 104.01 106
3950,1490,15 4 1,23,1540404,142.87 108.91 99
3951,1485,15 4 0,23,1540404,142.87 108.91 99
3952,1473,11 2 5,23,1540278,140.3 107.63 102
3953,1481,15 1 9,22.5,1540126,141.3 105.82 103
3954,1477,15 1 8,22.5,1540126,141.3 105.82 103
3955,1480,15 6 4,22.5,1540036,141.3 108.99 100
3956,1476,15 6 3,22.5,1540036,141.3 108.99 100
3957,1470,8 4 0,23.5,1539893,139.88 110.09 100
3958,1484,14 3 2,23,1539874,142.22 108.27 100
3959,1482,11 0 2,23.5,1539790,141.82 107.5 101
3960,1477,11 0 1,23.5,1539790,141.82 107.5 101
3961,1470,12 0 12,22.5,1539634,139.4 105.19 105
3962,1476,11 7 1,23,1539469,140.3 110.83 99
3963,1471,11 7 0,23,1539469,140.3 110.83 99
3964,1474,14 5 5,22.5,1539459,140.67 108.35 101
3965,1474,13 11 1,22.5,1539179,140.04 112.16 98
3966,1469,13 11 0,22.5,1539179,140.04 112.16 98
3967,1482,13 2 4,23,1539106,141.58 107.63 101
3968,1477,13 2 3,23,1539106,141.58 107.63 101
3969,1471,10 1 7,23,1539061,139.66 106.99 103
3970,1470,10 6 2,23,1538971,139.66 110.19 100
3971,1475,14 0 10,22.5,1538835,140.67 105.19 104
3972,1470,15 3 12,22,1538721,139.72 105.89 104
3973,1472,13 4 7,22.5,1538647,140.04 107.72 102
3974,1469,15 8 7,22,1538546,139.72 109.02 101
3975,1486,13 0 0,23.5,1538468,143.12 107.5 100
3976,1476,12 1 5,23,1538101,140.94 106.99 102
3977,1468,14 7 9,22,1537922,139.1 108.4 102
3978,1472,9 3 0,23.5,1537922,140.53 109.44 100
3979,1486,15 2 2,23,1537658,142.87 107.63 100
3980,1470,12 3 9,22.5,1537603,139.4 107.09 103
3981,1479,12 6 1,23,1537559,140.94 110.19 99
3982,1474,12 6 0,23,1537559,140.94 110.19 99
3983,1476,14 10 1,22.5,1537409,140.67 111.52 98
3984,1472,14 10 0,22.5,1537409,140.67 111.52 98
3985,1468,14 2 14,22,1537399,139.1 105.26 105
3986,1469,14 14 3,22,1537399,139.1 112.78 98
3987,1476,15 4 5,22.5,1537350,141.3 107.72 101
3988,1470,13 9 2,22.5,1537316,140.04 110.89 99
3989,1471,15 15 1,22,1537058,139.72 113.41 97
3990,1472,11 5 2,23,1537042,140.3 109.55 100
3991,1471,8 2 2,23.5,1536995,139.88 108.79 101
3992,1469,12 8 4,22.5,1536985,139.4 110.25 100
3993,1484,14 1 4,23,1536867,142.22 106.99 101
3994,1480,14 1 3,23,1536867,142.22 106.99 101
3995,1474,11 0 7,23,1536862,140.3 106.35 103
3996,1469,11 0 6,23,1536862,140.3 106.35 103
3997,1474,14 3 7,22.5,1536517,140.67 107.09 102
3998,1470,14 3 6,22.5,1536517,140.67 107.09 102
3999,1471,10 4 4,23,1536287,139.66 108.91 101
4000,1470,15 6 9,22,1535920,139.72 107.77 102
4001,1475,10 2 0,23.5,1535868,141.17 108.79 100
4002,1478,13 0 5,23,1535840,141.58 106.35 102
4003,1472,15 13 3,22,1535745,139.72 112.16 98
4004,1481,13 5 1,23,1535568,141.58 109.55 99
4005,1476,13 5 0,23,1535568,141.58 109.55 99
4006,1479,15 9 1,22.5,1535559,141.3 110.89 98
4007,1474,15 9 0,22.5,1535559,141.3 110.89 98
4008,1472,13 2 9,22.5,1535452,140.04 106.45 103
4009,1468,13 2 8,22.5,1535452,140.04 106.45 103
4010,1473,14 8 2,22.5,1535448,140.67 110.25 99
4011,1470,15 1 14,22,1535132,139.72 104.64 105
4012,1471,13 7 4,22.5,1535097,140.04 109.62 100
4013,1475,12 4 2,23,1535031,140.94 108.91 100
4014,1473,9 1 2,23.5,1534919,140.53 108.15 101
4015,1486,15 0 4,23,1534546,142.87 106.35 101
4016,1482,15 0 3,23,1534546,142.87 106.35 101
4017,1477,15 2 7,22.5,1534306,141.3 106.45 102
4018,1472,15 2 6,22.5,1534306,141.3 106.45 102
4019,1473,11 3 4,23,1534256,140.3 108.27 101
4020,1468,15 11 4,22,1534081,139.72 110.9 99
4021,1471,8 0 4,23.5,1533734,139.88 107.5 102
4022,1477,11 1 0,23.5,1533729,141.82 108.15 100
4023,1475,15 7 2,22.5,1533500,141.3 109.62 99
4024,1483,14 4 1,23,1533496,142.22 108.91 99
4025,1479,14 4 0,23,1533496,142.22 108.91 99
4026,1475,14 1 9,22.5,1533219,140.67 105.82 103
4027,1470,14 1 8,22.5,1533219,140.67 105.82 103
4028,1474,14 6 4,22.5,1533130,140.67 108.99 100
4029,1469,14 6 3,22.5,1533130,140.67 108.99 100
4030,1477,13 3 2,23,1532938,141.58 108.27 100
4031,1475,10 0 2,23.5,1532759,141.17 107.5 101
4032,1471,10 0 1,23.5,1532759,141.17 107.5 101
4033,1469,10 7 1,23,1532439,139.66 110.83 99
4034,1475,12 2 4,23,1532141,140.94 107.63 101
4035,1471,12 2 3,23,1532141,140.94 107.63 101
4036,1469,15 9 6,22,1532068,139.72 109.65 100
4037,1468,13 0 10,22.5,1531903,140.04 105.19 104
4038,1479,12 0 0,23.5,1531506,142.47 107.5 100
4039,1486,15 3 1,23,1531342,142.87 108.27 99
4040,1481,15 3 0,23,1531342,142.87 108.27 99
4041,1469,11 1 5,23,1531110,140.3 106.99 102
4042,1476,15 5 4,22.5,1531082,141.3 108.35 100
4043,1471,15 5 3,22.5,1531082,141.3 108.35 100
4044,1477,15 0 9,22.5,1530903,141.3 105.19 103
4045,1472,15 0 8,22.5,1530903,141.3 105.19 103
4046,1479,14 2 2,23,1530762,142.22 107.63 100
4047,1472,11 6 1,23,1530570,140.3 110.19 99
4048,1470,13 10 1,22.5,1530483,140.04 111.52 98
4049,1470,14 4 5,22.5,1530456,140.67 107.72 101
4050,1478,13 1 4,23,1529944,141.58 106.99 101
4051,1473,13 1 3,23,1529944,141.58 106.99 101
4052,1471,12 0 5,23,1528891,140.94 106.35 102
4053,1472,14 9 1,22.5,1528673,140.67 110.89 98
4054,1474,12 5 1,23,1528620,140.94 109.55 99
4055,1470,12 5 0,23,1528620,140.94 109.55 99
4056,1482,15 1 2,23,1528505,142.87 106.99 100
4057,1472,15 3 5,22.5,1528307,141.3 107.09 101
4058,1480,14 0 4,23,1527664,142.22 106.35 101
4059,1475,14 0 3,23,1527664,142.22 106.35 101
4060,1470,14 2 7,22.5,1527425,140.67 106.45 102
4061,1468,15 12 3,22,1527165,139.72 111.53 98
4062,1475,15 8 1,22.5,1526785,141.3 110.25 98
4063,1470,15 8 0,22.5,1526785,141.3 110.25 98
4064,1470,10 1 0,23.5,1526726,141.17 108.15 100
4065,1469,14 7 2,22.5,1526623,140.67 109.62 99
4066,1477,13 4 1,23,1526588,141.58 108.91 99
4067,1472,13 4 0,23,1526588,141.58 108.91 99
4068,1468,13 1 9,22.5,1526313,140.04 105.82 103
4069,1470,12 3 2,23,1526001,140.94 108.27 100
4070,1469,11 2 4,23,1525177,140.3 107.63 101
4071,1472,15 1 7,22.5,1525173,141.3 105.82 102
4072,1471,15 6 2,22.5,1524636,141.3 108.99 99
4073,1473,11 0 0,23.5,1524545,141.82 107.5 100
4074,1479,14 3 1,23,1524475,142.22 108.27 99
4075,1474,14 3 0,23,1524475,142.22 108.27 99
4076,1469,14 5 4,22.5,1524216,140.67 108.35 100
4077,1470,14 0 9,22.5,1524038,140.67 105.19 103
4078,1473,13 2 2,23,1523867,141.58 107.63 100
4079,1471,12 1 4,23,1523022,140.94 106.99 101
4080,1481,15 2 1,23,1522281,142.87 107.63 99
4081,1476,15 2 0,23,1522281,142.87 107.63 99
4082,1472,15 4 4,22.5,1522129,141.3 107.72 100
4083,1475,14 1 2,23,1521651,142.22 106.99 100
4084,1473,13 0 4,23,1520783,141.58 106.35 101
4085,1468,14 8 1,22.5,1519938,140.67 110.25 98
4086,1470,12 4 1,23,1519681,140.94 108.91 99
4087,1477,15 0 2,23,1519352,142.87 106.35 100
4088,1470,15 7 1,22.5,1518010,141.3 109.62 98
4089,1472,13 3 1,23,1517608,141.58 108.27 99
4090,1475,14 2 1,23,1515455,142.22 107.63 99
4091,1470,14 2 0,23,1515455,142.22 107.63 99
4092,1477,15 1 1,23,1513220,142.87 106.99 99
4093,1472,15 1 0,23,1513220,142.87 106.99 99
4094,1470,14 0 2,23,1512539,142.22 106.35 100
4095,1470,14 1 1,23,1506434,142.22 106.99 99
4096,1472,15 0 1,23,1504159,142.87 106.35 99
